   0.0203622   0.0000000   0.0000000   0.0000000   0.0000000   0.0000000   0.0000000   0.0000000   0.0000000   0.0000000   0.0000000
   0.0407244   0.0000000   0.0000000   0.0000000   0.0000000   0.0000000   0.0000000   0.0000000   0.0000000   0.0000000   0.0000000
   0.0610866   0.0000000   0.0000000   0.0000000   0.0000000   0.0000000   0.0000000   0.0000000   0.0000000   0.0000000   0.0000000
   0.0814488   0.0000000   0.0000000   0.0000000   0.0000000   0.0000000   0.0000000   0.0000000   0.0000000   0.0000000   0.0000000
   0.1018110   0.0000000   0.0000000   0.0000000   0.0000000   0.0000000   0.0000000   0.0000000   0.0000000   0.0000000   0.0000000
   0.1221732   0.0000000   0.0000000   0.0000000   0.0000000   0.0000000   0.0000000   0.0000000   0.0000000   0.0000000   0.0000000
   0.1425354   0.0000000   0.0000000   0.0000000   0.0000000   0.0000000   0.0000000   0.0000000   0.0000000   0.0000000   0.0000000
   0.1628977   0.0000000   0.0000000   0.0000000   0.0000000   0.0000000   0.0000000   0.0000000   0.0000000   0.0000000   0.0000000
   0.1832599   0.0000000   0.0000000   0.0000000   0.0000000   0.0000000   0.0000000   0.0000000   0.0000000   0.0000000   0.0000000
   0.2036221   0.0000000   0.0000000   0.0000000   0.0000000   0.0000000   0.0000000   0.0000000   0.0000000   0.0000000   0.0000000
   0.2239843   0.0000000   0.0000000   0.0000000   0.0000000   0.0000000   0.0000000   0.0000000   0.0000000   0.0000000   0.0000000
   0.2443465   0.0000000   0.0000000   0.0000000   0.0000000   0.0000000   0.0000000   0.0000000   0.0000000   0.0000000   0.0000000
   0.2647087   0.0000000   0.0000000   0.0000000   0.0000000   0.0000000   0.0000000   0.0000000   0.0000000   0.0000000   0.0000000
   0.2850709   0.0000000   0.0000000   0.0000000   0.0000000   0.0000000   0.0000000   0.0000000   0.0000000   0.0000000   0.0000000
   0.3054331   0.0000000   0.0000000   0.0000000   0.0000000   0.0000000   0.0000000   0.0000000   0.0000000   0.0000000   0.0000000
   0.3257953   0.0000000   0.0000000   0.0000000   0.0000000   0.0000000   0.0000000   0.0000000   0.0000000   0.0000000   0.0000000
   0.3461575   0.0000000   0.0000000   0.0000000   0.0000000   0.0000000   0.0000000   0.0000000   0.0000000   0.0000000   0.0000000
   0.3665197   0.0000000   0.0000000   0.0000000   0.0000000   0.0000000   0.0000000   0.0000000   0.0000000   0.0000000   0.0000000
   0.3868819   0.0000000   0.0000000   0.0000000   0.0000000   0.0000000   0.0000000   0.0000000   0.0000000   0.0000000   0.0000000
   0.4072441   0.0000000   0.0000000   0.0000000   0.0000000   0.0000000   0.0000000   0.0000000   0.0000000   0.0000000   0.0000000
   0.4276063   0.0000000   0.0000000   0.0000000   0.0000000   0.0000000   0.0000000   0.0000000   0.0000000   0.0000000   0.0000000
   0.4479686   0.0000000   0.0000000   0.0000000   0.0000000   0.0000000   0.0000000   0.0000000   0.0000000   0.0000000   0.0000000
   0.4683308   0.0000000   0.0000000   0.0000000   0.0000000   0.0000000   0.0000000   0.0000000   0.0000000   0.0000000   0.0000000
   0.4886930   0.0000000   0.0000000   0.0000000   0.0000000   0.0000000   0.0000000   0.0000000   0.0000000   0.0000000   0.0000000
   0.5090552   0.0000000   0.0000000   0.0000000   0.0000000   0.0000000   0.0000000   0.0000000   0.0000000   0.0000000   0.0000000
   0.5294174   0.0000000   0.0000000   0.0000000   0.0000000   0.0000000   0.0000000   0.0000000   0.0000000   0.0000000   0.0000000
   0.5497796   0.0000000   0.0000000   0.0000000   0.0000000   0.0000000   0.0000000   0.0000000   0.0000000   0.0000000   0.0000000
   0.5701418   0.0000000   0.0000000   0.0000000   0.0000000   0.0000000   0.0000000   0.0000000   0.0000000   0.0000000   0.0000000
   0.5905040   0.0000000   0.0000000   0.0000000   0.0000000   0.0000000   0.0000000   0.0000000   0.0000000   0.0000000   0.0000000
   0.6108662   0.0000000   0.0000000   0.0000000   0.0000000   0.0000000   0.0000000   0.0000000   0.0000000   0.0000000   0.0000000
   0.6312284   0.0000000   0.0000000   0.0000000   0.0000000   0.0000000   0.0000000   0.0000000   0.0000000   0.0000000   0.0000000
   0.6515906   0.0000000   0.0000000   0.0000000   0.0000000   0.0000000   0.0000000   0.0000000   0.0000000   0.0000000   0.0000000
   0.6719528   0.0000000   0.0000000   0.0000000   0.0000000   0.0000000   0.0000000   0.0000000   0.0000000   0.0000000   0.0000000
   0.6923150   0.0000000   0.0000000   0.0000000   0.0000000   0.0000000   0.0000000   0.0000000   0.0000000   0.0000000   0.0000000
   0.7126772   0.0000000   0.0000000   0.0000000   0.0000000   0.0000000   0.0000000   0.0000000   0.0000000   0.0000000   0.0000000
   0.7330395   0.0000000   0.0000000   0.0000000   0.0000000   0.0000000   0.0000000   0.0000000   0.0000000   0.0000000   0.0000000
   0.7534017   0.0000000   0.0000000   0.0000000   0.0000000   0.0000000   0.0000000   0.0000000   0.0000000   0.0000000   0.0000000
   0.7737639   0.0000000   0.0000000   0.0000000   0.0000000   0.0000000   0.0000000   0.0000000   0.0000000   0.0000000   0.0000000
   0.7941261   0.0000000   0.0000000   0.0000000   0.0000000   0.0000000   0.0000000   0.0000000   0.0000000   0.0000000   0.0000000
   0.8144883   0.0000000   0.0000000   0.0000000   0.0000000   0.0000000   0.0000000   0.0000000   0.0000000   0.0000000   0.0000000
   0.8348505   0.0000000   0.0000000   0.0000000   0.0000000   0.0000000   0.0000000   0.0000000   0.0000000   0.0000000   0.0000000
   0.8552127   0.0000000   0.0000000   0.0000000   0.0000000   0.0000000   0.0000000   0.0000000   0.0000000   0.0000000   0.0000000
   0.8755749   0.0000000   0.0000000   0.0000000   0.0000000   0.0000000   0.0000000   0.0000000   0.0000000   0.0000000   0.0000000
   0.8959371   0.0000000   0.0000000   0.0000000   0.0000000   0.0000000   0.0000000   0.0000000   0.0000000   0.0000000   0.0000000
   0.9162993   0.0000000   0.0000000   0.0000000   0.0000000   0.0000000   0.0000000   0.0000000   0.0000000   0.0000000   0.0000000
   0.9366615   0.0000000   0.0000000   0.0000000   0.0000000   0.0000000   0.0000000   0.0000000   0.0000000   0.0000000   0.0000000
   0.9570237   0.0000000   0.0000000   0.0000000   0.0000000   0.0000000   0.0000000   0.0000000   0.0000000   0.0000000   0.0000000
   0.9773859   0.0000000   0.0000000   0.0000000   0.0000000   0.0000000   0.0000000   0.0000000   0.0000000   0.0000000   0.0000000
   0.9977481   0.0000000   0.0000000   0.0000000   0.0000000   0.0000000   0.0000000   0.0000000   0.0000000   0.0000000   0.0000000
   1.0181104   0.0000000   0.0000000   0.0000000   0.0000000   0.0000000   0.0000000   0.0000000   0.0000000   0.0000000   0.0000000
   1.0384726   0.0000000   0.0000000   0.0000000   0.0000000   0.0000000   0.0000000   0.0000000   0.0000000   0.0000000   0.0000000
   1.0588348   0.0000000   0.0000000   0.0000000   0.0000000   0.0000000   0.0000000   0.0000000   0.0000000   0.0000000   0.0000000
   1.0791970   0.0000000   0.0000000   0.0000000   0.0000000   0.0000000   0.0000000   0.0000000   0.0000000   0.0000000   0.0000000
   1.0995592   0.0000000   0.0000000   0.0000000   0.0000000   0.0000000   0.0000000   0.0000000   0.0000000   0.0000000   0.0000000
   1.1199214   0.0000000   0.0000000   0.0000000   0.0000000   0.0000000   0.0000000   0.0000000   0.0000000   0.0000000   0.0000000
   1.1402836   0.0000000   0.0000000   0.0000000   0.0000000   0.0000000   0.0000000   0.0000000   0.0000000   0.0000000   0.0000000
   1.1606458   0.0000000   0.0000000   0.0000000   0.0000000   0.0000000   0.0000000   0.0000000   0.0000000   0.0000000   0.0000000
   1.1810080   0.0000000   0.0000000   0.0000000   0.0000000   0.0000000   0.0000000   0.0000000   0.0000000   0.0000000   0.0000000
   1.2013702   0.0000000   0.0000000   0.0000000   0.0000000   0.0000000   0.0000000   0.0000000   0.0000000   0.0000000   0.0000000
   1.2217324   0.0000000   0.0000000   0.0000000   0.0000000   0.0000000   0.0000000   0.0000000   0.0000000   0.0000000   0.0000000
   1.2420946   0.0000000   0.0000000   0.0000000   0.0000000   0.0000000   0.0000000   0.0000000   0.0000000   0.0000000   0.0000000
   1.2624568   0.0000000   0.0000000   0.0000000   0.0000000   0.0000000   0.0000000   0.0000000   0.0000000   0.0000000   0.0000000
   1.2828190   0.0000000   0.0000000   0.0000000   0.0000000   0.0000000   0.0000000   0.0000000   0.0000000   0.0000000   0.0000000
   1.3031813   0.0000000   0.0000000   0.0000000   0.0000000   0.0000000   0.0000000   0.0000000   0.0000000   0.0000000   0.0000000
   1.3235435   0.0000000   0.0000000   0.0000000   0.0000000   0.0000000   0.0000000   0.0000000   0.0000000   0.0000000   0.0000000
   1.3439057   0.0000000   0.0000000   0.0000000   0.0000000   0.0000000   0.0000000   0.0000000   0.0000000   0.0000000   0.0000000
   1.3642679   0.0000000   0.0000000   0.0000000   0.0000000   0.0000000   0.0000000   0.0000000   0.0000000   0.0000000   0.0000000
   1.3846301   0.0000000   0.0000000   0.0000000   0.0000000   0.0000000   0.0000000   0.0000000   0.0000000   0.0000000   0.0000000
   1.4049923   0.0000000   0.0000000   0.0000000   0.0000000   0.0000000   0.0000000   0.0000000   0.0000000   0.0000000   0.0000000
   1.4253545   0.0000000   0.0000000   0.0000000   0.0000000   0.0000000   0.0000000   0.0000000   0.0000000   0.0000000   0.0000000
   1.4457167   0.0000000   0.0000000   0.0000000   0.0000000   0.0000000   0.0000000   0.0000000   0.0000000   0.0000000   0.0000000
   1.4660789   0.0000000   0.0000000   0.0000000   0.0000000   0.0000000   0.0000000   0.0000000   0.0000000   0.0000000   0.0000000
   1.4864411   0.0000000   0.0000000   0.0000000   0.0000000   0.0000000   0.0000000   0.0000000   0.0000000   0.0000000   0.0000000
   1.5068033   0.0000000   0.0000000   0.0000000   0.0000000   0.0000000   0.0000000   0.0000000   0.0000000   0.0000000   0.0000000
   1.5271655   0.0000000   0.0000000   0.0000000   0.0000000   0.0000000   0.0000000   0.0000000   0.0000000   0.0000000   0.0000000
   1.5475277   0.0000000   0.0000000   0.0000000   0.0000000   0.0000000   0.0000000   0.0000000   0.0000000   0.0000000   0.0000000
   1.5678899   0.0000000   0.0000000   0.0000000   0.0000000   0.0000000   0.0000000   0.0000000   0.0000000   0.0000000   0.0000000
   1.5882522   0.0000000   0.0000000   0.0000000   0.0000000   0.0000000   0.0000000   0.0000000   0.0000000   0.0000000   0.0000000
   1.6086144   0.0000000   0.0000000   0.0000000   0.0000000   0.0000000   0.0000000   0.0000000   0.0000000   0.0000000   0.0000001
   1.6289766   0.0000000   0.0000000   0.0000000   0.0000000   0.0000000   0.0000000   0.0000000   0.0000000   0.0000000   0.0000001
   1.6493388   0.0000000   0.0000000   0.0000000   0.0000000   0.0000000   0.0000000   0.0000000   0.0000000   0.0000000   0.0000001
   1.6697010   0.0000000   0.0000000   0.0000000   0.0000000   0.0000000   0.0000000   0.0000000   0.0000000   0.0000000   0.0000001
   1.6900632   0.0000000   0.0000000   0.0000000   0.0000000   0.0000000   0.0000000   0.0000000   0.0000000   0.0000000   0.0000002
   1.7104254   0.0000000   0.0000000   0.0000000   0.0000000   0.0000000   0.0000000   0.0000000   0.0000000   0.0000000   0.0000003
   1.7307876   0.0000000   0.0000000   0.0000000   0.0000000   0.0000000   0.0000000   0.0000000   0.0000000   0.0000000   0.0000004
   1.7511498   0.0000000   0.0000000   0.0000000   0.0000000   0.0000000   0.0000000   0.0000000   0.0000000   0.0000000   0.0000005
   1.7715120   0.0000000   0.0000000   0.0000000   0.0000000   0.0000000   0.0000000   0.0000000   0.0000000   0.0000000   0.0000007
   1.7918742   0.0000000   0.0000000   0.0000000   0.0000000   0.0000000   0.0000000   0.0000000   0.0000000   0.0000001   0.0000009
   1.8122364   0.0000000   0.0000000   0.0000000   0.0000000   0.0000000   0.0000000   0.0000000   0.0000000   0.0000001   0.0000012
   1.8325986   0.0000000   0.0000000   0.0000000   0.0000000   0.0000000   0.0000000   0.0000000   0.0000000   0.0000001   0.0000016
   1.8529608   0.0000000   0.0000000   0.0000000   0.0000000   0.0000000   0.0000000   0.0000000   0.0000000   0.0000001   0.0000021
   1.8733231   0.0000000   0.0000000   0.0000000   0.0000000   0.0000000   0.0000000   0.0000000   0.0000000   0.0000002   0.0000027
   1.8936853   0.0000000   0.0000000   0.0000000   0.0000000   0.0000000   0.0000000   0.0000000   0.0000000   0.0000003   0.0000036
   1.9140475   0.0000000   0.0000000   0.0000000   0.0000000   0.0000000   0.0000000   0.0000000   0.0000000   0.0000004   0.0000048
   1.9344097   0.0000000   0.0000000   0.0000000   0.0000000   0.0000000   0.0000000   0.0000000   0.0000000   0.0000006   0.0000062
   1.9547719   0.0000000   0.0000000   0.0000000   0.0000000   0.0000000   0.0000000   0.0000000   0.0000000   0.0000008   0.0000081
   1.9751341   0.0000000   0.0000000   0.0000000   0.0000000   0.0000000   0.0000000   0.0000000   0.0000000   0.0000011   0.0000106
   1.9954963   0.0000000   0.0000000   0.0000000   0.0000000   0.0000000   0.0000000   0.0000000   0.0000001   0.0000015   0.0000137
   2.0158585   0.0000000   0.0000000   0.0000000   0.0000000   0.0000000   0.0000000   0.0000000   0.0000001   0.0000020   0.0000178
   2.0362207   0.0000000   0.0000000   0.0000000   0.0000000   0.0000000   0.0000000   0.0000000   0.0000002   0.0000027   0.0000229
   2.0565829   0.0000000   0.0000000   0.0000000   0.0000000   0.0000000   0.0000000   0.0000000   0.0000002   0.0000037   0.0000295
   2.0769451   0.0000000   0.0000000   0.0000000   0.0000000   0.0000000   0.0000000   0.0000000   0.0000003   0.0000050   0.0000378
   2.0973073   0.0000000   0.0000000   0.0000000   0.0000000   0.0000000   0.0000000   0.0000000   0.0000005   0.0000067   0.0000484
   2.1176695   0.0000000   0.0000000   0.0000000   0.0000000   0.0000000   0.0000000   0.0000000   0.0000007   0.0000091   0.0000616
   2.1380317   0.0000000   0.0000000   0.0000000   0.0000000   0.0000000   0.0000000   0.0000000   0.0000010   0.0000121   0.0000783
   2.1583940   0.0000000   0.0000000   0.0000000   0.0000000   0.0000000   0.0000000   0.0000000   0.0000014   0.0000161   0.0000991
   2.1787562   0.0000000   0.0000000   0.0000000   0.0000000   0.0000000   0.0000000   0.0000001   0.0000019   0.0000214   0.0001251
   2.1991184   0.0000000   0.0000000   0.0000000   0.0000000   0.0000000   0.0000000   0.0000001   0.0000027   0.0000283   0.0001575
   2.2194806   0.0000000   0.0000000   0.0000000   0.0000000   0.0000000   0.0000000   0.0000002   0.0000039   0.0000372   0.0001976
   2.2398428   0.0000000   0.0000000   0.0000000   0.0000000   0.0000000   0.0000000   0.0000003   0.0000054   0.0000489   0.0002472
   2.2602050   0.0000000   0.0000000   0.0000000   0.0000000   0.0000000   0.0000000   0.0000004   0.0000075   0.0000639   0.0003082
   2.2805672   0.0000000   0.0000000   0.0000000   0.0000000   0.0000000   0.0000000   0.0000006   0.0000104   0.0000832   0.0003832
   2.3009294   0.0000000   0.0000000   0.0000000   0.0000000   0.0000000   0.0000000   0.0000009   0.0000144   0.0001079   0.0004749
   2.3212916   0.0000000   0.0000000   0.0000000   0.0000000   0.0000000   0.0000000   0.0000013   0.0000198   0.0001395   0.0005868
   2.3416538   0.0000000   0.0000000   0.0000000   0.0000000   0.0000000   0.0000000   0.0000019   0.0000271   0.0001797   0.0007229
   2.3620160   0.0000000   0.0000000   0.0000000   0.0000000   0.0000000   0.0000001   0.0000028   0.0000369   0.0002306   0.0008877
   2.3823782   0.0000000   0.0000000   0.0000000   0.0000000   0.0000000   0.0000001   0.0000042   0.0000499   0.0002948   0.0010868
   2.4027404   0.0000000   0.0000000   0.0000000   0.0000000   0.0000000   0.0000002   0.0000061   0.0000673   0.0003754   0.0013265
   2.4231026   0.0000000   0.0000000   0.0000000   0.0000000   0.0000000   0.0000003   0.0000089   0.0000904   0.0004764   0.0016140
   2.4434649   0.0000000   0.0000000   0.0000000   0.0000000   0.0000000   0.0000005   0.0000128   0.0001208   0.0006022   0.0019579
   2.4638271   0.0000000   0.0000000   0.0000000   0.0000000   0.0000000   0.0000008   0.0000184   0.0001606   0.0007584   0.0023678
   2.4841893   0.0000000   0.0000000   0.0000000   0.0000000   0.0000000   0.0000013   0.0000262   0.0002127   0.0009515   0.0028547
   2.5045515   0.0000000   0.0000000   0.0000000   0.0000000   0.0000000   0.0000020   0.0000371   0.0002802   0.0011895   0.0034312
   2.5249137   0.0000000   0.0000000   0.0000000   0.0000000   0.0000000   0.0000031   0.0000523   0.0003676   0.0014813   0.0041115
   2.5452759   0.0000000   0.0000000   0.0000000   0.0000000   0.0000001   0.0000048   0.0000732   0.0004799   0.0018380   0.0049116
   2.5656381   0.0000000   0.0000000   0.0000000   0.0000000   0.0000001   0.0000075   0.0001020   0.0006237   0.0022720   0.0058494
   2.5860003   0.0000000   0.0000000   0.0000000   0.0000000   0.0000002   0.0000114   0.0001412   0.0008069   0.0027981   0.0069450
   2.6063625   0.0000000   0.0000000   0.0000000   0.0000000   0.0000004   0.0000173   0.0001944   0.0010390   0.0034331   0.0082206
   2.6267247   0.0000000   0.0000000   0.0000000   0.0000000   0.0000008   0.0000260   0.0002660   0.0013318   0.0041966   0.0097008
   2.6470869   0.0000000   0.0000000   0.0000000   0.0000000   0.0000013   0.0000388   0.0003618   0.0016992   0.0051108   0.0114125
   2.6674491   0.0000000   0.0000000   0.0000000   0.0000000   0.0000022   0.0000574   0.0004894   0.0021579   0.0062011   0.0133852
   2.6878113   0.0000000   0.0000000   0.0000000   0.0000000   0.0000038   0.0000843   0.0006581   0.0027280   0.0074959   0.0156511
   2.7081735   0.0000000   0.0000000   0.0000000   0.0000000   0.0000063   0.0001229   0.0008797   0.0034328   0.0090275   0.0182447
   2.7285358   0.0000000   0.0000000   0.0000000   0.0000001   0.0000105   0.0001778   0.0011692   0.0042998   0.0108316   0.0212032
   2.7488980   0.0000000   0.0000000   0.0000000   0.0000002   0.0000171   0.0002552   0.0015450   0.0053610   0.0129479   0.0245664
   2.7692602   0.0000000   0.0000000   0.0000000   0.0000004   0.0000275   0.0003634   0.0020296   0.0066534   0.0154202   0.0283764
   2.7896224   0.0000000   0.0000000   0.0000000   0.0000008   0.0000439   0.0005137   0.0026508   0.0082194   0.0182964   0.0326776
   2.8099846   0.0000000   0.0000000   0.0000000   0.0000015   0.0000693   0.0007206   0.0034420   0.0101072   0.0216285   0.0375164
   2.8303468   0.0000000   0.0000000   0.0000000   0.0000029   0.0001082   0.0010031   0.0044435   0.0123715   0.0254727   0.0429410
   2.8507090   0.0000000   0.0000000   0.0000000   0.0000055   0.0001670   0.0013859   0.0057030   0.0150733   0.0298888   0.0490007
   2.8710712   0.0000000   0.0000000   0.0000000   0.0000102   0.0002550   0.0019003   0.0072771   0.0182808   0.0349407   0.0557462
   2.8914334   0.0000000   0.0000000   0.0000001   0.0000186   0.0003852   0.0025861   0.0092318   0.0220689   0.0406952   0.0632282
   2.9117956   0.0000000   0.0000000   0.0000001   0.0000332   0.0005757   0.0034929   0.0116436   0.0265195   0.0472220   0.0714977
   2.9321578   0.0000000   0.0000000   0.0000004   0.0000583   0.0008514   0.0046823   0.0146001   0.0317212   0.0545931   0.0806046
   2.9525200   0.0000000   0.0000000   0.0000009   0.0001004   0.0012462   0.0062296   0.0182011   0.0377689   0.0628817   0.0905974
   2.9728822   0.0000000   0.0000000   0.0000022   0.0001699   0.0018052   0.0082263   0.0225585   0.0447630   0.0721614   0.1015226
   2.9932444   0.0000000   0.0000000   0.0000050   0.0002826   0.0025882   0.0107815   0.0277966   0.0528087   0.0825054   0.1134233
   3.0136067   0.0000000   0.0000000   0.0000113   0.0004622   0.0036732   0.0140247   0.0340519   0.0620148   0.0939848   0.1263388
   3.0339689   0.0000000   0.0000000   0.0000245   0.0007434   0.0051606   0.0181069   0.0414724   0.0724919   0.1066679   0.1403037
   3.0543311   0.0000000   0.0000000   0.0000514   0.0011765   0.0071777   0.0232022   0.0502164   0.0843507   0.1206182   0.1553466
   3.0746933   0.0000000   0.0000001   0.0001043   0.0018323   0.0098839   0.0295084   0.0604505   0.0977002   0.1358931   0.1714895
   3.0950555   0.0000000   0.0000003   0.0002050   0.0028097   0.0134753   0.0372470   0.0723473   0.1126450   0.1525422   0.1887468
   3.1154177   0.0000000   0.0000013   0.0003900   0.0042435   0.0181900   0.0466622   0.0860821   0.1292826   0.1706060   0.2071244
   3.1357799   0.0000000   0.0000046   0.0007190   0.0063146   0.0243119   0.0580180   0.1018292   0.1477006   0.1901135   0.2266190
   3.1561421   0.0000000   0.0000154   0.0012850   0.0092614   0.0321735   0.0715946   0.1197571   0.1679740   0.2110816   0.2472172
   3.1765043   0.0000000   0.0000471   0.0022285   0.0133922   0.0421573   0.0876829   0.1400237   0.1901614   0.2335125   0.2688947
   3.1968665   0.0000000   0.0001332   0.0037538   0.0190987   0.0546937   0.1065770   0.1627702   0.2143025   0.2573931   0.2916161
   3.2172287   0.0000000   0.0003494   0.0061488   0.0268683   0.0702559   0.1285649   0.1881150   0.2404146   0.2826930   0.3153345
   3.2375909   0.0000000   0.0008499   0.0098068   0.0372951   0.0893512   0.1539181   0.2161476   0.2684897   0.3093643   0.3399908
   3.2579531   0.0000002   0.0019209   0.0152516   0.0510862   0.1125062   0.1828787   0.2469216   0.2984924   0.3373400   0.3655142
   3.2783153   0.0000035   0.0040425   0.0231652   0.0690614   0.1402480   0.2156463   0.2804491   0.3303569   0.3665338   0.3918217
   3.2986776   0.0000385   0.0079397   0.0344204   0.0921430   0.1730792   0.2523630   0.3166944   0.3639860   0.3968401   0.4188190
   3.3190398   0.0003030   0.0145959   0.0501151   0.1213321   0.2114488   0.2930996   0.3555691   0.3992494   0.4281340   0.4464007
   3.3394020   0.0017271   0.0252040   0.0716092   0.1576684   0.2557186   0.3378413   0.3969283   0.4359836   0.4602718   0.4744508
   3.3597642   0.0071506   0.0410645   0.1005516   0.2021716   0.3061268   0.3864754   0.4405677   0.4739922   0.4930922   0.5028441
   3.3801264   0.0217113   0.0634943   0.1388846   0.2557631   0.3627515   0.4387810   0.4862225   0.5130472   0.5264175   0.5314469
   3.4004886   0.0495667   0.0938710   0.1888008   0.3191710   0.4254765   0.4944221   0.5335682   0.5528907   0.5600557   0.5601184
   3.4208508   0.0898266   0.1339515   0.2526241   0.3928236   0.4939613   0.5529441   0.5822229   0.5932381   0.5938021   0.5887123
   3.4412130   0.1405019   0.1865129   0.3325897   0.4767380   0.5676199   0.6137755   0.6317526   0.6337819   0.6274424   0.6170782
   3.4615752   0.2017046   0.2561389   0.4305135   0.5704185   0.6456101   0.6762342   0.6816771   0.6741959   0.6607553   0.6450633
   3.4819374   0.2622748   0.3496799   0.5473652   0.6727764   0.7268367   0.7395389   0.7314787   0.7141412   0.6935156   0.6725146
   3.5022996   0.3036826   0.4757229   0.6827999   0.7820859   0.8099700   0.8028266   0.7806132   0.7532711   0.7254975   0.6992803
   3.5226618   0.3486025   0.6425432   0.8347339   0.8959899   0.8934798   0.8651738   0.8285209   0.7912382   0.7564782   0.7252120
   3.5430240   0.4761388   0.8545946   0.9990763   1.0115632   0.9756853   0.9256225   0.8746401   0.8277008   0.7862411   0.7501664
   3.5633862   0.7532808   1.1084825   1.1697197   1.1254368   1.0548183   0.9832094   0.9184205   0.8623296   0.8145795   0.7740075
   3.5837484   1.1838926   1.3901275   1.3388612   1.2339780   1.1290969   1.0369967   0.9593375   0.8948143   0.8412998   0.7966081
   3.6041107   1.7331310   1.6749312   1.4976569   1.3335134   1.1968048   1.0861036   0.9969054   0.9248701   0.8662248   0.8178514
   3.6244729   2.3296903   1.9318729   1.6371354   1.4205757   1.2563718   1.1297369   1.0306909   0.9522437   0.8891966   0.8376328
   3.6448351   2.8258240   2.1307717   1.7492289   1.4921495   1.3064491   1.1672187   1.0603243   0.9767185   0.9100792   0.8558610
   3.6651973   3.0355499   2.2502072   1.8277381   1.5458900   1.3459753   1.1980109   1.0855096   0.9981190   0.9287602   0.8724591
   3.6855595   2.8728056   2.2828486   1.8690581   1.5802910   1.3742269   1.2217335   1.1060325   1.0163145   0.9451533   0.8873658
   3.7059217   2.4602929   2.2358967   1.8725383   1.5947840   1.3908512   1.2381778   1.1217657   1.0312213   0.9591988   0.9005356
   3.7262839   2.0612242   2.1266948   1.8404313   1.5897571   1.3958779   1.2473119   1.1326713   1.0428042   0.9708645   0.9119394
   3.7466461   1.8559766   1.9759987   1.7774670   1.5664960   1.3897106   1.2492804   1.1388017   1.0510768   0.9801461   0.9215648
   3.7670083   1.8071322   1.8023532   1.6901519   1.5270525   1.3730978   1.2443955   1.1402960   1.0560999   0.9870662   0.9294154
   3.7873705   1.7447837   1.6198599   1.5859303   1.4740615   1.3470873   1.2331238   1.1373755   1.0579798   0.9916737   0.9355110
   3.8077327   1.5369060   1.4391893   1.4723407   1.4105261   1.3129666   1.2160658   1.1303354   1.0568648   0.9940423   0.9398864
   3.8280949   1.1977906   1.2697235   1.3562798   1.3395961   1.2721952   1.1939319   1.1195357   1.0529412   0.9942684   0.9425908
   3.8484571   0.8705519   1.1204841   1.2434509   1.2643628   1.2263330   1.1675157   1.1053895   1.0464278   0.9924691   0.9436866
   3.8688193   0.6879382   0.9989243   1.1380384   1.1876884   1.1769697   1.1376640   1.0883506   1.0375708   0.9887789   0.9432482
   3.8891816   0.6589102   0.9084990   1.0426221   1.1120810   1.1256590   1.1052482   1.0689002   1.0266371   0.9833473   0.9413601
   3.9095438   0.7086676   0.8468516   0.9583110   1.0396201   1.0738624   1.0711356   1.0475337   1.0139081   0.9763355   0.9381161
   3.9299060   0.7814370   0.8060408   0.8850582   0.9719304   1.0229027   1.0361631   1.0247469   0.9996732   0.9679127   0.9336168
   3.9502682   0.8586881   0.7749824   0.8220847   0.9101948   0.9739301   1.0011140   1.0010241   0.9842231   0.9582537   0.9279687
   3.9706304   0.9051618   0.7431114   0.7683291   0.8551962   0.9279003   0.9666984   0.9768260   0.9678440   0.9475348   0.9212819
   3.9909926   0.8633777   0.7037667   0.7228322   0.8073742   0.8855643   0.9335382   0.9525801   0.9508112   0.9359309   0.9136685
   4.0113548   0.7251976   0.6560630   0.6849827   0.7668860   0.8474679   0.9021561   0.9286721   0.9333849   0.9236131   0.9052414
   4.0317170   0.5601378   0.6047345   0.6545843   0.7336632   0.8139596   0.8729693   0.9054389   0.9158049   0.9107452   0.8961123
   4.0520792   0.4410625   0.5582185   0.6317507   0.7074582   0.7852050   0.8462876   0.8831643   0.8982873   0.8974823   0.8863905
   4.0724414   0.3786476   0.5257451   0.6166804   0.6878801   0.7612056   0.8223144   0.8620760   0.8810218   0.8839681   0.8761816
   4.0928036   0.3459978   0.5143254   0.6093931   0.6744212   0.7418212   0.8011522   0.8423445   0.8641695   0.8703335   0.8655865
   4.1131658   0.3384728   0.5264113   0.6095152   0.6664779   0.7267922   0.7828100   0.8240838   0.8478620   0.8566956   0.8547004
   4.1335280   0.3948560   0.5588415   0.6161811   0.6633695   0.7157637   0.7672129   0.8073538   0.8322011   0.8431571   0.8436119
   4.1538902   0.5562831   0.6035080   0.6280772   0.6643583   0.7083082   0.7542132   0.7921640   0.8172597   0.8298054   0.8324028
   4.1742525   0.7877666   0.6497845   0.6436090   0.6686725   0.7039469   0.7436031   0.7784782   0.8030826   0.8167129   0.8211475
   4.1946147   0.9545477   0.6880628   0.6611342   0.6755310   0.7021699   0.7351264   0.7662202   0.7896892   0.8039377   0.8099129
   4.2149769   0.9357971   0.7130221   0.6791895   0.6841706   0.7024536   0.7284914   0.7552803   0.7770755   0.7915241   0.7987583
   4.2353391   0.7670599   0.7251126   0.6966484   0.6938693   0.7042762   0.7233824   0.7455216   0.7652173   0.7795034   0.7877361
   4.2557013   0.6080732   0.7294907   0.7127738   0.7039676   0.7071307   0.7194717   0.7367875   0.7540736   0.7678955   0.7768911
   4.2760635   0.5729479   0.7329859   0.7271716   0.7138822   0.7105357   0.7164294   0.7289085   0.7435901   0.7567103   0.7662621
   4.2964257   0.6444805   0.7407208   0.7396779   0.7231137   0.7140435   0.7139326   0.7217085   0.7337026   0.7459494   0.7558815
   4.3167879   0.7406913   0.7540646   0.7502312   0.7312464   0.7172460   0.7116743   0.7150117   0.7243410   0.7356073   0.7457766
   4.3371501   0.8132291   0.7706848   0.7587738   0.7379432   0.7197792   0.7093696   0.7086484   0.7154326   0.7256738   0.7359697
   4.3575123   0.8618040   0.7862650   0.7652084   0.7429362   0.7213258   0.7067626   0.7024598   0.7069055   0.7161352   0.7264794
   4.3778745   0.8840046   0.7967301   0.7694080   0.7460148   0.7216163   0.7036305   0.6963033   0.6986915   0.7069759   0.7173208
   4.3982367   0.8639190   0.7998630   0.7712567   0.7470136   0.7204301   0.6997884   0.6900560   0.6907288   0.6981805   0.7085065
   4.4185989   0.8105993   0.7957849   0.7706913   0.7458016   0.7175960   0.6950914   0.6836178   0.6829644   0.6897342   0.7000473
   4.4389611   0.7658496   0.7864316   0.7677159   0.7422736   0.7129924   0.6894378   0.6769137   0.6753560   0.6816248   0.6919527
   4.4593234   0.7573719   0.7745385   0.7623808   0.7363457   0.7065485   0.6827694   0.6698953   0.6678729   0.6738434   0.6842314
   4.4796856   0.7611133   0.7626436   0.7547304   0.7279541   0.6982453   0.6750727   0.6625414   0.6604975   0.6663851   0.6768918
   4.5000478   0.7396351   0.7523765   0.7447415   0.7170604   0.6881173   0.6663781   0.6548580   0.6532251   0.6592495   0.6699426
   4.5204100   0.7064464   0.7440674   0.7322781   0.7036602   0.6762541   0.6567585   0.6468769   0.6460644   0.6524411   0.6633930
   4.5407722   0.7055147   0.7366393   0.7170840   0.6877974   0.6628023   0.6463275   0.6386546   0.6390366   0.6459693   0.6572526
   4.5611344   0.7416970   0.7278070   0.6988238   0.6695814   0.6479658   0.6352358   0.6302697   0.6321746   0.6398484   0.6515319
   4.5814966   0.7776088   0.7146298   0.6771675   0.6492062   0.6320053   0.6236670   0.6218201   0.6255218   0.6340971   0.6462422
   4.6018588   0.7807993   0.6943361   0.6519035   0.6269677   0.6152358   0.6118326   0.6134195   0.6191306   0.6287380   0.6413951
   4.6222210   0.7418148   0.6651544   0.6230541   0.6032772   0.5980214   0.5999660   0.6051938   0.6130603   0.6237971   0.6370031
   4.6425832   0.6689151   0.6268193   0.5909699   0.5786678   0.5807673   0.5883150   0.5972766   0.6073755   0.6193027   0.6330787
   4.6629454   0.5883168   0.5805870   0.5563824   0.5537908   0.5639090   0.5771346   0.5898054   0.6021439   0.6152850   0.6296342
   4.6833076   0.5268770   0.5288686   0.5204045   0.5293995   0.5478979   0.5666790   0.5829171   0.5974340   0.6117746   0.6266818
   4.7036698   0.4809326   0.4747557   0.4844797   0.5063219   0.5331850   0.5571926   0.5767438   0.5933131   0.6088020   0.6242325
   4.7240320   0.4226439   0.4216454   0.4502881   0.4854208   0.5202027   0.5489027   0.5714086   0.5898454   0.6063961   0.6222963
   4.7443943   0.3416691   0.3729704   0.4196246   0.4675442   0.5093450   0.5420111   0.5670228   0.5870901   0.6045837   0.6208814
   4.7647565   0.2610874   0.3319101   0.3942638   0.4534708   0.5009494   0.5366875   0.5636817   0.5850995   0.6033886   0.6199937
   4.7851187   0.2106787   0.3010342   0.3758236   0.4438531   0.4952793   0.5330636   0.5614628   0.5839177   0.6028302   0.6196369
   4.8054809   0.2010837   0.2820226   0.3656355   0.4391658   0.4925104   0.5312291   0.5604240   0.5835797   0.6029233   0.6198114
   4.8258431   0.2226659   0.2756962   0.3646248   0.4396621   0.4927204   0.5312290   0.5606018   0.5841098   0.6036775   0.6205148
   4.8462053   0.2547872   0.2824432   0.3732032   0.4453464   0.4958847   0.5330631   0.5620115   0.5855218   0.6050960   0.6217405
   4.8665675   0.2761372   0.3028015   0.3911803   0.4559641   0.5018775   0.5366869   0.5646470   0.5878181   0.6071760   0.6234786
   4.8869297   0.2790031   0.3377017   0.4177078   0.4710127   0.5104787   0.5420154   0.5684823   0.5909899   0.6099079   0.6257149
   4.9072919   0.2797997   0.3879401   0.4512773   0.4897742   0.5213867   0.5489277   0.5734727   0.5950172   0.6132752   0.6284310
   4.9276541   0.3121459   0.4528722   0.4897930   0.5113660   0.5342358   0.5572734   0.5795568   0.5998697   0.6172549   0.6316043
   4.9480163   0.4090720   0.5289066   0.5307368   0.5348066   0.5486168   0.5668803   0.5866593   0.6055067   0.6218168   0.6352080
   4.9683785   0.5821278   0.6087498   0.5714222   0.5590886   0.5641011   0.5775624   0.5946936   0.6118787   0.6269244   0.6392112
   4.9887407   0.7971432   0.6822139   0.6093095   0.5832525   0.5802634   0.5891282   0.6035643   0.6189276   0.6325350   0.6435788
   5.0091029   0.9788133   0.7387088   0.6423300   0.6064532   0.5967053   0.6013894   0.6131702   0.6265879   0.6385997   0.6482722
   5.0294652   1.0570929   0.7706176   0.6691518   0.6280121   0.6130747   0.6141673   0.6234070   0.6347876   0.6450643   0.6532490
   5.0498274   1.0034074   0.7761190   0.6893219   0.6474501   0.6290827   0.6272998   0.6341689   0.6434492   0.6518696   0.6584638
   5.0701896   0.8407596   0.7600981   0.7032467   0.6645011   0.6445147   0.6406454   0.6453509   0.6524907   0.6589521   0.6638683
   5.0905518   0.6473670   0.7326073   0.7120083   0.6791048   0.6592368   0.6540864   0.6568499   0.6618261   0.6662444   0.6694119
   5.1109140   0.5211524   0.7054780   0.7170627   0.6913851   0.6731963   0.6675294   0.6685652   0.6713664   0.6736763   0.6750423
   5.1312762   0.5075299   0.6885023   0.7198957   0.7016178   0.6864175   0.6809043   0.6803992   0.6810205   0.6811749   0.6807059
   5.1516384   0.5739674   0.6866616   0.7217261   0.7101945   0.6989920   0.6941614   0.6922567   0.6906953   0.6886658   0.6863482
   5.1720006   0.6575837   0.6992369   0.7233319   0.7175874   0.7110650   0.7072665   0.7040445   0.7002967   0.6960737   0.6919149
   5.1923628   0.7235893   0.7207631   0.7250369   0.7243184   0.7228183   0.7201954   0.7156699   0.7097301   0.7033232   0.6973520
   5.2127250   0.7829166   0.7432053   0.7268495   0.7309337   0.7344510   0.7329264   0.7270404   0.7189009   0.7103397   0.7026071
   5.2330872   0.8582712   0.7586029   0.7287001   0.7379813   0.7461584   0.7454337   0.7380616   0.7277150   0.7170501   0.7076294
   5.2534494   0.9263173   0.7615372   0.7306995   0.7459891   0.7581109   0.7576800   0.7486367   0.7360796   0.7233838   0.7123707
   5.2738116   0.9154381   0.7508695   0.7333337   0.7554406   0.7704337   0.7696101   0.7586657   0.7439038   0.7292733   0.7167861
   5.2941738   0.7920144   0.7302471   0.7375361   0.7667437   0.7831882   0.7811458   0.7680445   0.7510995   0.7346557   0.7208347
   5.3145361   0.6220499   0.7071112   0.7446089   0.7801937   0.7963568   0.7921817   0.7766658   0.7575825   0.7394728   0.7244800
   5.3348983   0.5120809   0.6904619   0.7560114   0.7959313   0.8098317   0.8025846   0.7844193   0.7632733   0.7436728   0.7276907
   5.3552605   0.5114830   0.6882133   0.7730625   0.8139006   0.8234096   0.8121929   0.7911933   0.7680988   0.7472105   0.7304411
   5.3756227   0.5876457   0.7051789   0.7966236   0.8338129   0.8367921   0.8208207   0.7968770   0.7719932   0.7500488   0.7327120
   5.3959849   0.6750679   0.7423582   0.8268297   0.8551250   0.8495931   0.8282622   0.8013629   0.7748998   0.7521589   0.7344907
   5.4163471   0.7451699   0.7974767   0.8629184   0.8770363   0.8613534   0.8342996   0.8045500   0.7767723   0.7535216   0.7357714
   5.4367093   0.8249969   0.8661588   0.9031881   0.8985131   0.8715617   0.8387122   0.8063480   0.7775764   0.7541277   0.7365561
   5.4570715   0.9327482   0.9429983   0.9450890   0.9183391   0.8796816   0.8412872   0.8066805   0.7772915   0.7539786   0.7368540
   5.4774337   1.0374177   1.0221039   0.9854338   0.9351911   0.8851822   0.8418306   0.8054894   0.7759118   0.7530871   0.7366822
   5.4977959   1.1223497   1.0971458   1.0207006   0.9477358   0.8875719   0.8401792   0.8027386   0.7734479   0.7514772   0.7360656
   5.5181581   1.2181469   1.1612502   1.0473919   0.9547368   0.8864315   0.8362110   0.7984179   0.7699273   0.7491849   0.7350367
   5.5385203   1.3287547   1.2071652   1.0624094   0.9551631   0.8814451   0.8298552   0.7925455   0.7653960   0.7462577   0.7336355
   5.5588825   1.4075842   1.2279799   1.0634009   0.9482862   0.8724262   0.8210996   0.7851705   0.7599179   0.7427546   0.7319092
   5.5792447   1.4265274   1.2183960   1.0490358   0.9337560   0.8593360   0.8099967   0.7763747   0.7535760   0.7387459   0.7299115
   5.5996070   1.3913774   1.1762169   1.0191723   0.9116459   0.8422938   0.7966660   0.7662730   0.7464712   0.7343126   0.7277027
   5.6199692   1.2949267   1.1034737   0.9748919   0.8824628   0.8215774   0.7812939   0.7550126   0.7387219   0.7295452   0.7253483
   5.6403314   1.1183643   1.0065743   0.9183938   0.8471189   0.7976133   0.7641311   0.7427722   0.7304628   0.7245432   0.7229188
   5.6606936   0.8810594   0.8951480   0.8527698   0.8068696   0.7709587   0.7454865   0.7297593   0.7218434   0.7194138   0.7204884
   5.6810558   0.6525866   0.7798112   0.7816920   0.7632218   0.7422749   0.7257195   0.7162064   0.7130258   0.7142704   0.7181344
   5.7014180   0.5046056   0.6696687   0.7090637   0.7178234   0.7122957   0.7052295   0.7023674   0.7041826   0.7092311   0.7159362
   5.7217802   0.4565329   0.5706235   0.6386774   0.6723433   0.6817937   0.6844453   0.6885126   0.6954939   0.7044170   0.7139738
   5.7421424   0.4601992   0.4852493   0.5739142   0.6283562   0.6515450   0.6638121   0.6749227   0.6871446   0.6999507   0.7123270
   5.7625046   0.4386239   0.4141618   0.5175041   0.5872405   0.6222975   0.6437803   0.6618841   0.6793212   0.6959539   0.7110743
   5.7828668   0.3540304   0.3579797   0.4713509   0.5501022   0.5947441   0.6247927   0.6496819   0.6722084   0.6925458   0.7102915
   5.8032290   0.2353625   0.3186208   0.4364207   0.5177289   0.5695014   0.6072745   0.6385950   0.6659861   0.6898413   0.7100506
   5.8235912   0.1385664   0.2990703   0.4126997   0.4905795   0.5470971   0.5916234   0.6288896   0.6608257   0.6879487   0.7104188
   5.8439534   0.1014968   0.3016632   0.3992304   0.4688083   0.5279639   0.5782016   0.6208143   0.6568872   0.6869679   0.7114571
   5.8643156   0.1416161   0.3257917   0.3942465   0.4523188   0.5124407   0.5673296   0.6145950   0.6543160   0.6869891   0.7132195
   5.8846779   0.2643804   0.3663231   0.3954154   0.4408403   0.5007794   0.5592813   0.6104306   0.6532401   0.6880905   0.7157523
   5.9050401   0.4452526   0.4137132   0.4001835   0.4340155   0.4931553   0.5542812   0.6084891   0.6537679   0.6903373   0.7190927
   5.9254023   0.6179920   0.4560252   0.4061864   0.4314877   0.4896790   0.5525019   0.6089049   0.6559857   0.6937801   0.7232683
   5.9457645   0.7153097   0.4822020   0.4116624   0.4329748   0.4904090   0.5540642   0.6117757   0.6599559   0.6984542   0.7282968
   5.9661267   0.7149126   0.4853934   0.4157862   0.4383204   0.4953607   0.5590364   0.6171617   0.6657159   0.7043784   0.7341852
   5.9864889   0.6269275   0.4651232   0.4188457   0.4475155   0.5045142   0.5674352   0.6250839   0.6732774   0.7115548   0.7409295
   6.0068511   0.4752192   0.4275684   0.4222113   0.4606873   0.5178167   0.5792268   0.6355243   0.6826251   0.7199682   0.7485147
   6.0272133   0.3099031   0.3839576   0.4280872   0.4780595   0.5351821   0.5943285   0.6484259   0.6937177   0.7295865   0.7569149
   6.0475755   0.1876629   0.3477235   0.4390874   0.4998909   0.5564870   0.6126097   0.6636938   0.7064877   0.7403604   0.7660932
   6.0679377   0.1288243   0.3313388   0.4577184   0.5264023   0.5815652   0.6338940   0.6811970   0.7208428   0.7522245   0.7760022
   6.0882999   0.1251953   0.3436678   0.4858752   0.5577052   0.6102007   0.6579616   0.7007700   0.7366669   0.7650978   0.7865846
   6.1086621   0.1787388   0.3883470   0.5244534   0.5937446   0.6421222   0.6845513   0.7222159   0.7538218   0.7788849   0.7977733
   6.1290243   0.3017795   0.4633573   0.5731572   0.6342620   0.6769989   0.7133637   0.7453092   0.7721497   0.7934771   0.8094931
   6.1493865   0.4841652   0.5617010   0.6305377   0.6787878   0.7144393   0.7440650   0.7697996   0.7914753   0.8087540   0.8216606
   6.1697488   0.6888238   0.6729478   0.6942461   0.7266593   0.7539940   0.7762909   0.7954158   0.8116086   0.8245854   0.8341859
   6.1901110   0.8798570   0.7853132   0.7614428   0.7770614   0.7951614   0.8096519   0.8218696   0.8323476   0.8408326   0.8469731
   6.2104732   1.0306737   0.8878810   0.8292700   0.8290824   0.8373969   0.8437390   0.8488609   0.8534820   0.8573508   0.8599221
   6.2308354   1.1273978   0.9725888   0.8952868   0.8817729   0.8801247   0.8781299   0.8760821   0.8747958   0.8739907   0.8729293
   6.2511976   1.1855311   1.0356590   0.9577763   0.9342007   0.9227509   0.9123964   0.9032231   0.8960708   0.8906010   0.8858889
   6.2715598   1.2145962   1.0782319   1.0158671   0.9854930   0.9646784   0.9461111   0.9299763   0.9170900   0.9070299   0.8986943
   6.2919220   1.1834275   1.1060052   1.0694548   1.0348618   1.0053206   0.9788557   0.9560415   0.9376406   0.9231274   0.9112392
   6.3122842   1.0888450   1.1277826   1.1189561   1.0816134   1.0441149   1.0102282   0.9811308   0.9575172   0.9387473   0.9234189
   6.3326464   1.0054875   1.1530694   1.1649677   1.1251447   1.0805352   1.0398505   1.0049729   0.9765245   0.9537487   0.9351313
   6.3530086   1.0076119   1.1892309   1.2079232   1.1649314   1.1141021   1.0673753   1.0273176   0.9944802   0.9679981   0.9462781
   6.3733708   1.0957922   1.2390603   1.2478359   1.2005152   1.1443923   1.0924924   1.0479395   1.0112174   0.9813705   0.9567658
   6.3937330   1.2332184   1.2996532   1.2841930   1.2314943   1.1710458   1.1149347   1.0666412   1.0265863   0.9937509   0.9665064
   6.4140952   1.4004339   1.3631229   1.3160199   1.2575220   1.1937722   1.1344824   1.0832561   1.0404561   1.0050357   0.9754185
   6.4344574   1.5736727   1.4190338   1.3420894   1.2783129   1.2123546   1.1509667   1.0976504   1.0527161   1.0151329   0.9834278
   6.4548197   1.6928426   1.4577402   1.3612096   1.2936553   1.2266535   1.1642724   1.1097244   1.0632769   1.0239637   0.9904676
   6.4751819   1.7027502   1.4734138   1.3725047   1.3034272   1.2366086   1.1743387   1.1194131   1.0720704   1.0314620   0.9964794
   6.4955441   1.6043709   1.4656387   1.3756136   1.3076119   1.2422387   1.1811590   1.1266859   1.0790498   1.0375752   1.0014132
   6.5159063   1.4530921   1.4390460   1.3707541   1.3063081   1.2436414   1.1847799   1.1315455   1.0841893   1.0422640   1.0052274
   6.5362685   1.3273819   1.4013109   1.3586464   1.2997347   1.2409895   1.1852978   1.1340266   1.0874834   1.0455019   1.0078893
   6.5566307   1.2756570   1.3604848   1.3403292   1.2882276   1.2345266   1.1828552   1.1341931   1.0889451   1.0472753   1.0093747
   6.5769929   1.2756069   1.3227372   1.3169306   1.2722305   1.2245600   1.1776357   1.1321350   1.0886050   1.0475821   1.0096680
   6.5973551   1.2690707   1.2911323   1.2894661   1.2522803   1.2114527   1.1698578   1.1279655   1.0865090   1.0464317   1.0087617
   6.6177173   1.2346618   1.2654452   1.2587213   1.2289908   1.1956118   1.1597677   1.1218158   1.0827164   1.0438433   1.0066562
   6.6380795   1.2055183   1.2426795   1.2252498   1.2030334   1.1774773   1.1476322   1.1138320   1.0772976   1.0398457   1.0033597
   6.6584417   1.2210559   1.2180271   1.1894782   1.1751183   1.1575081   1.1337302   1.1041696   1.0703320   1.0344755   0.9988872
   6.6788039   1.2727966   1.1862386   1.1518755   1.1459725   1.1361678   1.1183445   1.0929893   1.0619051   1.0277764   0.9932606
   6.6991661   1.3021313   1.1433612   1.1131253   1.1163176   1.1139110   1.1017538   1.0804524   1.0521067   1.0197980   0.9865075
   6.7195283   1.2473816   1.0884705   1.0742340   1.0868433   1.0911682   1.0842246   1.0667163   1.0410287   1.0105946   0.9786615
   6.7398906   1.0916975   1.0246976   1.0365256   1.0581797   1.0683335   1.0660036   1.0519306   1.0287625   1.0002245   0.9697611
   6.7602528   0.8870672   0.9589339   1.0015066   1.0308692   1.0457527   1.0473114   1.0362338   1.0153980   0.9887486   0.9598493
   6.7806150   0.7299968   0.9001655   0.9706237   1.0053406   1.0237134   1.0283365   1.0197495   1.0010213   0.9762300   0.9489735
   6.8009772   0.6806739   0.8570475   0.9449707   0.9818908   1.0024379   1.0092308   1.0025852   0.9857141   0.9627332   0.9371844
   6.8213394   0.7076242   0.8355804   0.9250276   0.9606748   0.9820777   0.9901066   0.9848298   0.9695526   0.9483235   0.9245363
   6.8417016   0.7347284   0.8374823   0.9105110   0.9417092   0.9627115   0.9710346   0.9665535   0.9526070   0.9330664   0.9110860
   6.8620638   0.7382464   0.8594205   0.9003940   0.9248865   0.9443446   0.9520438   0.9478074   0.9349418   0.9170278   0.8968933
   6.8824260   0.7797676   0.8931405   0.8931109   0.9099991   0.9269111   0.9331224   0.9286247   0.9166154   0.9002735   0.8820201
   6.9027882   0.9322084   0.9267264   0.8869087   0.8967675   0.9102781   0.9142212   0.9090223   0.8976813   0.8828692   0.8665301
   6.9231504   1.1640902   0.9472832   0.8802620   0.8848670   0.8942510   0.8952576   0.8890032   0.8781889   0.8648810   0.8504893
   6.9435126   1.3171095   0.9447946   0.8722380   0.8739458   0.8785812   0.8761213   0.8685596   0.8581847   0.8463754   0.8339651
   6.9638748   1.2459565   0.9159650   0.8627047   0.8636327   0.8629753   0.8566817   0.8476767   0.8377135   0.8274193   0.8170265
   6.9842370   0.9734880   0.8662589   0.8523076   0.8535317   0.8471051   0.8367954   0.8263365   0.8168204   0.8080811   0.7997437
   7.0045992   0.6648556   0.8088144   0.8422053   0.8432071   0.8306208   0.8163154   0.8045220   0.7955519   0.7884301   0.7821886
   7.0249614   0.4691310   0.7603155   0.8336204   0.8321653   0.8131646   0.7951006   0.7822220   0.7739579   0.7685379   0.7644339
   7.0453237   0.4243606   0.7353971   0.8273235   0.8198424   0.7943875   0.7730253   0.7594349   0.7520932   0.7484779   0.7465532
   7.0656859   0.4896241   0.7417662   0.8231929   0.8056045   0.7739665   0.7499884   0.7361730   0.7300187   0.7283260   0.7286213
   7.0860481   0.6199819   0.7777061   0.8199809   0.7887684   0.7516243   0.7259225   0.7124658   0.7078027   0.7081607   0.7107133
   7.1064103   0.7947930   0.8324901   0.8153676   0.7686451   0.7271479   0.7008016   0.6883631   0.6855217   0.6880629   0.6929049
   7.1267725   0.9909535   0.8892227   0.8063043   0.7446031   0.7004078   0.6746473   0.6639366   0.6632611   0.6681163   0.6752718
   7.1471347   1.1663450   0.9291248   0.7895760   0.7161445   0.6713745   0.6475337   0.6392821   0.6411149   0.6484067   0.6578897
   7.1674969   1.2768482   0.9361687   0.7624499   0.6829826   0.6401307   0.6195898   0.6145187   0.6191860   0.6290222   0.6408336
   7.1878591   1.2749378   0.9009944   0.7232592   0.6451101   0.6068803   0.5909994   0.5897888   0.5975853   0.6100520   0.6241777
   7.2082213   1.1156622   0.8231234   0.6717861   0.6028425   0.5719493   0.5619990   0.5652560   0.5764305   0.5915864   0.6079949
   7.2285835   0.8221956   0.7108008   0.6093641   0.5568330   0.5357812   0.5328731   0.5411023   0.5558448   0.5737156   0.5923561
   7.2489457   0.5036258   0.5784697   0.5386886   0.5080509   0.4989246   0.5039468   0.5175248   0.5359551   0.5565289   0.5773301
   7.2693079   0.2608541   0.4427209   0.4633950   0.4577275   0.4620141   0.4755767   0.4947307   0.5168898   0.5401138   0.5629826
   7.2896701   0.1169859   0.3181389   0.3875094   0.4072768   0.4257455   0.4481396   0.4729327   0.4987768   0.5245548   0.5493763
   7.3100323   0.0451648   0.2144146   0.3148969   0.3581986   0.3908461   0.4220204   0.4523436   0.4817405   0.5099324   0.5365697
   7.3303946   0.0143846   0.1354309   0.2488171   0.3119791   0.3580434   0.3975993   0.4331698   0.4658999   0.4963218   0.5246172
   7.3507568   0.0035880   0.0801458   0.1916567   0.2699977   0.3280322   0.3752380   0.4156067   0.4513655   0.4837922   0.5135682
   7.3711190   0.0006742   0.0444835   0.1448598   0.2334491   0.3014442   0.3552677   0.3998321   0.4382372   0.4724052   0.5034668
   7.3914812   0.0000933   0.0233287   0.1090295   0.2032878   0.2788202   0.3379772   0.3860020   0.4266020   0.4622143   0.4943516
   7.4118434   0.0000094   0.0120205   0.0841415   0.1801933   0.2605880   0.3236031   0.3742455   0.4165322   0.4532642   0.4862551
   7.4322056   0.0000009   0.0071699   0.0697953   0.1645578   0.2470461   0.3123219   0.3646613   0.4080834   0.4455895   0.4792036
   7.4525678   0.0000030   0.0069415   0.0654353   0.1564902   0.2383546   0.3042445   0.3573154   0.4012936   0.4392149   0.4732172
   7.4729300   0.0000306   0.0110430   0.0704917   0.1558334   0.2345325   0.2994133   0.3522385   0.3961820   0.4341544   0.4683092
   7.4932922   0.0002282   0.0205893   0.0844178   0.1621904   0.2354630   0.2978023   0.3494261   0.3927493   0.4304116   0.4644869
   7.5136544   0.0012509   0.0378588   0.1066321   0.1749567   0.2409035   0.2993187   0.3488386   0.3909770   0.4279797   0.4617510
   7.5340166   0.0051677   0.0658214   0.1363966   0.1933568   0.2505017   0.3038082   0.3504029   0.3908288   0.4268415   0.4600963
   7.5543788   0.0168242   0.1072960   0.1726805   0.2164858   0.2638154   0.3110615   0.3540147   0.3922509   0.4269705   0.4595116
   7.5747410   0.0458837   0.1637318   0.2140650   0.2433543   0.2803345   0.3208223   0.3595418   0.3951741   0.4283312   0.4599806
   7.5951032   0.1100064   0.2338865   0.2587356   0.2729366   0.2995046   0.3327975   0.3668285   0.3995154   0.4308805   0.4614819
   7.6154655   0.2322557   0.3129579   0.3045882   0.3042214   0.3207501   0.3466668   0.3756998   0.4051802   0.4345680   0.4639897
   7.6358277   0.4178302   0.3927928   0.3494428   0.3362596   0.3434960   0.3620938   0.3859667   0.4120646   0.4393380   0.4674743
   7.6561899   0.6220479   0.4634926   0.3913275   0.3682078   0.3671869   0.3787361   0.3974312   0.4200583   0.4451304   0.4719031
   7.6765521   0.7605224   0.5161097   0.4287668   0.3993605   0.3913032   0.3962551   0.4098920   0.4290471   0.4518819   0.4772405
   7.6969143   0.7754264   0.5455065   0.4610007   0.4291687   0.4153737   0.4143256   0.4231494   0.4389159   0.4595278   0.4834495
   7.7172765   0.6867635   0.5522214   0.4880710   0.4572421   0.4389841   0.4326429   0.4370104   0.4495509   0.4680031   0.4904914
   7.7376387   0.5625388   0.5425346   0.5107391   0.4833351   0.4617820   0.4509303   0.4512932   0.4608429   0.4772438   0.4983271
   7.7580009   0.4530160   0.5266672   0.5302493   0.5073202   0.4834790   0.4689441   0.4658313   0.4726893   0.4871883   0.5069174
   7.7783631   0.3771441   0.5157694   0.5479876   0.5291527   0.5038506   0.4864779   0.4804771   0.4849961   0.4977785   0.5162235
   7.7987253   0.3479208   0.5187091   0.5651217   0.5488352   0.5227335   0.5033651   0.4951046   0.4976804   0.5089604   0.5262074
   7.8190875   0.3772941   0.5396174   0.5823111   0.5663868   0.5400227   0.5194807   0.5096116   0.5106710   0.5206857   0.5368326
   7.8394497   0.4671029   0.5768329   0.5995607   0.5818237   0.5556680   0.5347419   0.5239213   0.5239107   0.5329114   0.5480638
   7.8598119   0.6065939   0.6235036   0.6162494   0.5951529   0.5696701   0.5491069   0.5379832   0.5373560   0.5456011   0.5598677
   7.8801741   0.7677927   0.6696969   0.6313195   0.6063804   0.5820775   0.5625744   0.5517731   0.5509781   0.5587246   0.5722123
   7.9005364   0.8991219   0.7054414   0.6435701   0.6155307   0.5929831   0.5751808   0.5652924   0.5647625   0.5722582   0.5850678
   7.9208986   0.9408883   0.7237572   0.6519744   0.6226711   0.6025211   0.5869976   0.5785676   0.5787090   0.5861842   0.5984054
   7.9412608   0.8728076   0.7226197   0.6559409   0.6279369   0.6108639   0.5981285   0.5916483   0.5928301   0.6004905   0.6121980
   7.9616230   0.7410760   0.7051297   0.6554619   0.6315500   0.6182177   0.6087055   0.6046050   0.6071503   0.6151696   0.6264190
   7.9819852   0.6164997   0.6778804   0.6511283   0.6338254   0.6248182   0.6188855   0.6175271   0.6217045   0.6302181   0.6410425
   8.0023474   0.5417401   0.6482947   0.6440264   0.6351664   0.6309248   0.6288455   0.6305194   0.6365354   0.6456356   0.6560423
   8.0227096   0.5283839   0.6221328   0.6355582   0.6360444   0.6368142   0.6387794   0.6436991   0.6516924   0.6614229   0.6713917
   8.0430718   0.5637472   0.6021909   0.6272361   0.6369697   0.6427740   0.6488929   0.6571922   0.6672282   0.6775812   0.6870626
   8.0634340   0.6062234   0.5885532   0.6204941   0.6384550   0.6490954   0.6594000   0.6711299   0.6831964   0.6941103   0.7030247
   8.0837962   0.6139979   0.5799883   0.6165404   0.6409789   0.6560668   0.6705183   0.6856443   0.6996491   0.7110075   0.7192454
   8.1041584   0.5880507   0.5756170   0.6162584   0.6449539   0.6639689   0.6824647   0.7008643   0.7166337   0.7282654   0.7356885
   8.1245206   0.5578856   0.5759832   0.6201504   0.6507044   0.6730704   0.6954516   0.7169114   0.7341900   0.7458713   0.7523140
   8.1448828   0.5352066   0.5830415   0.6283176   0.6584575   0.6836256   0.7096818   0.7338955   0.7523478   0.7638048   0.7690771
   8.1652450   0.5151012   0.5991053   0.6404747   0.6683478   0.6958741   0.7253442   0.7519100   0.7711237   0.7820374   0.7859284
   8.1856073   0.5111542   0.6252586   0.6560046   0.6804368   0.7100406   0.7426089   0.7710280   0.7905188   0.8005307   0.8028128
   8.2059695   0.5600149   0.6600016   0.6740592   0.6947421   0.7263365   0.7616218   0.7912978   0.8105165   0.8192357   0.8196695
   8.2263317   0.6806861   0.6988865   0.6937051   0.7112747   0.7449597   0.7824992   0.8127389   0.8310807   0.8380922   0.8364320
   8.2466939   0.8325705   0.7355410   0.7140987   0.7300774   0.7660943   0.8053211   0.8353387   0.8521538   0.8570279   0.8530277
   8.2670561   0.9359002   0.7638480   0.7346618   0.7512585   0.7899067   0.8301258   0.8590491   0.8736560   0.8759586   0.8693783
   8.2874183   0.9418570   0.7804111   0.7552192   0.7750173   0.8165389   0.8569022   0.8837839   0.8954847   0.8947881   0.8854000
   8.3077805   0.8648083   0.7861582   0.7760696   0.8016536   0.8460979   0.8855844   0.9094170   0.9175142   0.9134086   0.9010040
   8.3281427   0.7558895   0.7862385   0.7979747   0.8315603   0.8786405   0.9160446   0.9357818   0.9395967   0.9317016   0.9160969
   8.3485049   0.6689295   0.7881503   0.8220781   0.8651952   0.9141551   0.9480885   0.9626708   0.9615629   0.9495386   0.9305815
   8.3688671   0.6387308   0.7988865   0.8497822   0.9030330   0.9525401   0.9814512   0.9898371   0.9832245   0.9667828   0.9443580
   8.3892293   0.6759020   0.8223768   0.8826198   0.9454981   0.9935826   1.0157949   1.0169967   1.0043760   0.9832905   0.9573243
   8.4095915   0.7799816   0.8583983   0.9221431   0.9928832   1.0369373   1.0507097   1.0438326   1.0247979   0.9989130   0.9693779
   8.4299537   0.9303576   0.9034889   0.9698287   1.0452598   1.0821095   1.0857163   1.0699993   1.0442604   1.0134988   0.9804166
   8.4503159   1.0615889   0.9535071   1.0269731   1.1023876   1.1284450   1.1202727   1.0951296   1.0625272   1.0268958   0.9903398
   8.4706782   1.1071314   1.0067314   1.0945355   1.1636346   1.1751283   1.1537840   1.1188416   1.0793599   1.0389539   0.9990501
   8.4910404   1.0747199   1.0660822   1.1728979   1.2279189   1.2211924   1.1856159   1.1407474   1.0945227   1.0495271   1.0064543
   8.5114026   1.0264823   1.1393167   1.2615408   1.2936837   1.2655404   1.2151111   1.1604621   1.1077870   1.0584763   1.0124650
   8.5317648   1.0089187   1.2367633   1.3586872   1.3589154   1.3069796   1.2416087   1.1776137   1.1189367   1.0656717   1.0170018
   8.5521270   1.0523150   1.3670656   1.4610111   1.4212124   1.3442676   1.2644655   1.1918525   1.1277723   1.0709951   1.0199923
   8.5724892   1.1981336   1.5322101   1.5635312   1.4779055   1.3761678   1.2830788   1.2028614   1.1341156   1.0743422   1.0213737
   8.5928514   1.4778424   1.7236098   1.6597980   1.5262252   1.4015105   1.2969088   1.2103641   1.1378140   1.0756246   1.0210934
   8.6132136   1.8907825   1.9210237   1.7424236   1.5635027   1.4192569   1.3054997   1.2141341   1.1387438   1.0747714   1.0191101
   8.6335758   2.3950857   2.0954241   1.8039186   1.5873877   1.4285597   1.3084993   1.2140012   1.1368133   1.0717308   1.0153944
   8.6539380   2.8580109   2.2155722   1.8377107   1.5960573   1.4288163   1.3056738   1.2098567   1.1319647   1.0664708   1.0099295
   8.6743002   3.0679464   2.2564288   1.8391502   1.5883925   1.4197101   1.2969194   1.2016573   1.1241759   1.0589806   1.0027117
   8.6946624   2.9040807   2.2064126   1.8062922   1.5641002   1.4012350   1.2822678   1.1894262   1.1134611   1.0492700   0.9937501
   8.7150246   2.4613566   2.0706989   1.7402798   1.5237620   1.3737025   1.2618861   1.1732529   1.0998700   1.0373703   0.9830671
   8.7353868   1.9436407   1.8693325   1.6452429   1.4688044   1.3377287   1.2360713   1.1532903   1.0834874   1.0233332   0.9706981
   8.7557491   1.4887245   1.6311345   1.5277317   1.4013908   1.2942030   1.2052386   1.1297506   1.0644309   1.0072300   0.9566908
   8.7761113   1.1367341   1.3860016   1.3958105   1.3242479   1.2442402   1.1699055   1.1028984   1.0428480   0.9891507   0.9411051
   8.7964735   0.8849679   1.1584227   1.2579969   1.2404477   1.1891202   1.1306712   1.0730433   1.0189135   0.9692024   0.9240119
   8.8168357   0.7136084   0.9639813   1.1222501   1.1531694   1.1302188   1.0881932   1.0405306   0.9928250   0.9475075   0.9054927
   8.8371979   0.6022139   0.8090720   0.9951719   1.0654675   1.0689371   1.0431627   1.0057320   0.9647990   0.9242015   0.8856382
   8.8575601   0.5431324   0.6928921   0.8815217   0.9800702   1.0066316   0.9962788   0.9690346   0.9350664   0.8994315   0.8645475
   8.8779223   0.5201127   0.6103535   0.7840629   0.8992258   0.9445526   0.9482247   0.9308319   0.9038678   0.8733530   0.8423265
   8.8982845   0.4992672   0.5547675   0.7036950   0.8246064   0.8837935   0.8996459   0.8915131   0.8714488   0.8461282   0.8190871
   8.9186467   0.4664655   0.5196563   0.6397837   0.7572724   0.8252533   0.8511311   0.8514548   0.8380559   0.8179236   0.7949454
   8.9390089   0.4441496   0.4995486   0.5905902   0.6976917   0.7696147   0.8031979   0.8110129   0.8039318   0.7889076   0.7700209
   8.9593711   0.4507857   0.4899863   0.5537117   0.6458035   0.7173377   0.7562830   0.7705165   0.7693121   0.7592479   0.7444348
   8.9797333   0.4712901   0.4871579   0.5264711   0.6011135   0.6686665   0.7107361   0.7302623   0.7344220   0.7291103   0.7183090
   9.0000955   0.4871258   0.4875730   0.5062217   0.5628045   0.6236496   0.6668198   0.6905117   0.6994729   0.6986560   0.6917645
   9.0204577   0.5054229   0.4880365   0.4905554   0.5298522   0.5821682   0.6247127   0.6514888   0.6646608   0.6680404   0.6649207
   9.0408200   0.5302051   0.4859563   0.4774203   0.5011321   0.5439717   0.5845163   0.6133799   0.6301647   0.6374114   0.6378942
   9.0611822   0.5373663   0.4797982   0.4651598   0.4755135   0.5087155   0.5462644   0.5763345   0.5961449   0.6069084   0.6107975
   9.0815444   0.5085287   0.4693798   0.4524949   0.4519337   0.4759996   0.5099356   0.5404676   0.5627431   0.5766610   0.5837387
   9.1019066   0.4582572   0.4557221   0.4384706   0.4294545   0.4454043   0.4754651   0.5058625   0.5300824   0.5467887   0.5568202
   9.1222688   0.4107350   0.4403752   0.4223904   0.4072986   0.4165223   0.4427583   0.4725746   0.4982672   0.5174001   0.5301387
   9.1426310   0.3804371   0.4244302   0.4037601   0.3848718   0.3889838   0.4117029   0.4406357   0.4673846   0.4885927   0.5037840
   9.1629932   0.3783341   0.4076699   0.3822591   0.3617696   0.3624764   0.3821801   0.4100581   0.4375051   0.4604529   0.4778392
   9.1833554   0.4055019   0.3883386   0.3577414   0.3377751   0.3367570   0.3540742   0.3808390   0.4086844   0.4330561   0.4523801
   9.2037176   0.4380985   0.3637536   0.3302646   0.3128458   0.3116582   0.3272804   0.3529644   0.3809642   0.4064670   0.4274751
   9.2240798   0.4379083   0.3315493   0.3001256   0.2870946   0.2870872   0.3017094   0.3264127   0.3543742   0.3807399   0.4031852
   9.2444420   0.3804476   0.2909791   0.2678839   0.2607642   0.2630216   0.2772914   0.3011578   0.3289337   0.3559194   0.3795641
   9.2648042   0.2741075   0.2436195   0.2343495   0.2341965   0.2394991   0.2539770   0.2771716   0.3046527   0.3320408   0.3566580
   9.2851664   0.1572426   0.1931152   0.2005265   0.2077985   0.2166058   0.2317363   0.2544258   0.2815336   0.3091309   0.3345062
   9.3055286   0.0694632   0.1440884   0.1675146   0.1820074   0.1944622   0.2105574   0.2328930   0.2595721   0.2872085   0.3131410
   9.3258909   0.0230679   0.1007441   0.1363858   0.1572556   0.1732085   0.1904425   0.2125477   0.2387588   0.2662852   0.2925881
   9.3462531   0.0056680   0.0657856   0.1080610   0.1339391   0.1529912   0.1714046   0.1933661   0.2190797   0.2463660   0.2728671
   9.3666153   0.0010202   0.0400179   0.0832117   0.1123911   0.1339499   0.1534628   0.1753263   0.2005169   0.2274501   0.2539917
   9.3869775   0.0001337   0.0226325   0.0622053   0.0928629   0.1162067   0.1366383   0.1584072   0.1830496   0.2095313   0.2359698
   9.4073397   0.0000127   0.0118820   0.0451005   0.0755131   0.0998584   0.1209502   0.1425882   0.1666544   0.1925988   0.2188046
   9.4277019   0.0000009   0.0057835   0.0316879   0.0604057   0.0849709   0.1064124   0.1278483   0.1513053   0.1766376   0.2024945
   9.4480641   0.0000000   0.0026072   0.0215609   0.0475151   0.0715760   0.0930304   0.1141651   0.1369746   0.1616290   0.1870336
   9.4684263   0.0000000   0.0010877   0.0141987   0.0367387   0.0596717   0.0807996   0.1015139   0.1236325   0.1475512   0.1724119
   9.4887885   0.0000000   0.0004196   0.0090453   0.0279133   0.0492238   0.0697042   0.0898676   0.1112474   0.1343795   0.1586163
   9.5091507   0.0000000   0.0001496   0.0055721   0.0208337   0.0401698   0.0597165   0.0791953   0.0997861   0.1220870   0.1456304
   9.5295129   0.0000000   0.0000493   0.0033180   0.0152711   0.0324235   0.0507977   0.0694630   0.0892138   0.1106445   0.1334350
   9.5498751   0.0000000   0.0000150   0.0019093   0.0109907   0.0258812   0.0428986   0.0606327   0.0794942   0.1000212   0.1220087
   9.5702373   0.0000000   0.0000042   0.0010614   0.0077648   0.0204270   0.0359610   0.0526630   0.0705897   0.0901848   0.1113278
   9.5905995   0.0000000   0.0000011   0.0005699   0.0053840   0.0159390   0.0299197   0.0455092   0.0624612   0.0811020   0.1013671
   9.6109618   0.0000000   0.0000003   0.0002955   0.0036634   0.0122940   0.0247040   0.0391238   0.0550689   0.0727383   0.0920999
   9.6313240   0.0000000   0.0000001   0.0001480   0.0024456   0.0093725   0.0202405   0.0334569   0.0483720   0.0650588   0.0834984
   9.6516862   0.0000000   0.0000000   0.0000715   0.0016017   0.0070615   0.0164541   0.0284574   0.0423291   0.0580279   0.0755337
   9.6720484   0.0000000   0.0000000   0.0000334   0.0010289   0.0052574   0.0132706   0.0240731   0.0368986   0.0516100   0.0681765
   9.6924106   0.0000000   0.0000000   0.0000150   0.0006482   0.0038677   0.0106178   0.0202516   0.0320386   0.0457694   0.0613970
   9.7127728   0.0000000   0.0000000   0.0000065   0.0004005   0.0028111   0.0084270   0.0169413   0.0277079   0.0404705   0.0551651
   9.7331350   0.0000000   0.0000000   0.0000027   0.0002427   0.0020186   0.0066341   0.0140918   0.0238655   0.0356783   0.0494509
   9.7534972   0.0000000   0.0000000   0.0000011   0.0001442   0.0014318   0.0051800   0.0116543   0.0204714   0.0313581   0.0442245
   9.7738594   0.0000000   0.0000000   0.0000004   0.0000840   0.0010033   0.0040114   0.0095827   0.0174869   0.0274762   0.0394564
   9.7942216   0.0000000   0.0000000   0.0000002   0.0000479   0.0006943   0.0030807   0.0078333   0.0148744   0.0239998   0.0351176
   9.8145838   0.0000000   0.0000000   0.0000001   0.0000268   0.0004746   0.0023462   0.0063655   0.0125982   0.0208968   0.0311798
   9.8349460   0.0000000   0.0000000   0.0000000   0.0000147   0.0003204   0.0017719   0.0051420   0.0106243   0.0181367   0.0276152
   9.8553082   0.0000000   0.0000000   0.0000000   0.0000079   0.0002136   0.0013269   0.0041289   0.0089205   0.0156901   0.0243971
   9.8756704   0.0000000   0.0000000   0.0000000   0.0000042   0.0001407   0.0009853   0.0032954   0.0074571   0.0135290   0.0214996
   9.8960327   0.0000000   0.0000000   0.0000000   0.0000022   0.0000914   0.0007254   0.0026142   0.0062060   0.0116268   0.0188979
   9.9163949   0.0000000   0.0000000   0.0000000   0.0000011   0.0000587   0.0005295   0.0020612   0.0051417   0.0099586   0.0165682
   9.9367571   0.0000000   0.0000000   0.0000000   0.0000005   0.0000372   0.0003832   0.0016152   0.0042407   0.0085008   0.0144879
   9.9571193   0.0000000   0.0000000   0.0000000   0.0000003   0.0000233   0.0002750   0.0012580   0.0034817   0.0072317   0.0126354
   9.9774815   0.0000000   0.0000000   0.0000000   0.0000001   0.0000144   0.0001956   0.0009737   0.0028454   0.0061308   0.0109906
   9.9978437   0.0000000   0.0000000   0.0000000   0.0000001   0.0000088   0.0001379   0.0007490   0.0023148   0.0051794   0.0095342
  10.0182059   0.0000000   0.0000000   0.0000000   0.0000000   0.0000053   0.0000964   0.0005725   0.0018744   0.0043604   0.0082484
  10.0385681   0.0000000   0.0000000   0.0000000   0.0000000   0.0000031   0.0000668   0.0004349   0.0015107   0.0036579   0.0071166
  10.0589303   0.0000000   0.0000000   0.0000000   0.0000000   0.0000018   0.0000459   0.0003283   0.0012119   0.0030577   0.0061233
  10.0792925   0.0000000   0.0000000   0.0000000   0.0000000   0.0000011   0.0000313   0.0002462   0.0009676   0.0025468   0.0052539
  10.0996547   0.0000000   0.0000000   0.0000000   0.0000000   0.0000006   0.0000211   0.0001835   0.0007689   0.0021137   0.0044955
  10.1200169   0.0000000   0.0000000   0.0000000   0.0000000   0.0000003   0.0000141   0.0001359   0.0006082   0.0017479   0.0038357
  10.1403791   0.0000000   0.0000000   0.0000000   0.0000000   0.0000002   0.0000094   0.0001000   0.0004787   0.0014401   0.0032635
  10.1607413   0.0000000   0.0000000   0.0000000   0.0000000   0.0000001   0.0000062   0.0000732   0.0003750   0.0011822   0.0027687
  10.1811036   0.0000000   0.0000000   0.0000000   0.0000000   0.0000001   0.0000040   0.0000532   0.0002924   0.0009669   0.0023422
 Integrated el-ph coupling
  #            1.6177393   1.6179791   1.6183793   1.6189410   1.6196654   1.6205543   1.6216094   1.6228311   1.6242166   1.6257599
 Phonon smearing (meV)
  #            0.0500000   0.1000000   0.1500000   0.2000000   0.2500000   0.3000000   0.3500000   0.4000000   0.4500000   0.5000000
 Electron smearing (eV)   0.0500000
 Fermi window (eV)   6.0000000
 Summed el-ph coupling    1.6176595
