   0.0203622   0.0000000   0.0000000   0.0000000   0.0000000   0.0000000   0.0000000   0.0000000   0.0000000   0.0000000   0.0000000
   0.0407244   0.0000000   0.0000000   0.0000000   0.0000000   0.0000000   0.0000000   0.0000000   0.0000000   0.0000000   0.0000000
   0.0610866   0.0000000   0.0000000   0.0000000   0.0000000   0.0000000   0.0000000   0.0000000   0.0000000   0.0000000   0.0000000
   0.0814488   0.0000000   0.0000000   0.0000000   0.0000000   0.0000000   0.0000000   0.0000000   0.0000000   0.0000000   0.0000000
   0.1018110   0.0000000   0.0000000   0.0000000   0.0000000   0.0000000   0.0000000   0.0000000   0.0000000   0.0000000   0.0000000
   0.1221732   0.0000000   0.0000000   0.0000000   0.0000000   0.0000000   0.0000000   0.0000000   0.0000000   0.0000000   0.0000000
   0.1425354   0.0000000   0.0000000   0.0000000   0.0000000   0.0000000   0.0000000   0.0000000   0.0000000   0.0000000   0.0000000
   0.1628977   0.0000000   0.0000000   0.0000000   0.0000000   0.0000000   0.0000000   0.0000000   0.0000000   0.0000000   0.0000000
   0.1832599   0.0000000   0.0000000   0.0000000   0.0000000   0.0000000   0.0000000   0.0000000   0.0000000   0.0000000   0.0000000
   0.2036221   0.0000000   0.0000000   0.0000000   0.0000000   0.0000000   0.0000000   0.0000000   0.0000000   0.0000000   0.0000000
   0.2239843   0.0000000   0.0000000   0.0000000   0.0000000   0.0000000   0.0000000   0.0000000   0.0000000   0.0000000   0.0000000
   0.2443465   0.0000000   0.0000000   0.0000000   0.0000000   0.0000000   0.0000000   0.0000000   0.0000000   0.0000000   0.0000000
   0.2647087   0.0000000   0.0000000   0.0000000   0.0000000   0.0000000   0.0000000   0.0000000   0.0000000   0.0000000   0.0000000
   0.2850709   0.0000000   0.0000000   0.0000000   0.0000000   0.0000000   0.0000000   0.0000000   0.0000000   0.0000000   0.0000000
   0.3054331   0.0000000   0.0000000   0.0000000   0.0000000   0.0000000   0.0000000   0.0000000   0.0000000   0.0000000   0.0000000
   0.3257953   0.0000000   0.0000000   0.0000000   0.0000000   0.0000000   0.0000000   0.0000000   0.0000000   0.0000000   0.0000000
   0.3461575   0.0000000   0.0000000   0.0000000   0.0000000   0.0000000   0.0000000   0.0000000   0.0000000   0.0000000   0.0000000
   0.3665197   0.0000000   0.0000000   0.0000000   0.0000000   0.0000000   0.0000000   0.0000000   0.0000000   0.0000000   0.0000000
   0.3868819   0.0000000   0.0000000   0.0000000   0.0000000   0.0000000   0.0000000   0.0000000   0.0000000   0.0000000   0.0000000
   0.4072441   0.0000000   0.0000000   0.0000000   0.0000000   0.0000000   0.0000000   0.0000000   0.0000000   0.0000000   0.0000000
   0.4276063   0.0000000   0.0000000   0.0000000   0.0000000   0.0000000   0.0000000   0.0000000   0.0000000   0.0000000   0.0000000
   0.4479686   0.0000000   0.0000000   0.0000000   0.0000000   0.0000000   0.0000000   0.0000000   0.0000000   0.0000000   0.0000000
   0.4683308   0.0000000   0.0000000   0.0000000   0.0000000   0.0000000   0.0000000   0.0000000   0.0000000   0.0000000   0.0000000
   0.4886930   0.0000000   0.0000000   0.0000000   0.0000000   0.0000000   0.0000000   0.0000000   0.0000000   0.0000000   0.0000000
   0.5090552   0.0000000   0.0000000   0.0000000   0.0000000   0.0000000   0.0000000   0.0000000   0.0000000   0.0000000   0.0000000
   0.5294174   0.0000000   0.0000000   0.0000000   0.0000000   0.0000000   0.0000000   0.0000000   0.0000000   0.0000000   0.0000000
   0.5497796   0.0000000   0.0000000   0.0000000   0.0000000   0.0000000   0.0000000   0.0000000   0.0000000   0.0000000   0.0000000
   0.5701418   0.0000000   0.0000000   0.0000000   0.0000000   0.0000000   0.0000000   0.0000000   0.0000000   0.0000000   0.0000000
   0.5905040   0.0000000   0.0000000   0.0000000   0.0000000   0.0000000   0.0000000   0.0000000   0.0000000   0.0000000   0.0000000
   0.6108662   0.0000000   0.0000000   0.0000000   0.0000000   0.0000000   0.0000000   0.0000000   0.0000000   0.0000000   0.0000000
   0.6312284   0.0000000   0.0000000   0.0000000   0.0000000   0.0000000   0.0000000   0.0000000   0.0000000   0.0000000   0.0000000
   0.6515906   0.0000000   0.0000000   0.0000000   0.0000000   0.0000000   0.0000000   0.0000000   0.0000000   0.0000000   0.0000000
   0.6719528   0.0000000   0.0000000   0.0000000   0.0000000   0.0000000   0.0000000   0.0000000   0.0000000   0.0000000   0.0000000
   0.6923150   0.0000000   0.0000000   0.0000000   0.0000000   0.0000000   0.0000000   0.0000000   0.0000000   0.0000000   0.0000000
   0.7126772   0.0000000   0.0000000   0.0000000   0.0000000   0.0000000   0.0000000   0.0000000   0.0000000   0.0000000   0.0000000
   0.7330395   0.0000000   0.0000000   0.0000000   0.0000000   0.0000000   0.0000000   0.0000000   0.0000000   0.0000000   0.0000000
   0.7534017   0.0000000   0.0000000   0.0000000   0.0000000   0.0000000   0.0000000   0.0000000   0.0000000   0.0000000   0.0000000
   0.7737639   0.0000000   0.0000000   0.0000000   0.0000000   0.0000000   0.0000000   0.0000000   0.0000000   0.0000000   0.0000000
   0.7941261   0.0000000   0.0000000   0.0000000   0.0000000   0.0000000   0.0000000   0.0000000   0.0000000   0.0000000   0.0000000
   0.8144883   0.0000000   0.0000000   0.0000000   0.0000000   0.0000000   0.0000000   0.0000000   0.0000000   0.0000000   0.0000000
   0.8348505   0.0000000   0.0000000   0.0000000   0.0000000   0.0000000   0.0000000   0.0000000   0.0000000   0.0000000   0.0000000
   0.8552127   0.0000000   0.0000000   0.0000000   0.0000000   0.0000000   0.0000000   0.0000000   0.0000000   0.0000000   0.0000000
   0.8755749   0.0000000   0.0000000   0.0000000   0.0000000   0.0000000   0.0000000   0.0000000   0.0000000   0.0000000   0.0000000
   0.8959371   0.0000000   0.0000000   0.0000000   0.0000000   0.0000000   0.0000000   0.0000000   0.0000000   0.0000000   0.0000000
   0.9162993   0.0000000   0.0000000   0.0000000   0.0000000   0.0000000   0.0000000   0.0000000   0.0000000   0.0000000   0.0000000
   0.9366615   0.0000000   0.0000000   0.0000000   0.0000000   0.0000000   0.0000000   0.0000000   0.0000000   0.0000000   0.0000000
   0.9570237   0.0000000   0.0000000   0.0000000   0.0000000   0.0000000   0.0000000   0.0000000   0.0000000   0.0000000   0.0000000
   0.9773859   0.0000000   0.0000000   0.0000000   0.0000000   0.0000000   0.0000000   0.0000000   0.0000000   0.0000000   0.0000000
   0.9977481   0.0000000   0.0000000   0.0000000   0.0000000   0.0000000   0.0000000   0.0000000   0.0000000   0.0000000   0.0000000
   1.0181104   0.0000000   0.0000000   0.0000000   0.0000000   0.0000000   0.0000000   0.0000000   0.0000000   0.0000000   0.0000000
   1.0384726   0.0000000   0.0000000   0.0000000   0.0000000   0.0000000   0.0000000   0.0000000   0.0000000   0.0000000   0.0000000
   1.0588348   0.0000000   0.0000000   0.0000000   0.0000000   0.0000000   0.0000000   0.0000000   0.0000000   0.0000000   0.0000000
   1.0791970   0.0000000   0.0000000   0.0000000   0.0000000   0.0000000   0.0000000   0.0000000   0.0000000   0.0000000   0.0000000
   1.0995592   0.0000000   0.0000000   0.0000000   0.0000000   0.0000000   0.0000000   0.0000000   0.0000000   0.0000000   0.0000000
   1.1199214   0.0000000   0.0000000   0.0000000   0.0000000   0.0000000   0.0000000   0.0000000   0.0000000   0.0000000   0.0000000
   1.1402836   0.0000000   0.0000000   0.0000000   0.0000000   0.0000000   0.0000000   0.0000000   0.0000000   0.0000000   0.0000000
   1.1606458   0.0000000   0.0000000   0.0000000   0.0000000   0.0000000   0.0000000   0.0000000   0.0000000   0.0000000   0.0000000
   1.1810080   0.0000000   0.0000000   0.0000000   0.0000000   0.0000000   0.0000000   0.0000000   0.0000000   0.0000000   0.0000000
   1.2013702   0.0000000   0.0000000   0.0000000   0.0000000   0.0000000   0.0000000   0.0000000   0.0000000   0.0000000   0.0000000
   1.2217324   0.0000000   0.0000000   0.0000000   0.0000000   0.0000000   0.0000000   0.0000000   0.0000000   0.0000000   0.0000000
   1.2420946   0.0000000   0.0000000   0.0000000   0.0000000   0.0000000   0.0000000   0.0000000   0.0000000   0.0000000   0.0000000
   1.2624568   0.0000000   0.0000000   0.0000000   0.0000000   0.0000000   0.0000000   0.0000000   0.0000000   0.0000000   0.0000000
   1.2828190   0.0000000   0.0000000   0.0000000   0.0000000   0.0000000   0.0000000   0.0000000   0.0000000   0.0000000   0.0000000
   1.3031813   0.0000000   0.0000000   0.0000000   0.0000000   0.0000000   0.0000000   0.0000000   0.0000000   0.0000000   0.0000000
   1.3235435   0.0000000   0.0000000   0.0000000   0.0000000   0.0000000   0.0000000   0.0000000   0.0000000   0.0000000   0.0000000
   1.3439057   0.0000000   0.0000000   0.0000000   0.0000000   0.0000000   0.0000000   0.0000000   0.0000000   0.0000000   0.0000000
   1.3642679   0.0000000   0.0000000   0.0000000   0.0000000   0.0000000   0.0000000   0.0000000   0.0000000   0.0000000   0.0000000
   1.3846301   0.0000000   0.0000000   0.0000000   0.0000000   0.0000000   0.0000000   0.0000000   0.0000000   0.0000000   0.0000000
   1.4049923   0.0000000   0.0000000   0.0000000   0.0000000   0.0000000   0.0000000   0.0000000   0.0000000   0.0000000   0.0000000
   1.4253545   0.0000000   0.0000000   0.0000000   0.0000000   0.0000000   0.0000000   0.0000000   0.0000000   0.0000000   0.0000000
   1.4457167   0.0000000   0.0000000   0.0000000   0.0000000   0.0000000   0.0000000   0.0000000   0.0000000   0.0000000   0.0000000
   1.4660789   0.0000000   0.0000000   0.0000000   0.0000000   0.0000000   0.0000000   0.0000000   0.0000000   0.0000000   0.0000000
   1.4864411   0.0000000   0.0000000   0.0000000   0.0000000   0.0000000   0.0000000   0.0000000   0.0000000   0.0000000   0.0000000
   1.5068033   0.0000000   0.0000000   0.0000000   0.0000000   0.0000000   0.0000000   0.0000000   0.0000000   0.0000000   0.0000000
   1.5271655   0.0000000   0.0000000   0.0000000   0.0000000   0.0000000   0.0000000   0.0000000   0.0000000   0.0000000   0.0000000
   1.5475277   0.0000000   0.0000000   0.0000000   0.0000000   0.0000000   0.0000000   0.0000000   0.0000000   0.0000000   0.0000000
   1.5678899   0.0000000   0.0000000   0.0000000   0.0000000   0.0000000   0.0000000   0.0000000   0.0000000   0.0000000   0.0000000
   1.5882522   0.0000000   0.0000000   0.0000000   0.0000000   0.0000000   0.0000000   0.0000000   0.0000000   0.0000000   0.0000000
   1.6086144   0.0000000   0.0000000   0.0000000   0.0000000   0.0000000   0.0000000   0.0000000   0.0000000   0.0000000   0.0000000
   1.6289766   0.0000000   0.0000000   0.0000000   0.0000000   0.0000000   0.0000000   0.0000000   0.0000000   0.0000000   0.0000001
   1.6493388   0.0000000   0.0000000   0.0000000   0.0000000   0.0000000   0.0000000   0.0000000   0.0000000   0.0000000   0.0000001
   1.6697010   0.0000000   0.0000000   0.0000000   0.0000000   0.0000000   0.0000000   0.0000000   0.0000000   0.0000000   0.0000001
   1.6900632   0.0000000   0.0000000   0.0000000   0.0000000   0.0000000   0.0000000   0.0000000   0.0000000   0.0000000   0.0000002
   1.7104254   0.0000000   0.0000000   0.0000000   0.0000000   0.0000000   0.0000000   0.0000000   0.0000000   0.0000000   0.0000002
   1.7307876   0.0000000   0.0000000   0.0000000   0.0000000   0.0000000   0.0000000   0.0000000   0.0000000   0.0000000   0.0000003
   1.7511498   0.0000000   0.0000000   0.0000000   0.0000000   0.0000000   0.0000000   0.0000000   0.0000000   0.0000000   0.0000004
   1.7715120   0.0000000   0.0000000   0.0000000   0.0000000   0.0000000   0.0000000   0.0000000   0.0000000   0.0000000   0.0000006
   1.7918742   0.0000000   0.0000000   0.0000000   0.0000000   0.0000000   0.0000000   0.0000000   0.0000000   0.0000000   0.0000008
   1.8122364   0.0000000   0.0000000   0.0000000   0.0000000   0.0000000   0.0000000   0.0000000   0.0000000   0.0000001   0.0000010
   1.8325986   0.0000000   0.0000000   0.0000000   0.0000000   0.0000000   0.0000000   0.0000000   0.0000000   0.0000001   0.0000013
   1.8529608   0.0000000   0.0000000   0.0000000   0.0000000   0.0000000   0.0000000   0.0000000   0.0000000   0.0000001   0.0000018
   1.8733231   0.0000000   0.0000000   0.0000000   0.0000000   0.0000000   0.0000000   0.0000000   0.0000000   0.0000002   0.0000023
   1.8936853   0.0000000   0.0000000   0.0000000   0.0000000   0.0000000   0.0000000   0.0000000   0.0000000   0.0000002   0.0000031
   1.9140475   0.0000000   0.0000000   0.0000000   0.0000000   0.0000000   0.0000000   0.0000000   0.0000000   0.0000003   0.0000041
   1.9344097   0.0000000   0.0000000   0.0000000   0.0000000   0.0000000   0.0000000   0.0000000   0.0000000   0.0000005   0.0000053
   1.9547719   0.0000000   0.0000000   0.0000000   0.0000000   0.0000000   0.0000000   0.0000000   0.0000000   0.0000007   0.0000070
   1.9751341   0.0000000   0.0000000   0.0000000   0.0000000   0.0000000   0.0000000   0.0000000   0.0000000   0.0000009   0.0000091
   1.9954963   0.0000000   0.0000000   0.0000000   0.0000000   0.0000000   0.0000000   0.0000000   0.0000001   0.0000012   0.0000118
   2.0158585   0.0000000   0.0000000   0.0000000   0.0000000   0.0000000   0.0000000   0.0000000   0.0000001   0.0000017   0.0000153
   2.0362207   0.0000000   0.0000000   0.0000000   0.0000000   0.0000000   0.0000000   0.0000000   0.0000001   0.0000023   0.0000198
   2.0565829   0.0000000   0.0000000   0.0000000   0.0000000   0.0000000   0.0000000   0.0000000   0.0000002   0.0000031   0.0000254
   2.0769451   0.0000000   0.0000000   0.0000000   0.0000000   0.0000000   0.0000000   0.0000000   0.0000003   0.0000043   0.0000326
   2.0973073   0.0000000   0.0000000   0.0000000   0.0000000   0.0000000   0.0000000   0.0000000   0.0000004   0.0000057   0.0000418
   2.1176695   0.0000000   0.0000000   0.0000000   0.0000000   0.0000000   0.0000000   0.0000000   0.0000006   0.0000077   0.0000533
   2.1380317   0.0000000   0.0000000   0.0000000   0.0000000   0.0000000   0.0000000   0.0000000   0.0000008   0.0000103   0.0000677
   2.1583940   0.0000000   0.0000000   0.0000000   0.0000000   0.0000000   0.0000000   0.0000000   0.0000012   0.0000137   0.0000859
   2.1787562   0.0000000   0.0000000   0.0000000   0.0000000   0.0000000   0.0000000   0.0000001   0.0000016   0.0000183   0.0001085
   2.1991184   0.0000000   0.0000000   0.0000000   0.0000000   0.0000000   0.0000000   0.0000001   0.0000023   0.0000242   0.0001367
   2.2194806   0.0000000   0.0000000   0.0000000   0.0000000   0.0000000   0.0000000   0.0000001   0.0000033   0.0000319   0.0001717
   2.2398428   0.0000000   0.0000000   0.0000000   0.0000000   0.0000000   0.0000000   0.0000002   0.0000046   0.0000418   0.0002150
   2.2602050   0.0000000   0.0000000   0.0000000   0.0000000   0.0000000   0.0000000   0.0000003   0.0000064   0.0000548   0.0002685
   2.2805672   0.0000000   0.0000000   0.0000000   0.0000000   0.0000000   0.0000000   0.0000005   0.0000088   0.0000714   0.0003341
   2.3009294   0.0000000   0.0000000   0.0000000   0.0000000   0.0000000   0.0000000   0.0000007   0.0000122   0.0000927   0.0004146
   2.3212916   0.0000000   0.0000000   0.0000000   0.0000000   0.0000000   0.0000000   0.0000011   0.0000168   0.0001200   0.0005129
   2.3416538   0.0000000   0.0000000   0.0000000   0.0000000   0.0000000   0.0000000   0.0000016   0.0000230   0.0001547   0.0006326
   2.3620160   0.0000000   0.0000000   0.0000000   0.0000000   0.0000000   0.0000001   0.0000024   0.0000313   0.0001988   0.0007778
   2.3823782   0.0000000   0.0000000   0.0000000   0.0000000   0.0000000   0.0000001   0.0000035   0.0000424   0.0002544   0.0009534
   2.4027404   0.0000000   0.0000000   0.0000000   0.0000000   0.0000000   0.0000002   0.0000051   0.0000572   0.0003244   0.0011651
   2.4231026   0.0000000   0.0000000   0.0000000   0.0000000   0.0000000   0.0000003   0.0000075   0.0000769   0.0004121   0.0014194
   2.4434649   0.0000000   0.0000000   0.0000000   0.0000000   0.0000000   0.0000004   0.0000108   0.0001029   0.0005216   0.0017241
   2.4638271   0.0000000   0.0000000   0.0000000   0.0000000   0.0000000   0.0000007   0.0000154   0.0001370   0.0006578   0.0020877
   2.4841893   0.0000000   0.0000000   0.0000000   0.0000000   0.0000000   0.0000011   0.0000220   0.0001815   0.0008265   0.0025203
   2.5045515   0.0000000   0.0000000   0.0000000   0.0000000   0.0000000   0.0000017   0.0000312   0.0002395   0.0010345   0.0030333
   2.5249137   0.0000000   0.0000000   0.0000000   0.0000000   0.0000000   0.0000026   0.0000441   0.0003145   0.0012902   0.0036396
   2.5452759   0.0000000   0.0000000   0.0000000   0.0000000   0.0000001   0.0000041   0.0000618   0.0004112   0.0016031   0.0043538
   2.5656381   0.0000000   0.0000000   0.0000000   0.0000000   0.0000001   0.0000063   0.0000861   0.0005351   0.0019845   0.0051923
   2.5860003   0.0000000   0.0000000   0.0000000   0.0000000   0.0000002   0.0000096   0.0001193   0.0006932   0.0024475   0.0061734
   2.6063625   0.0000000   0.0000000   0.0000000   0.0000000   0.0000004   0.0000145   0.0001643   0.0008939   0.0030075   0.0073176
   2.6267247   0.0000000   0.0000000   0.0000000   0.0000000   0.0000007   0.0000218   0.0002251   0.0011474   0.0036819   0.0086474
   2.6470869   0.0000000   0.0000000   0.0000000   0.0000000   0.0000011   0.0000326   0.0003065   0.0014662   0.0044909   0.0101879
   2.6674491   0.0000000   0.0000000   0.0000000   0.0000000   0.0000019   0.0000482   0.0004151   0.0018650   0.0054574   0.0119663
   2.6878113   0.0000000   0.0000000   0.0000000   0.0000000   0.0000032   0.0000708   0.0005589   0.0023614   0.0066074   0.0140124
   2.7081735   0.0000000   0.0000000   0.0000000   0.0000000   0.0000054   0.0001032   0.0007481   0.0029763   0.0079702   0.0163587
   2.7285358   0.0000000   0.0000000   0.0000000   0.0000001   0.0000089   0.0001492   0.0009957   0.0037343   0.0095785   0.0190398
   2.7488980   0.0000000   0.0000000   0.0000000   0.0000002   0.0000145   0.0002143   0.0013177   0.0046640   0.0114689   0.0220932
   2.7692602   0.0000000   0.0000000   0.0000000   0.0000004   0.0000233   0.0003053   0.0017337   0.0057985   0.0136817   0.0255585
   2.7896224   0.0000000   0.0000000   0.0000000   0.0000007   0.0000371   0.0004318   0.0022681   0.0071761   0.0162611   0.0294779
   2.8099846   0.0000000   0.0000000   0.0000000   0.0000014   0.0000584   0.0006062   0.0029502   0.0088405   0.0192556   0.0338955
   2.8303468   0.0000000   0.0000000   0.0000000   0.0000026   0.0000910   0.0008448   0.0038154   0.0108412   0.0227174   0.0388574
   2.8507090   0.0000000   0.0000000   0.0000000   0.0000049   0.0001402   0.0011684   0.0049061   0.0132340   0.0267028   0.0444110
   2.8710712   0.0000000   0.0000000   0.0000000   0.0000090   0.0002137   0.0016042   0.0062723   0.0160813   0.0312717   0.0506054
   2.8914334   0.0000000   0.0000000   0.0000001   0.0000163   0.0003225   0.0021862   0.0079731   0.0194520   0.0364876   0.0574900
   2.9117956   0.0000000   0.0000000   0.0000001   0.0000289   0.0004817   0.0029575   0.0100769   0.0234218   0.0424167   0.0651147
   2.9321578   0.0000000   0.0000000   0.0000004   0.0000504   0.0007120   0.0039714   0.0126626   0.0280731   0.0491281   0.0735290
   2.9525200   0.0000000   0.0000000   0.0000009   0.0000862   0.0010419   0.0052938   0.0158204   0.0334947   0.0566924   0.0827816
   2.9728822   0.0000000   0.0000000   0.0000021   0.0001451   0.0015095   0.0070045   0.0196521   0.0397810   0.0651813   0.0929192
   2.9932444   0.0000000   0.0000000   0.0000049   0.0002400   0.0021652   0.0091998   0.0242714   0.0470318   0.0746666   0.1039863
   3.0136067   0.0000000   0.0000000   0.0000108   0.0003906   0.0030753   0.0119943   0.0298040   0.0553507   0.0852191   0.1160242
   3.0339689   0.0000000   0.0000000   0.0000230   0.0006256   0.0043253   0.0155223   0.0363871   0.0648445   0.0969075   0.1290699
   3.0543311   0.0000000   0.0000000   0.0000475   0.0009863   0.0060244   0.0199400   0.0441684   0.0756209   0.1097966   0.1431556
   3.0746933   0.0000000   0.0000001   0.0000950   0.0015313   0.0083097   0.0254259   0.0533050   0.0877872   0.1239467   0.1583074
   3.0950555   0.0000000   0.0000005   0.0001841   0.0023422   0.0113514   0.0321813   0.0639609   0.1014479   0.1394113   0.1745448
   3.1154177   0.0000000   0.0000018   0.0003455   0.0035309   0.0153574   0.0404300   0.0763047   0.1167023   0.1562361   0.1918796
   3.1357799   0.0000000   0.0000059   0.0006288   0.0052481   0.0205772   0.0504164   0.0905063   0.1336421   0.1744569   0.2103152
   3.1561421   0.0000000   0.0000182   0.0011103   0.0076937   0.0273060   0.0624025   0.1067327   0.1523481   0.1940986   0.2298456
   3.1765043   0.0000000   0.0000522   0.0019042   0.0111280   0.0358859   0.0766639   0.1251434   0.1728877   0.2151731   0.2504550
   3.1968665   0.0000000   0.0001401   0.0031752   0.0158846   0.0467061   0.0934830   0.1458854   0.1953117   0.2376782   0.2721169
   3.2172287   0.0000000   0.0003512   0.0051545   0.0223827   0.0601998   0.1131418   0.1690874   0.2196512   0.2615962   0.2947940
   3.2375909   0.0000005   0.0008220   0.0081584   0.0311385   0.0768374   0.1359125   0.1948538   0.2459149   0.2868925   0.3184373
   3.2579531   0.0000044   0.0017971   0.0126106   0.0427739   0.0971155   0.1620459   0.2232583   0.2740863   0.3135152   0.3429867
   3.2783153   0.0000284   0.0036715   0.0190698   0.0580193   0.1215413   0.1917596   0.2543383   0.3041213   0.3413939   0.3683700
   3.2986776   0.0001417   0.0070197   0.0282634   0.0777091   0.1506120   0.2252243   0.2880886   0.3359463   0.3704395   0.3945039
   3.3190398   0.0005920   0.0125870   0.0411263   0.1027649   0.1847891   0.2625503   0.3244564   0.3694569   0.4005444   0.4212939
   3.3394020   0.0022104   0.0212381   0.0588436   0.1341650   0.2244687   0.3037738   0.3633368   0.4045167   0.4315822   0.4486350
   3.3597642   0.0073365   0.0338850   0.0828849   0.1728969   0.2699486   0.3488439   0.4045695   0.4409577   0.4634093   0.4764123
   3.3801264   0.0203179   0.0514732   0.1150186   0.2198920   0.3213940   0.3976123   0.4479367   0.4785804   0.4958650   0.5045020
   3.4004886   0.0447127   0.0751358   0.1572808   0.2759439   0.3788030   0.4498238   0.4931628   0.5171558   0.5287736   0.5327725
   3.4208508   0.0783531   0.1066035   0.2118756   0.3416136   0.4419766   0.5051118   0.5399160   0.5564271   0.5619461   0.5610857
   3.4412130   0.1151728   0.1488382   0.2809859   0.4171281   0.5104935   0.5629968   0.5878112   0.5961133   0.5951822   0.5892984
   3.4615752   0.1520254   0.2066498   0.3664880   0.5022820   0.5836942   0.6228893   0.6364154   0.6359127   0.6282729   0.6172636
   3.4819374   0.1861108   0.2868437   0.4695862   0.5963535   0.6606764   0.6840987   0.6852549   0.6755077   0.6610035   0.6448327
   3.5022996   0.2167300   0.3973898   0.5904128   0.6980476   0.7403039   0.7458457   0.7338239   0.7145700   0.6931562   0.6718569
   3.5226618   0.2693600   0.5453452   0.7276618   0.8054774   0.8212300   0.8072808   0.7815951   0.7527666   0.7245137   0.6981888
   3.5430240   0.4013638   0.7338380   0.8783428   0.9161938   0.9019354   0.8675066   0.8280317   0.7897653   0.7548621   0.7236848
   3.5633862   0.6633177   0.9591161   1.0377280   1.0272678   0.9807808   0.9256036   0.8725995   0.8252416   0.7839944   0.7482062
   3.5837484   1.0651071   1.2090734   1.1995437   1.1354248   1.0560704   0.9806589   0.9147807   0.8588851   0.8117137   0.7716214
   3.6041107   1.5636556   1.4643854   1.3564074   1.2372241   1.1261236   1.0317959   0.9540866   0.8904051   0.8378364   0.7938075
   3.6244729   2.0503885   1.7023339   1.5004658   1.3292697   1.1893516   1.0782043   0.9900704   0.9195372   0.8621949   0.8146518
   3.6448351   2.3854722   1.9020229   1.6241451   1.4084349   1.2443314   1.1191681   1.0223395   0.9460482   0.8846402   0.8340528
   3.6651973   2.4919568   2.0487927   1.7209054   1.4720786   1.2898757   1.1540911   1.0505650   0.9697407   0.9050445   0.8519220
   3.6855595   2.4096824   2.1359384   1.7858965   1.5182328   1.3250901   1.1825179   1.0744913   0.9904575   0.9233027   0.8681846
   3.7059217   2.2708895   2.1633194   1.8164297   1.5457406   1.3494163   1.2041493   1.0939414   1.0080839   0.9393341   0.8827802
   3.7262839   2.2175787   2.1342753   1.8122184   1.5543316   1.3626569   1.2188521   1.1088220   1.0225497   0.9530831   0.8956636
   3.7466461   2.2719919   2.0531924   1.7753696   1.5446270   1.3649804   1.2266617   1.1191241   1.0338301   0.9645197   0.9068047
   3.7670083   2.2913702   1.9253806   1.7101325   1.5180732   1.3569064   1.2277783   1.1249220   1.0419452   0.9736397   0.9161890
   3.7873705   2.1098891   1.7590487   1.6224344   1.4768146   1.3392721   1.2225562   1.1263700   1.0469585   0.9804638   0.9238172
   3.8077327   1.7078762   1.5674503   1.5192507   1.4235179   1.3131830   1.2114878   1.1236955   1.0489746   0.9850365   0.9297046
   3.8280949   1.2223817   1.3689521   1.4078762   1.3611691   1.2799520   1.1951821   1.1171916   1.0481355   0.9874250   0.9338808
   3.8484571   0.8318487   1.1840817   1.2951879   1.2928635   1.2410305   1.1743401   1.1072063   1.0446162   0.9877167   0.9363884
   3.8688193   0.6325221   1.0305454   1.1870013   1.2216096   1.1979374   1.1497267   1.0941317   1.0386204   0.9860176   0.9372826
   3.8891816   0.5954157   0.9184618   1.0876211   1.1501641   1.1521896   1.1221426   1.0783918   1.0303740   0.9824492   0.9366292
   3.9095438   0.6376431   0.8479313   0.9996577   1.0809086   1.1052389   1.0923960   1.0604294   1.0201201   0.9771459   0.9345041
   3.9299060   0.7204298   0.8098728   0.9241296   1.0157737   1.0584176   1.0612759   1.0406938   1.0081126   0.9702524   0.9309912
   3.9502682   0.8434887   0.7896580   0.8608108   0.9562085   1.0128967   1.0295281   1.0196288   0.9946104   0.9619203   0.9261813
   3.9706304   0.9600763   0.7721362   0.8087218   0.9031897   0.9696554   0.9978350   0.9976611   0.9798712   0.9523054   0.9201706
   3.9909926   0.9745796   0.7463740   0.7666344   0.8572593   0.9294650   0.9667988   0.9751909   0.9641469   0.9415650   0.9130592
   4.0113548   0.8515180   0.7086988   0.7334612   0.8185804   0.8928835   0.9369299   0.9525830   0.9476776   0.9298549   0.9049494
   4.0317170   0.6624861   0.6632435   0.7084455   0.7870019   0.8602623   0.9086400   0.9301599   0.9306884   0.9173271   0.8959445
   4.0520792   0.4992411   0.6199648   0.6911300   0.7621229   0.8317604   0.8822387   0.9081974   0.9133850   0.9041277   0.8861477
   4.0724414   0.3951771   0.5908298   0.6811553   0.7433543   0.8073667   0.8579346   0.8869212   0.8959513   0.8903948   0.8756607
   4.0928036   0.3443294   0.5853548   0.6779894   0.7299738   0.7869251   0.8358406   0.8665055   0.8785472   0.8762571   0.8645825
   4.1131658   0.3544555   0.6068546   0.6807034   0.7211763   0.7701632   0.8159807   0.8470734   0.8613077   0.8618327   0.8530088
   4.1335280   0.4641874   0.6506432   0.6878905   0.7161197   0.7567207   0.7983001   0.8286991   0.8443422   0.8472285   0.8410314
   4.1538902   0.7008239   0.7049897   0.6977647   0.7139668   0.7461767   0.7826761   0.8114108   0.8277351   0.8325392   0.8287371
   4.1742525   0.9974483   0.7547942   0.7084154   0.7139228   0.7380741   0.7689305   0.7951956   0.8115472   0.8178479   0.8162078
   4.1946147   1.1780550   0.7868169   0.7181362   0.7152668   0.7319414   0.7568417   0.7800043   0.7958168   0.8032260   0.8035200
   4.2149769   1.1065818   0.7943819   0.7257225   0.7173741   0.7273097   0.7461567   0.7657576   0.7805625   0.7887339   0.7907447
   4.2353391   0.8498803   0.7794674   0.7306443   0.7197286   0.7237263   0.7366030   0.7523523   0.7657856   0.7744217   0.7779477
   4.2557013   0.6112518   0.7512523   0.7330437   0.7219218   0.7207637   0.7278987   0.7396683   0.7514734   0.7603304   0.7651893
   4.2760635   0.5174546   0.7219363   0.7335654   0.7236413   0.7180261   0.7197624   0.7275745   0.7376021   0.7464929   0.7525253
   4.2964257   0.5412779   0.7019173   0.7330784   0.7246495   0.7151521   0.7119217   0.7159356   0.7241403   0.7329358   0.7400066
   4.3167879   0.6006509   0.6964506   0.7323764   0.7247565   0.7118162   0.7041208   0.7046178   0.7110522   0.7196803   0.7276800
   4.3371501   0.6609635   0.7048484   0.7319423   0.7237929   0.7077288   0.6961262   0.6934947   0.6983009   0.7067438   0.7155888
   4.3575123   0.7328367   0.7219519   0.7318293   0.7215862   0.7026357   0.6877331   0.6824519   0.6858513   0.6941415   0.7037731
   4.3778745   0.8118943   0.7407683   0.7316725   0.7179452   0.6963189   0.6787687   0.6713913   0.6736726   0.6818877   0.6922703
   4.3982367   0.8607206   0.7550673   0.7308015   0.7126539   0.6885972   0.6690973   0.6602351   0.6617412   0.6699965   0.6811157
   4.4185989   0.8512412   0.7611089   0.7284014   0.7054765   0.6793287   0.6586219   0.6489281   0.6500420   0.6584838   0.6703428
   4.4389611   0.8005512   0.7581658   0.7236669   0.6961706   0.6684148   0.6472876   0.6374397   0.6385705   0.6473672   0.6599838
   4.4593234   0.7476466   0.7479323   0.7159096   0.6845088   0.6558044   0.6350822   0.6257658   0.6273333   0.6366674   0.6500700
   4.4796856   0.7077559   0.7332166   0.7046045   0.6703037   0.6415002   0.6220376   0.6139281   0.6163492   0.6264084   0.6406320
   4.5000478   0.6792318   0.7164802   0.6893872   0.6534344   0.6255630   0.6082291   0.6019746   0.6056488   0.6166179   0.6316997
   4.5204100   0.6735132   0.6987695   0.6700292   0.6338727   0.6081176   0.5937743   0.5899779   0.5952745   0.6073270   0.6233026
   4.5407722   0.6939921   0.6793783   0.6464195   0.6117045   0.5893549   0.5788311   0.5780334   0.5852796   0.5985703   0.6154699
   4.5611344   0.7106906   0.6562616   0.6185743   0.5871468   0.5695336   0.5635937   0.5662567   0.5757268   0.5903858   0.6082300
   4.5814966   0.6932962   0.6269395   0.5866773   0.5605572   0.5489781   0.5482890   0.5547802   0.5666874   0.5828136   0.6016110
   4.6018588   0.6474562   0.5894982   0.5511403   0.5324364   0.5280728   0.5331696   0.5437496   0.5582385   0.5758958   0.5956396
   4.6222210   0.5942419   0.5433476   0.5126609   0.5034200   0.5072541   0.5185082   0.5333197   0.5504617   0.5696756   0.5903417
   4.6425832   0.5326001   0.4895573   0.4722538   0.4742627   0.4869973   0.5045887   0.5236497   0.5434407   0.5641959   0.5857413
   4.6629454   0.4490480   0.4307641   0.4312380   0.4458114   0.4678019   0.4916986   0.5148988   0.5372588   0.5594990   0.5818607
   4.6833076   0.3510679   0.3707392   0.3911752   0.4189710   0.4501730   0.4801195   0.5072214   0.5319966   0.5556248   0.5787195
   4.7036698   0.2629622   0.3137482   0.3537658   0.3946619   0.4346023   0.4701180   0.5007626   0.5277300   0.5526102   0.5763349
   4.7240320   0.1976155   0.2638430   0.3207218   0.3737738   0.4215475   0.4619372   0.4956543   0.5245279   0.5504880   0.5747203
   4.7443943   0.1515439   0.2242314   0.2936369   0.3571167   0.4114126   0.4557882   0.4920105   0.5224502   0.5492860   0.5738858
   4.7647565   0.1211796   0.1968562   0.2738743   0.3453742   0.4045299   0.4518428   0.4899249   0.5215461   0.5490258   0.5738373
   4.7851187   0.1108799   0.1822847   0.2624822   0.3390619   0.4011448   0.4502277   0.4894676   0.5218527   0.5497223   0.5745760
   4.8054809   0.1250109   0.1799572   0.2601392   0.3384939   0.4014046   0.4510202   0.4906835   0.5233940   0.5513831   0.5760985
   4.8258431   0.1581325   0.1887599   0.2671212   0.3437616   0.4053512   0.4542457   0.4935909   0.5261799   0.5540077   0.5783965
   4.8462053   0.1951107   0.2077588   0.2832810   0.3547261   0.4129200   0.4598770   0.4981815   0.5302059   0.5575873   0.5814562
   4.8665675   0.2206046   0.2367974   0.3080340   0.3710253   0.4239429   0.4678361   0.5044206   0.5354531   0.5621049   0.5852586
   4.8869297   0.2311756   0.2765969   0.3403541   0.3920965   0.4381569   0.4779974   0.5122485   0.5418884   0.5675345   0.5897791
   4.9072919   0.2412352   0.3281203   0.3787927   0.4172124   0.4552169   0.4901930   0.5215825   0.5494650   0.5738420   0.5949880
   4.9276541   0.2767113   0.3912929   0.4215427   0.4455275   0.4747118   0.5042193   0.5323196   0.5581234   0.5809849   0.6008499
   4.9480163   0.3628849   0.4635933   0.4665627   0.4761310   0.4961839   0.5198448   0.5443394   0.5677924   0.5889129   0.6073249
   4.9683785   0.5098720   0.5393098   0.5117652   0.5081020   0.5191490   0.5368192   0.5575078   0.5783906   0.5975685   0.6143676
   4.9887407   0.6939857   0.6101517   0.5552469   0.5405596   0.5431173   0.5548822   0.5716803   0.5898275   0.6068873   0.6219285
   5.0091029   0.8596751   0.6673725   0.5955189   0.5727056   0.5676130   0.5737723   0.5867059   0.6020050   0.6167990   0.6299539
   5.0294652   0.9501336   0.7047706   0.6316794   0.6038548   0.5921932   0.5932358   0.6024306   0.6148193   0.6272279   0.6383863
   5.0498274   0.9284285   0.7213151   0.6634766   0.6334514   0.6164626   0.6130343   0.6187004   0.6281619   0.6380939   0.6471651
   5.0701896   0.7941949   0.7220757   0.6912319   0.6610738   0.6400872   0.6329508   0.6353646   0.6419217   0.6493132   0.6562272
   5.0905518   0.6135671   0.7167872   0.7156338   0.6864287   0.6628030   0.6527950   0.6522775   0.6559855   0.6607994   0.6655072
   5.1109140   0.4977691   0.7164556   0.7374515   0.7093405   0.6844223   0.6724060   0.6693006   0.6702398   0.6724641   0.6749384
   5.1312762   0.5134564   0.7293642   0.7572478   0.7297392   0.7048351   0.6916539   0.6863036   0.6845719   0.6842179   0.6844534
   5.1516384   0.6336233   0.7581098   0.7751770   0.7476531   0.7240082   0.7104389   0.7031649   0.6988702   0.6959714   0.6939847
   5.1720006   0.7850126   0.7987827   0.7909320   0.7632056   0.7419794   0.7286889   0.7197713   0.7130259   0.7076358   0.7034650
   5.1923628   0.9161169   0.8424378   0.8038619   0.7766181   0.7588491   0.7463555   0.7360178   0.7269329   0.7191238   0.7128287
   5.2127250   1.0149330   0.8781412   0.8132321   0.7882150   0.7747675   0.7634081   0.7518063   0.7404886   0.7303505   0.7220118
   5.2330872   1.0844782   0.8964794   0.8185535   0.7984258   0.7899194   0.7798279   0.7670444   0.7535944   0.7412342   0.7309529
   5.2534494   1.1055515   0.8924567   0.8198881   0.8077790   0.8045062   0.7956003   0.7816443   0.7661564   0.7516970   0.7395938
   5.2738116   1.0334416   0.8669992   0.8180425   0.8168819   0.8187252   0.8107081   0.7955209   0.7780850   0.7616655   0.7478802
   5.2941738   0.8623836   0.8266838   0.8145902   0.8263841   0.8327493   0.8251244   0.8085910   0.7892963   0.7710719   0.7557619
   5.3145361   0.6710379   0.7818302   0.8117126   0.8369236   0.8467052   0.8388068   0.8207723   0.7997119   0.7798540   0.7631939
   5.3348983   0.5582464   0.7436362   0.8118882   0.8490598   0.8606553   0.8516927   0.8319827   0.8092597   0.7879566   0.7701367
   5.3552605   0.5513742   0.7213974   0.8174974   0.8632005   0.8745814   0.8636968   0.8421408   0.8178744   0.7953316   0.7765564
   5.3756227   0.6026340   0.7207462   0.8304212   0.8795314   0.8883744   0.8747100   0.8511663   0.8254986   0.8019388   0.7824258
   5.3959849   0.6556995   0.7432971   0.8517064   0.8979595   0.9018306   0.8846014   0.8589812   0.8320832   0.8077463   0.7877241
   5.4163471   0.7036061   0.7874075   0.8813484   0.9180791   0.9146546   0.8932217   0.8655115   0.8375883   0.8127314   0.7924377
   5.4367093   0.7803796   0.8493653   0.9182182   0.9391678   0.9264712   0.9004093   0.8706900   0.8419845   0.8168804   0.7965600
   5.4570715   0.8924196   0.9243596   0.9601324   0.9602178   0.9368445   0.9059985   0.8744585   0.8452536   0.8201897   0.8000918
   5.4774337   0.9994845   1.0069297   1.0040482   0.9799992   0.9453043   0.9098280   0.8767709   0.8473897   0.8226655   0.8030415
   5.4977959   1.0895431   1.0909601   1.0463575   0.9971536   0.9513771   0.9117516   0.8775967   0.8483999   0.8243243   0.8054247
   5.5181581   1.1990972   1.1695246   1.0832440   1.0103073   0.9546209   0.9116482   0.8769233   0.8483052   0.8251931   0.8072641
   5.5385203   1.3295548   1.2349507   1.1110689   1.0181946   0.9546591   0.9094317   0.8747596   0.8471413   0.8253090   0.8085899
   5.5588825   1.4326913   1.2794004   1.1267459   1.0197767   0.9512129   0.9050598   0.8711376   0.8449586   0.8247194   0.8094387
   5.5792447   1.4874576   1.2960566   1.1280642   1.0143459   0.9441273   0.8985407   0.8661146   0.8418229   0.8234813   0.8098538
   5.5996070   1.5033570   1.2806918   1.1139246   1.0016020   0.9333902   0.8899378   0.8597742   0.8378149   0.8216613   0.8098842
   5.6199692   1.4601693   1.2330737   1.0844575   0.9816944   0.9191406   0.8793722   0.8522266   0.8330297   0.8193347   0.8095844
   5.6403314   1.3179781   1.1575068   1.0410127   0.9552236   0.9016673   0.8670213   0.8436081   0.8275765   0.8165846   0.8090134
   5.6606936   1.0878250   1.0620103   0.9860267   0.9232026   0.8813973   0.8531163   0.8340794   0.8215772   0.8135013   0.8082342
   5.6810558   0.8515043   0.9562252   0.9227920   0.8869809   0.8588735   0.8379354   0.8238237   0.8151649   0.8101810   0.8073132
   5.7014180   0.7005785   0.8488729   0.8551628   0.8481388   0.8347259   0.8217966   0.8130436   0.8084825   0.8067246   0.8063185
   5.7217802   0.6613753   0.7459946   0.7872316   0.8083613   0.8096374   0.8050477   0.8019575   0.8016805   0.8032363   0.8053200
   5.7421424   0.6706959   0.6508880   0.7230012   0.7693051   0.7843077   0.7880556   0.7907954   0.7949147   0.7998223   0.8043877
   5.7625046   0.6303419   0.5657061   0.6660667   0.7324715   0.7594183   0.7711958   0.7797944   0.7883441   0.7965892   0.8035907
   5.7828668   0.4999636   0.4936337   0.6193152   0.6990977   0.7356012   0.7548416   0.7691944   0.7821278   0.7936422   0.8029967
   5.8032290   0.3272511   0.4401224   0.5846556   0.6700789   0.7134149   0.7393542   0.7592326   0.7764227   0.7910836   0.8026704
   5.8235912   0.1880852   0.4121369   0.5628054   0.6459287   0.6933276   0.7250743   0.7501398   0.7713808   0.7890111   0.8026728
   5.8439534   0.1286131   0.4154836   0.5531763   0.6267823   0.6757099   0.7123151   0.7421350   0.7671463   0.7875165   0.8030599
   5.8643156   0.1709320   0.4513925   0.5539088   0.6124406   0.6608358   0.7013573   0.7354222   0.7638531   0.7866835   0.8038820
   5.8846779   0.3303592   0.5140339   0.5620928   0.6024508   0.6488916   0.6924454   0.7301858   0.7616222   0.7865865   0.8051830
   5.9050401   0.5871942   0.5903497   0.5741802   0.5962110   0.6399897   0.6857857   0.7265882   0.7605596   0.7872894   0.8069989
   5.9254023   0.8588815   0.6626460   0.5865459   0.5930852   0.6341869   0.6815456   0.7247664   0.7607542   0.7888440   0.8093579
   5.9457645   1.0469269   0.7132439   0.5961067   0.5925127   0.6315019   0.6798540   0.7248298   0.7622757   0.7912892   0.8122792
   5.9661267   1.1000321   0.7296034   0.6008747   0.5940968   0.6319325   0.6808021   0.7268588   0.7651734   0.7946498   0.8157727
   5.9864889   1.0054510   0.7080818   0.6003244   0.5976606   0.6354682   0.6844446   0.7309028   0.7694748   0.7989359   0.8198389
   6.0068511   0.7832794   0.6549857   0.5954815   0.6032636   0.6420983   0.6908003   0.7369797   0.7751848   0.8041426   0.8244680
   6.0272133   0.5172729   0.5846144   0.5887067   0.6111776   0.6518141   0.6998535   0.7450752   0.7822850   0.8102494   0.8296405
   6.0475755   0.3116886   0.5151162   0.5832180   0.6218279   0.6646053   0.7115537   0.7551429   0.7907340   0.8172206   0.8353271
   6.0679377   0.2068109   0.4636790   0.5824533   0.6357122   0.6804524   0.7258160   0.7671041   0.8004670   0.8250049   0.8414886
   6.0882999   0.1850054   0.4426017   0.5894145   0.6533085   0.6993153   0.7425205   0.7808488   0.8113970   0.8335368   0.8480766
   6.1086621   0.2335481   0.4572171   0.6061315   0.6749902   0.7211204   0.7615117   0.7962366   0.8234152   0.8427362   0.8550336
   6.1290243   0.3537771   0.5058237   0.6333495   0.7009581   0.7457480   0.7825978   0.8130980   0.8363927   0.8525104   0.8622944
   6.1493865   0.5206203   0.5811281   0.6704906   0.7312002   0.7730212   0.8055507   0.8312363   0.8501819   0.8627546   0.8697859
   6.1697488   0.6825214   0.6724347   0.7158743   0.7654814   0.8026982   0.8301062   0.8504298   0.8646186   0.8733535   0.8774287
   6.1901110   0.8172553   0.7679402   0.7671263   0.8033603   0.8344680   0.8559648   0.8704343   0.8795244   0.8841828   0.8851380
   6.2104732   0.9450038   0.8568146   0.8216713   0.8442273   0.8679499   0.8827942   0.8909868   0.8947088   0.8951111   0.8928241
   6.2308354   1.0736513   0.9310122   0.8771956   0.8873539   0.9026978   0.9102323   0.9118084   0.9099727   0.9060015   0.9003944
   6.2511976   1.1708337   0.9867441   0.9319795   0.9319425   0.9382073   0.9378912   0.9326086   0.9251107   0.9167135   0.9077540
   6.2715598   1.1862050   1.0253021   0.9850415   0.9771692   0.9739256   0.9653635   0.9530897   0.9399145   0.9271054   0.9148070
   6.2919220   1.0969336   1.0527228   1.0360808   1.0222141   1.0092643   0.9922283   0.9729517   0.9541761   0.9370358   0.9214581
   6.3122842   0.9615758   1.0779736   1.0852548   1.0662769   1.0436126   1.0180593   0.9918971   0.9676914   0.9463663   0.9276135
   6.3326464   0.8975326   1.1099750   1.1328645   1.1085802   1.0763517   1.0424327   1.0096359   0.9802627   0.9549628   0.9331821
   6.3530086   0.9691860   1.1544900   1.1790366   1.1483663   1.1068701   1.0649366   1.0258914   0.9917027   0.9626977   0.9380770
   6.3733708   1.1341981   1.2121649   1.2234842   1.1848913   1.1345781   1.0851798   1.0404045   1.0018369   0.9694519   0.9422162
   6.3937330   1.3096482   1.2785227   1.2654010   1.2174252   1.1589227   1.1028010   1.0529396   1.0105066   0.9751162   0.9455238
   6.4140952   1.4453886   1.3457697   1.3035034   1.2452585   1.1794016   1.1174773   1.0632883   1.0175714   0.9795928   0.9479311
   6.4344574   1.5295458   1.4054669   1.3361969   1.2677201   1.1955771   1.1289329   1.0712742   1.0229116   0.9827967   0.9493771
   6.4548197   1.5716646   1.4508933   1.3618152   1.2842039   1.2070890   1.1369452   1.0767557   1.0264295   0.9846565   0.9498091
   6.4751819   1.5870748   1.4783147   1.3788682   1.2942012   1.2136652   1.1413519   1.0796297   1.0280512   0.9851156   0.9491839
   6.4955441   1.5745810   1.4870149   1.3862438   1.2973342   1.2151320   1.1420543   1.0798324   1.0277272   0.9841323   0.9474672
   6.5159063   1.5302907   1.4784710   1.3833277   1.2933869   1.2114209   1.1390209   1.0773413   1.0254330   0.9816801   0.9446350
   6.5362685   1.4803510   1.4552560   1.3700343   1.2823284   1.2025724   1.1322884   1.0721746   1.0211687   0.9777483   0.9406726
   6.5566307   1.4523580   1.4201571   1.3467591   1.2643246   1.1887378   1.1219604   1.0643907   1.0149587   0.9723408   0.9355756
   6.5769929   1.4281743   1.3757115   1.3142860   1.2397394   1.1701759   1.1082052   1.0540859   1.0068501   0.9654764   0.9293490
   6.5973551   1.3696950   1.3240616   1.2736785   1.2091231   1.1472469   1.0912508   1.0413918   0.9969119   0.9571878   0.9220072
   6.6177173   1.2746274   1.2668838   1.2261831   1.1731907   1.1204021   1.0713791   1.0264716   0.9852320   0.9475203   0.9135739
   6.6380795   1.1794035   1.2052468   1.1731609   1.1327915   1.0901715   1.0489176   1.0095154   0.9719159   0.9365312   0.9040810
   6.6584417   1.1205030   1.1395229   1.1160445   1.0888735   1.0571468   1.0242303   0.9907350   0.9570831   0.9242884   0.8935685
   6.6788039   1.0995680   1.0696520   1.0563133   1.0424450   1.0219641   0.9977071   0.9703587   0.9408651   0.9108687   0.8820838
   6.6991661   1.0768457   0.9958997   0.9954672   0.9945359   0.9852838   0.9697533   0.9486250   0.9234018   0.8963566   0.8696807
   6.7195283   1.0006172   0.9198102   0.9349856   0.9461606   0.9477710   0.9407774   0.9257766   0.9048386   0.8808431   0.8564189
   6.7398906   0.8507868   0.8446921   0.8762657   0.8982855   0.9100748   0.9111802   0.9020545   0.8853238   0.8644234   0.8423634
   6.7602528   0.6674092   0.7750759   0.8205440   0.8518017   0.8728094   0.8813432   0.8776922   0.8650052   0.8471964   0.8275831
   6.7806150   0.5374071   0.7152077   0.7688203   0.8075029   0.8365360   0.8516182   0.8529103   0.8440279   0.8292624   0.8121508
   6.8009772   0.5254181   0.6673610   0.7218055   0.7660708   0.8017467   0.8223186   0.8279122   0.8225316   0.8107226   0.7961418
   6.8213394   0.6032801   0.6309792   0.6799124   0.7280645   0.7688504   0.7937107   0.8028797   0.8006490   0.7916777   0.7796338
   6.8417016   0.6688796   0.6031646   0.6432997   0.6939143   0.7381619   0.7660081   0.7779706   0.7785038   0.7722266   0.7627057
   6.8620638   0.6481287   0.5801591   0.6119600   0.6639177   0.7098932   0.7393676   0.7533162   0.7562096   0.7524660   0.7454371
   6.8824260   0.5626859   0.5588958   0.5858304   0.6382349   0.6841483   0.7138872   0.7290206   0.7338696   0.7324898   0.7279083
   6.9027882   0.4920669   0.5378530   0.5648915   0.6168839   0.6609212   0.6896063   0.7051610   0.7115758   0.7123882   0.7101989
   6.9231504   0.4847040   0.5170988   0.5492205   0.5997329   0.6400986   0.6665085   0.6817887   0.6894097   0.6922478   0.6923881
   6.9435126   0.5128594   0.4979717   0.5389755   0.5864920   0.6214651   0.6445262   0.6589315   0.6674425   0.6721516   0.6745542
   6.9638748   0.5114104   0.4828469   0.5342995   0.5767068   0.6047140   0.6235480   0.6365968   0.6457365   0.6521785   0.6567739
   6.9842370   0.4536951   0.4749980   0.5351610   0.5697566   0.5894613   0.6034270   0.6147754   0.6243460   0.6324042   0.6391226
   7.0045992   0.3795427   0.4781770   0.5411631   0.5648617   0.5752645   0.5839913   0.5934459   0.6033195   0.6129009   0.6216737
   7.0249614   0.3503141   0.4955834   0.5513708   0.5611051   0.5616445   0.5650553   0.5725799   0.5827005   0.5937379   0.6044990
   7.0453237   0.3907573   0.5283485   0.5642105   0.5574688   0.5481106   0.5464315   0.5521467   0.5625303   0.5749819   0.5876679
   7.0656859   0.4830760   0.5741193   0.5774846   0.5528874   0.5341870   0.5279426   0.5321184   0.5428492   0.5566978   0.5712478
   7.0860481   0.6048972   0.6264712   0.5885264   0.5463157   0.5194399   0.5094331   0.5124749   0.5236982   0.5389484   0.5553036
   7.1064103   0.7464769   0.6756007   0.5944857   0.5368046   0.5035035   0.4907793   0.4932077   0.5051210   0.5217954   0.5398981
   7.1267725   0.8830211   0.7102642   0.5927023   0.5235791   0.4861031   0.4718989   0.4743242   0.4871649   0.5052992   0.5250912
   7.1471347   0.9625019   0.7204432   0.5811027   0.5061081   0.4670736   0.4527577   0.4558499   0.4698819   0.4895195   0.5109403
   7.1674969   0.9479931   0.6999282   0.5585362   0.4841572   0.4463729   0.4333741   0.4378305   0.4533292   0.4745149   0.4974997
   7.1878591   0.8448115   0.6479960   0.5249820   0.4578188   0.4240879   0.4138214   0.4203330   0.4375697   0.4603432   0.4848210
   7.2082213   0.6755196   0.5696246   0.4815789   0.4275135   0.4004334   0.3942274   0.4034452   0.4226717   0.4470611   0.4729522
   7.2285835   0.4712215   0.4741775   0.4304728   0.3939625   0.3757440   0.3747709   0.3872744   0.4087083   0.4347236   0.4619379
   7.2489457   0.2801807   0.3730118   0.3745124   0.3581353   0.3504587   0.3556764   0.3719456   0.3957561   0.4233836   0.4518188
   7.2693079   0.1420781   0.2768185   0.3168594   0.3211775   0.3251008   0.3372063   0.3575976   0.3838946   0.4130918   0.4426315
   7.2896701   0.0621887   0.1935263   0.2605890   0.2843294   0.3002524   0.3196508   0.3443797   0.3732038   0.4038952   0.4344084
   7.3100323   0.0233374   0.1273021   0.2083560   0.2488421   0.2765271   0.3033178   0.3324467   0.3637623   0.3958367   0.4271768
   7.3303946   0.0072372   0.0787163   0.1621781   0.2159026   0.2545418   0.2885209   0.3219542   0.3556458   0.3889543   0.4209592
   7.3507568   0.0017683   0.0457330   0.1233575   0.1865724   0.2348895   0.2755672   0.3130530   0.3489241   0.3832802   0.4157727
   7.3711190   0.0003275   0.0250052   0.0925316   0.1617434   0.2181144   0.2647464   0.3058839   0.3436593   0.3788395   0.4116288
   7.3914812   0.0000449   0.0130219   0.0698188   0.1421130   0.2046910   0.2563197   0.3005731   0.3399035   0.3756502   0.4085330
   7.4118434   0.0000045   0.0068703   0.0550104   0.1281755   0.1950074   0.2505102   0.2972264   0.3376963   0.3737216   0.4064850
   7.4322056   0.0000005   0.0046044   0.0477605   0.1202267   0.1893541   0.2474950   0.2959260   0.3370636   0.3730542   0.4054781
   7.4525678   0.0000029   0.0053450   0.0477313   0.1183766   0.1879171   0.2473992   0.2967264   0.3380154   0.3736388   0.4054996
   7.4729300   0.0000300   0.0092540   0.0546690   0.1225681   0.1907766   0.2502914   0.2996515   0.3405448   0.3754564   0.4065304
   7.4932922   0.0002249   0.0174589   0.0684020   0.1325961   0.1979094   0.2561812   0.3046930   0.3446274   0.3784780   0.4085457
   7.5136544   0.0012327   0.0319045   0.0887706   0.1481278   0.2091952   0.2650195   0.3118095   0.3502201   0.3826646   0.4115145
   7.5340166   0.0050514   0.0550302   0.1155162   0.1687228   0.2244252   0.2766991   0.3209258   0.3572622   0.3879674   0.4154004
   7.5543788   0.0160797   0.0891757   0.1481639   0.1938537   0.2433138   0.2910581   0.3319346   0.3656749   0.3943281   0.4201618
   7.5747410   0.0421197   0.1357175   0.1859389   0.2229284   0.2655094   0.3078841   0.3446975   0.3753628   0.4016799   0.4257527
   7.5951032   0.0959995   0.1941314   0.2277501   0.2553132   0.2906078   0.3269199   0.3590481   0.3862154   0.4099483   0.4321227
   7.6154655   0.1935631   0.2613523   0.2722593   0.2903576   0.3181635   0.3478695   0.3747950   0.3981084   0.4190521   0.4392182
   7.6358277   0.3367296   0.3318473   0.3180322   0.3274176   0.3477015   0.3704053   0.3917260   0.4109065   0.4289044   0.4469829
   7.6561899   0.4918480   0.3986236   0.3637418   0.3658751   0.3787267   0.3941757   0.4096125   0.4244654   0.4394147   0.4553585
   7.6765521   0.6035069   0.4550246   0.4083764   0.4051513   0.4107336   0.4188124   0.4282140   0.4386351   0.4504897   0.4642858
   7.6969143   0.6434874   0.4967828   0.4513915   0.4447108   0.4432133   0.4439390   0.4472841   0.4532624   0.4620354   0.4737054
   7.7172765   0.6297345   0.5236176   0.4927560   0.4840568   0.4756611   0.4691782   0.4665750   0.4681941   0.4739583   0.4835582
   7.7376387   0.5885235   0.5397592   0.5328641   0.5227176   0.5075819   0.4941597   0.4858433   0.4832806   0.4861676   0.4937869
   7.7580009   0.5252900   0.5530874   0.5723228   0.5602289   0.5384973   0.5185279   0.5048555   0.4983782   0.4985765   0.5043364
   7.7783631   0.4517625   0.5729808   0.6116615   0.5961152   0.5679512   0.5419493   0.5233925   0.5133529   0.5111037   0.5151545
   7.7987253   0.4118009   0.6073688   0.6510394   0.6298767   0.5955174   0.5641190   0.5412550   0.5280827   0.5236752   0.5261929
   7.8190875   0.4536526   0.6598277   0.6900326   0.6609860   0.6208077   0.5847673   0.5582674   0.5424602   0.5362253   0.5374073
   7.8394497   0.5923560   0.7277343   0.7275674   0.6888985   0.6434804   0.6036656   0.5742821   0.5563952   0.5486975   0.5487584
   7.8598119   0.8041393   0.8023457   0.7620267   0.7130754   0.6632499   0.6206315   0.5891825   0.5698161   0.5610462   0.5602120
   7.8801741   1.0351572   0.8710905   0.7915076   0.7330196   0.6798963   0.6355329   0.6028857   0.5826719   0.5732362   0.5717391
   7.9005364   1.2087969   0.9214731   0.8141655   0.7483181   0.6932740   0.6482918   0.6153444   0.5949323   0.5852442   0.5833165
   7.9208986   1.2508581   0.9451784   0.8285561   0.7586854   0.7033198   0.6588859   0.6265481   0.6065893   0.5970580   0.5949260
   7.9412608   1.1431048   0.9406937   0.8338909   0.7640010   0.7100581   0.6673499   0.6365230   0.6176561   0.6086768   0.6065550
   7.9616230   0.9492951   0.9133027   0.8301504   0.7643361   0.7136032   0.6737754   0.6453323   0.6281672   0.6201107   0.6181955
   7.9819852   0.7667684   0.8724778   0.8180452   0.7599636   0.7141591   0.6783093   0.6530738   0.6381769   0.6313795   0.6298440
   8.0023474   0.6659443   0.8279228   0.7988574   0.7513517   0.7120151   0.6811509   0.6598785   0.6477578   0.6425121   0.6415009
   8.0227096   0.6705239   0.7861185   0.7742214   0.7391401   0.7075378   0.6825475   0.6659072   0.6569987   0.6535450   0.6531695
   8.0430718   0.7452449   0.7488665   0.7459103   0.7241034   0.7011611   0.6827899   0.6713466   0.6660020   0.6645208   0.6648555
   8.0634340   0.8044884   0.7142102   0.7156722   0.7071047   0.6933727   0.6822056   0.6764053   0.6748805   0.6754862   0.6765658
   8.0837962   0.7827883   0.6789153   0.6851327   0.6890450   0.6847002   0.6811515   0.6813080   0.6837543   0.6864904   0.6883077
   8.1041584   0.6944153   0.6410631   0.6557510   0.6708151   0.6756962   0.6800065   0.6862903   0.6927470   0.6975832   0.7000879
   8.1245206   0.5946383   0.6015238   0.6287994   0.6532524   0.6669245   0.6791625   0.6915924   0.7019820   0.7088124   0.7119115
   8.1448828   0.5116723   0.5638448   0.6053379   0.6371085   0.6589472   0.6790157   0.6974525   0.7115785   0.7202221   0.7237806
   8.1652450   0.4475051   0.5328973   0.5861701   0.6230290   0.6523141   0.6799575   0.7041001   0.7216473   0.7318507   0.7356939
   8.1856073   0.4073931   0.5130449   0.5717879   0.6115479   0.6475537   0.6823643   0.7117496   0.7322873   0.7437284   0.7476455
   8.2059695   0.4001464   0.5065847   0.5623290   0.6030961   0.6451665   0.6865887   0.7205929   0.7435817   0.7558760   0.7596239
   8.2263317   0.4307335   0.5129399   0.5575774   0.5980220   0.6456191   0.6929494   0.7307937   0.7555942   0.7683029   0.7716117
   8.2466939   0.4971507   0.5287776   0.5570271   0.5966224   0.6493394   0.7017213   0.7424808   0.7683664   0.7810058   0.7835846
   8.2670561   0.5804724   0.5489627   0.5600133   0.5991777   0.6567101   0.7131268   0.7557430   0.7819150   0.7939675   0.7955113
   8.2874183   0.6457582   0.5680523   0.5658922   0.6059865   0.6680618   0.7273259   0.7706243   0.7962298   0.8071562   0.8073528
   8.3077805   0.6680155   0.5818822   0.5742377   0.6173936   0.6836627   0.7444081   0.7871201   0.8112724   0.8205250   0.8190629
   8.3281427   0.6527482   0.5887541   0.5850156   0.6338033   0.7037057   0.7643850   0.8051745   0.8269752   0.8340118   0.8305877
   8.3485049   0.6205225   0.5898484   0.5987011   0.6556738   0.7282924   0.7871832   0.8246790   0.8432419   0.8475396   0.8418662
   8.3688671   0.5785268   0.5887324   0.6163212   0.6834882   0.7574143   0.8126405   0.8454723   0.8599480   0.8610172   0.8528309
   8.3892293   0.5265894   0.5901597   0.6394125   0.7177003   0.7909335   0.8405024   0.8673418   0.8769421   0.8743402   0.8634080
   8.4095915   0.4900600   0.5986496   0.6699001   0.7586588   0.8285633   0.8704231   0.8900267   0.8940490   0.8873924   0.8735183
   8.4299537   0.5123071   0.6174904   0.7099016   0.8065138   0.8698526   0.9019678   0.9132222   0.9110717   0.9000477   0.8830787
   8.4503159   0.5988214   0.6486984   0.7614627   0.8611175   0.9141749   0.9346194   0.9365859   0.9277960   0.9121717   0.8920024
   8.4706782   0.6969030   0.6940290   0.8262268   0.9219295   0.9607265   0.9677885   0.9597445   0.9439940   0.9236244   0.9002010
   8.4910404   0.7496250   0.7565047   0.9050533   0.9879435   1.0085343   1.0008266   0.9823032   0.9594291   0.9342625   0.9075849
   8.5114026   0.7555932   0.8414070   0.9976161   1.0576478   1.0564756   1.0330433   1.0038546   0.9738611   0.9439417   0.9140656
   8.5317648   0.7607125   0.9556316   1.1020429   1.1290339   1.1033109   1.0637255   1.0239890   0.9870510   0.9525198   0.9195560
   8.5521270   0.8109149   1.1049131   1.2146840   1.1996594   1.1477276   1.0921598   1.0423054   0.9987666   0.9598591   0.9239730
   8.5724892   0.9454212   1.2895186   1.3301044   1.2667675   1.1883942   1.1176555   1.0584218   1.0087872   0.9658290   0.9272376
   8.5928514   1.2161914   1.5001366   1.4413780   1.3274574   1.2240217   1.1395683   1.0719854   1.0169091   0.9703084   0.9292773
   8.6132136   1.6623496   1.7162228   1.5407070   1.3788902   1.2534268   1.1573231   1.0826823   1.0229495   0.9731884   0.9300265
   8.6335758   2.2345852   1.9085019   1.6203119   1.4185115   1.2755945   1.1704347   1.0902455   1.0267508   0.9743738   0.9294280
   8.6539380   2.7429767   2.0456602   1.6734584   1.4442648   1.2897329   1.1785252   1.0944626   1.0281837   0.9737851   0.9274340
   8.6743002   2.9436183   2.1031548   1.6954310   1.4547712   1.2953178   1.1813374   1.0951801   1.0271499   0.9713600   0.9240067
   8.6946624   2.7449048   2.0706968   1.6842505   1.4494521   1.2921211   1.1787436   1.0923075   1.0235841   0.9670545   0.9191193
   8.7150246   2.2887088   1.9552674   1.6409796   1.4285807   1.2802227   1.1707479   1.0858181   1.0174546   0.9608435   0.9127560
   8.7353868   1.7930911   1.7784919   1.5695467   1.3932544   1.2600031   1.1574841   1.0757489   1.0087635   0.9527213   0.9049129
   8.7557491   1.3846088   1.5697386   1.4761297   1.3452925   1.2321180   1.1392071   1.0621970   0.9975461   0.9427012   0.8955974
   8.7761113   1.0942215   1.3579767   1.3682361   1.2870722   1.1974565   1.1162798   1.0453160   0.9838695   0.9308155   0.8848289
   8.7964735   0.9092252   1.1654269   1.2536725   1.2213229   1.1570868   1.0891558   1.0253093   0.9678301   0.9171147   0.8726381
   8.8168357   0.7935512   1.0046612   1.1396044   1.1509043   1.1121937   1.0583585   1.0024225   0.9495509   0.9016660   0.8590665
   8.8371979   0.7182962   0.8790797   1.0318571   1.0785921   1.0640119   1.0244589   0.9769355   0.9291783   0.8845524   0.8441662
   8.8575601   0.6812066   0.7855346   0.9345377   1.0068927   1.0137614   0.9880516   0.9491531   0.9068784   0.8658710   0.8279990
   8.8779223   0.6729056   0.7176025   0.8499761   0.9379030   0.9625883   0.9497327   0.9193961   0.8828328   0.8457311   0.8106354
   8.8982845   0.6576879   0.6683730   0.7789199   0.8732228   0.9115151   0.9100784   0.8879917   0.8572348   0.8242524   0.7921539
   8.9186467   0.6164162   0.6321895   0.7208820   0.8139204   0.8614038   0.8696263   0.8552659   0.8302852   0.8015629   0.7726401
   8.9390089   0.5722859   0.6052647   0.6745401   0.7605460   0.8129320   0.8288614   0.8215350   0.8021885   0.7777972   0.7521852
   8.9593711   0.5489707   0.5854154   0.6381067   0.7131838   0.7665829   0.7882045   0.7870996   0.7731495   0.7530941   0.7308852
   8.9797333   0.5386874   0.5713304   0.6096216   0.6715286   0.7226490   0.7480061   0.7522391   0.7433692   0.7275947   0.7088397
   9.0000955   0.5320978   0.5618110   0.5871513   0.6349778   0.6812462   0.7085436   0.7172078   0.7130429   0.7014409   0.6861510
   9.0204577   0.5404641   0.5553247   0.5689030   0.6027253   0.6423375   0.6700236   0.6822326   0.6823571   0.6747734   0.6629224
   9.0408200   0.5648505   0.5500114   0.5532739   0.5738507   0.6057628   0.6325860   0.6475111   0.6514877   0.6477300   0.6392578
   9.0611822   0.5801872   0.5440612   0.5388576   0.5473992   0.5712724   0.5963126   0.6132127   0.6205985   0.6204446   0.6152604
   9.0815444   0.5702365   0.5361975   0.5244302   0.5224479   0.5385612   0.5612358   0.5794787   0.5898403   0.5930459   0.5910318
   9.1019066   0.5450424   0.5259434   0.5089303   0.4981590   0.5073016   0.5273505   0.5464251   0.5593503   0.5656561   0.5666712
   9.1222688   0.5143489   0.5134447   0.4914475   0.4738201   0.4771728   0.4946244   0.5141446   0.5292519   0.5383904   0.5422743
   9.1426310   0.4793434   0.4988663   0.4712281   0.4488728   0.4478861   0.4630096   0.4827102   0.4996547   0.5113564   0.5179334
   9.1629932   0.4549961   0.4816594   0.4477012   0.4229305   0.4192034   0.4324522   0.4521785   0.4706556   0.4846535   0.4937358
   9.1833554   0.4636480   0.4601625   0.4205256   0.3957859   0.3909505   0.4029005   0.4225924   0.4423386   0.4583728   0.4697641
   9.2037176   0.4976880   0.4319079   0.3896453   0.3674089   0.3630238   0.3743123   0.3939849   0.4147764   0.4325968   0.4460957
   9.2240798   0.5120438   0.3946434   0.3553380   0.3379349   0.3353908   0.3466590   0.3663815   0.3880309   0.4073996   0.4228020
   9.2444420   0.4612830   0.3476298   0.3182352   0.3076445   0.3080860   0.3199286   0.3398028   0.3621542   0.3828467   0.3999488
   9.2648042   0.3420690   0.2925258   0.2792967   0.2769339   0.2812026   0.2941264   0.3142659   0.3371897   0.3589957   0.3775956
   9.2851664   0.2000164   0.2333232   0.2397327   0.2462802   0.2548799   0.2692739   0.2897863   0.3131727   0.3358961   0.3557959
   9.3055286   0.0894208   0.1752958   0.2008794   0.2162018   0.2292898   0.2454066   0.2663779   0.2901316   0.3135898   0.3345974
   9.3258909   0.0299232   0.1234498   0.1640477   0.1872178   0.2046219   0.2225706   0.2440542   0.2680880   0.2921116   0.3140412
   9.3462531   0.0073911   0.0811904   0.1303746   0.1598098   0.1810685   0.2008182   0.2228272   0.2470579   0.2714892   0.2941630
   9.3666153   0.0013355   0.0497274   0.1007032   0.1343897   0.1588110   0.1802041   0.2027079   0.2270520   0.2517441   0.2749924
   9.3869775   0.0001755   0.0283034   0.0755155   0.1112748   0.1380086   0.1607800   0.1837048   0.2080756   0.2328914   0.2565534
   9.4073397   0.0000167   0.0149460   0.0549228   0.0906736   0.1187888   0.1425918   0.1658234   0.1901297   0.2149408   0.2388650
   9.4277019   0.0000012   0.0073130   0.0387111   0.0726816   0.1012417   0.1256748   0.1490656   0.1732104   0.1978965   0.2219406
   9.4480641   0.0000001   0.0033123   0.0264229   0.0572864   0.0854160   0.1100522   0.1334282   0.1573097   0.1817578   0.2057890
   9.4684263   0.0000000   0.0013875   0.0174554   0.0443818   0.0713197   0.0957322   0.1189029   0.1424153   0.1665193   0.1904146
   9.4887885   0.0000000   0.0005373   0.0111547   0.0337865   0.0589214   0.0827078   0.1054752   0.1285108   0.1521715   0.1758172
   9.5091507   0.0000000   0.0001922   0.0068926   0.0252661   0.0481551   0.0709563   0.0931243   0.1155759   0.1387009   0.1619928
   9.5295129   0.0000000   0.0000635   0.0041167   0.0185556   0.0389258   0.0604398   0.0818230   0.1035864   0.1260904   0.1489337
   9.5498751   0.0000000   0.0000194   0.0023758   0.0133799   0.0311161   0.0511073   0.0715379   0.0925146   0.1143197   0.1366290
   9.5702373   0.0000000   0.0000054   0.0013245   0.0094706   0.0245934   0.0428957   0.0622295   0.0823294   0.1033656   0.1250646
   9.5905995   0.0000000   0.0000014   0.0007132   0.0065791   0.0192167   0.0357325   0.0538531   0.0729967   0.0932021   0.1142237
   9.6109618   0.0000000   0.0000003   0.0003708   0.0044848   0.0148426   0.0295383   0.0463594   0.0644796   0.0838010   0.1040871
   9.6313240   0.0000000   0.0000001   0.0001861   0.0029995   0.0113308   0.0242291   0.0396952   0.0567389   0.0751324   0.0946335
   9.6516862   0.0000000   0.0000000   0.0000902   0.0019679   0.0085483   0.0197187   0.0338044   0.0497336   0.0671644   0.0858398
   9.6720484   0.0000000   0.0000000   0.0000422   0.0012664   0.0063728   0.0159211   0.0286293   0.0434210   0.0598638   0.0776813
   9.6924106   0.0000000   0.0000000   0.0000190   0.0007993   0.0046943   0.0127522   0.0241112   0.0377576   0.0531967   0.0701319
   9.7127728   0.0000000   0.0000000   0.0000083   0.0004947   0.0034164   0.0101318   0.0201915   0.0326992   0.0471281   0.0631648
   9.7331350   0.0000000   0.0000000   0.0000035   0.0003003   0.0024563   0.0079845   0.0168125   0.0282015   0.0416230   0.0567522
   9.7534972   0.0000000   0.0000000   0.0000014   0.0001787   0.0017446   0.0062409   0.0139182   0.0242209   0.0366459   0.0508659
   9.7738594   0.0000000   0.0000000   0.0000006   0.0001043   0.0012239   0.0048378   0.0114552   0.0207141   0.0321617   0.0454773
   9.7942216   0.0000000   0.0000000   0.0000002   0.0000596   0.0008481   0.0037191   0.0093726   0.0176393   0.0281357   0.0405580
   9.8145838   0.0000000   0.0000000   0.0000001   0.0000334   0.0005804   0.0028353   0.0076233   0.0149559   0.0245338   0.0360794
   9.8349460   0.0000000   0.0000000   0.0000000   0.0000184   0.0003923   0.0021433   0.0061636   0.0126255   0.0213229   0.0320134
   9.8553082   0.0000000   0.0000000   0.0000000   0.0000099   0.0002619   0.0016066   0.0049534   0.0106112   0.0184708   0.0283325
   9.8756704   0.0000000   0.0000000   0.0000000   0.0000052   0.0001726   0.0011941   0.0039568   0.0088786   0.0159466   0.0250096
   9.8960327   0.0000000   0.0000000   0.0000000   0.0000027   0.0001124   0.0008800   0.0031416   0.0073957   0.0137208   0.0220184
   9.9163949   0.0000000   0.0000000   0.0000000   0.0000014   0.0000722   0.0006430   0.0024791   0.0061327   0.0117655   0.0193335
   9.9367571   0.0000000   0.0000000   0.0000000   0.0000007   0.0000458   0.0004658   0.0019442   0.0050623   0.0100541   0.0169307
   9.9571193   0.0000000   0.0000000   0.0000000   0.0000003   0.0000287   0.0003345   0.0015154   0.0041596   0.0085619   0.0147866
   9.9774815   0.0000000   0.0000000   0.0000000   0.0000002   0.0000178   0.0002381   0.0011738   0.0034022   0.0072657   0.0128788
   9.9978437   0.0000000   0.0000000   0.0000000   0.0000001   0.0000109   0.0001681   0.0009036   0.0027698   0.0061441   0.0111865
  10.0182059   0.0000000   0.0000000   0.0000000   0.0000000   0.0000065   0.0001176   0.0006913   0.0022445   0.0051772   0.0096898
  10.0385681   0.0000000   0.0000000   0.0000000   0.0000000   0.0000039   0.0000816   0.0005255   0.0018103   0.0043469   0.0083700
  10.0589303   0.0000000   0.0000000   0.0000000   0.0000000   0.0000023   0.0000561   0.0003970   0.0014533   0.0036367   0.0072097
  10.0792925   0.0000000   0.0000000   0.0000000   0.0000000   0.0000013   0.0000382   0.0002980   0.0011612   0.0030315   0.0061928
  10.0996547   0.0000000   0.0000000   0.0000000   0.0000000   0.0000008   0.0000258   0.0002223   0.0009234   0.0025179   0.0053042
  10.1200169   0.0000000   0.0000000   0.0000000   0.0000000   0.0000004   0.0000173   0.0001647   0.0007308   0.0020837   0.0045302
  10.1403791   0.0000000   0.0000000   0.0000000   0.0000000   0.0000002   0.0000115   0.0001213   0.0005756   0.0017181   0.0038580
  10.1607413   0.0000000   0.0000000   0.0000000   0.0000000   0.0000001   0.0000076   0.0000888   0.0004512   0.0014114   0.0032761
  10.1811036   0.0000000   0.0000000   0.0000000   0.0000000   0.0000001   0.0000049   0.0000646   0.0003520   0.0011552   0.0027739
 Integrated el-ph coupling
  #            1.5688926   1.5691259   1.5695153   1.5700618   1.5707666   1.5716314   1.5726579   1.5738457   1.5751910   1.5766860
 Phonon smearing (meV)
  #            0.0500000   0.1000000   0.1500000   0.2000000   0.2500000   0.3000000   0.3500000   0.4000000   0.4500000   0.5000000
 Electron smearing (eV)   0.0500000
 Fermi window (eV)   6.0000000
 Summed el-ph coupling    1.6176595
