1728 crystal
0.802077  0.218755  0.010415  0.000578704
0.802077  0.218755  0.03125  0.000578704
0.822912  0.23959  0.052085  0.000578704
0.822912  0.23959  0.07292  0.000578704
0.843747  0.260415  0.093745  0.000578704
0.843747  0.260415  0.11458  0.000578704
0.864583  0.28125  0.135415  0.000578704
0.864583  0.28125  0.15625  0.000578704
0.218747  0.802085  0.010415  0.000578704
0.218747  0.802085  0.03125  0.000578704
0.239583  0.822915  0.052085  0.000578704
0.239583  0.822915  0.07292  0.000578704
0.760415  0.697915  0.093745  0.000578704
0.822912  0.69792  0.11458  0.000578704
0.697923  0.760415  0.093745  0.000578704
0.697923  0.82292  0.11458  0.000578704
0.843747  0.718755  0.135415  0.000578704
0.864583  0.718755  0.135415  0.000578704
0.885415  0.73959  0.15625  0.000578704
0.906245  0.73959  0.15625  0.000578704
0.260417  0.843745  0.093745  0.000578704
0.260417  0.843745  0.11458  0.000578704
0.281253  0.864575  0.135415  0.000578704
0.281253  0.864575  0.15625  0.000578704
0.718755  0.843745  0.135415  0.000578704
0.718755  0.864575  0.135415  0.000578704
0.739585  0.885415  0.156245  0.000578704
0.739585  0.906245  0.156245  0.000578704
0.802077  0.010415  0.218755  0.000578704
0.802077  0.03125  0.218755  0.000578704
0.822912  0.052085  0.23959  0.000578704
0.822912  0.07292  0.23959  0.000578704
0.843747  0.093745  0.260415  0.000578704
0.843747  0.11458  0.260415  0.000578704
0.864583  0.135415  0.28125  0.000578704
0.864583  0.15625  0.28125  0.000578704
0.885415  0.302085  0.177085  0.000578704
0.906245  0.302085  0.23959  0.000578704
0.885415  0.177085  0.302085  0.000578704
0.906245  0.23959  0.302085  0.000578704
0.0104175  0.802085  0.218755  0.000578704
0.0312525  0.802085  0.218755  0.000578704
0.0520875  0.82292  0.23959  0.000578704
0.0729225  0.82292  0.23959  0.000578704
0.927077  0.760415  0.177085  0.000578704
0.947912  0.760415  0.177085  0.000578704
0.968747  0.78125  0.19792  0.000578704
0.989583  0.78125  0.19792  0.000578704
0.093755  0.843745  0.260415  0.000578704
0.114585  0.843745  0.260415  0.000578704
0.135417  0.86458  0.28125  0.000578704
0.156253  0.86458  0.28125  0.000578704
0.302085  0.885415  0.177085  0.000578704
0.302085  0.90625  0.23959  0.000578704
0.177085  0.885415  0.302085  0.000578704
0.239583  0.90625  0.302085  0.000578704
0.760415  0.927075  0.177085  0.000578704
0.760415  0.947905  0.177085  0.000578704
0.781245  0.968745  0.197915  0.000578704
0.781245  0.989575  0.197915  0.000578704
0.218747  0.010415  0.802085  0.000578704
0.218747  0.03125  0.802085  0.000578704
0.239583  0.052085  0.822915  0.000578704
0.239583  0.07292  0.822915  0.000578704
0.760415  0.093745  0.697915  0.000578704
0.822912  0.11458  0.69792  0.000578704
0.697923  0.093745  0.760415  0.000578704
0.697923  0.11458  0.82292  0.000578704
0.843747  0.135415  0.718755  0.000578704
0.864583  0.135415  0.718755  0.000578704
0.885415  0.15625  0.73959  0.000578704
0.906245  0.15625  0.73959  0.000578704
0.0104175  0.218755  0.802085  0.000578704
0.0312525  0.218755  0.802085  0.000578704
0.0520875  0.23959  0.82292  0.000578704
0.0729225  0.23959  0.82292  0.000578704
0.927077  0.177085  0.760415  0.000578704
0.947912  0.177085  0.760415  0.000578704
0.968747  0.19792  0.78125  0.000578704
0.989583  0.19792  0.78125  0.000578704
0.093755  0.760415  0.69792  0.000578704
0.114585  0.82292  0.69792  0.000578704
0.093755  0.69792  0.760415  0.000578704
0.114585  0.69792  0.82292  0.000578704
0.135417  0.843745  0.718755  0.000578704
0.135417  0.86458  0.718755  0.000578704
0.156253  0.885415  0.73959  0.000578704
0.156253  0.90625  0.73959  0.000578704
0.177085  0.927075  0.760415  0.000578704
0.177085  0.947905  0.760415  0.000578704
0.197915  0.968745  0.781245  0.000578704
0.197915  0.989575  0.781245  0.000578704
0.260417  0.093745  0.843745  0.000578704
0.260417  0.11458  0.843745  0.000578704
0.281253  0.135415  0.864575  0.000578704
0.281253  0.15625  0.864575  0.000578704
0.718755  0.135415  0.843745  0.000578704
0.718755  0.135415  0.864575  0.000578704
0.739585  0.156245  0.885415  0.000578704
0.739585  0.156245  0.906245  0.000578704
0.093755  0.260415  0.843745  0.000578704
0.114585  0.260415  0.843745  0.000578704
0.135417  0.28125  0.86458  0.000578704
0.156253  0.28125  0.86458  0.000578704
0.302085  0.177085  0.885415  0.000578704
0.302085  0.23959  0.90625  0.000578704
0.177085  0.302085  0.885415  0.000578704
0.239583  0.302085  0.90625  0.000578704
0.760415  0.177085  0.927075  0.000578704
0.760415  0.177085  0.947905  0.000578704
0.781245  0.197915  0.968745  0.000578704
0.781245  0.197915  0.989575  0.000578704
0.135417  0.718755  0.843745  0.000578704
0.135417  0.718755  0.86458  0.000578704
0.156253  0.73959  0.885415  0.000578704
0.156253  0.73959  0.90625  0.000578704
0.177085  0.760415  0.927075  0.000578704
0.177085  0.760415  0.947905  0.000578704
0.197915  0.781245  0.968745  0.000578704
0.197915  0.781245  0.989575  0.000578704
0.296878  0.036455  0.015625  0.000578704
0.296878  0.015625  0.036455  0.000578704
0.296878  0.04688  0.00521  0.000578704
0.307292  0.078125  0.00521  0.000578704
0.307292  0.06771  0.015625  0.000578704
0.328122  0.10937  0.02604  0.000578704
0.328122  0.13021  0.00521  0.000578704
0.317708  0.036455  0.078125  0.000578704
0.317708  0.057295  0.057295  0.000578704
0.328122  0.078125  0.06771  0.000578704
0.328122  0.06771  0.078125  0.000578704
0.317708  0.02604  0.08854  0.000578704
0.328122  0.036455  0.098955  0.000578704
0.328122  0.057295  0.08854  0.000578704
0.328122  0.04688  0.098955  0.000578704
0.33854  0.15104  0.00521  0.000578704
0.33854  0.140625  0.02604  0.000578704
0.33854  0.13021  0.036455  0.000578704
0.33854  0.119785  0.04688  0.000578704
0.33854  0.10937  0.057295  0.000578704
0.34896  0.140625  0.057295  0.000578704
0.34896  0.13021  0.06771  0.000578704
0.359378  0.161455  0.06771  0.000578704
0.359378  0.15104  0.078125  0.000578704
0.33854  0.078125  0.08854  0.000578704
0.33854  0.06771  0.098955  0.000578704
0.34896  0.078125  0.119785  0.000578704
0.369792  0.161455  0.08854  0.000578704
0.369792  0.161455  0.098955  0.000578704
0.369792  0.15104  0.10937  0.000578704
0.380208  0.161455  0.119785  0.000578704
0.34896  0.02604  0.161455  0.000578704
0.34896  0.06771  0.13021  0.000578704
0.34896  0.04688  0.15104  0.000578704
0.369792  0.08854  0.161455  0.000578704
0.369792  0.098955  0.161455  0.000578704
0.369792  0.10937  0.15104  0.000578704
0.369792  0.13021  0.13021  0.000578704
0.380208  0.161455  0.13021  0.000578704
0.380208  0.15104  0.140625  0.000578704
0.380208  0.140625  0.15104  0.000578704
0.380208  0.13021  0.161455  0.000578704
0.390622  0.161455  0.15104  0.000578704
0.390622  0.15104  0.161455  0.000578704
0.765622  0.151035  0.00521  0.000578704
0.776037  0.16145  0.02604  0.000578704
0.765622  0.00521  0.140625  0.000578704
0.765622  0.00521  0.151035  0.000578704
0.03646  0.29688  0.015625  0.000578704
0.0573  0.307295  0.02604  0.000578704
0.04688  0.307295  0.03646  0.000578704
0.0989625  0.31771  0.00521  0.000578704
0.119792  0.328125  0.015625  0.000578704
0.0156225  0.307295  0.06771  0.000578704
0.0052075  0.307295  0.078125  0.000578704
0.03646  0.31771  0.078125  0.000578704
0.0573  0.31771  0.0573  0.000578704
0.0677175  0.31771  0.04688  0.000578704
0.04688  0.31771  0.06771  0.000578704
0.0781325  0.328125  0.06771  0.000578704
0.0677175  0.328125  0.078125  0.000578704
0.0156225  0.328125  0.119785  0.000578704
0.0052075  0.328125  0.13021  0.000578704
0.369792  0.223965  0.015625  0.000578704
0.380208  0.2448  0.02604  0.000578704
0.380208  0.23438  0.036455  0.000578704
0.369792  0.1823  0.06771  0.000578704
0.369792  0.17188  0.078125  0.000578704
0.390622  0.2448  0.057295  0.000578704
0.390622  0.23438  0.06771  0.000578704
0.390622  0.25521  0.04688  0.000578704
0.390622  0.25521  0.057295  0.000578704
0.40104  0.25521  0.078125  0.000578704
0.380208  0.19271  0.08854  0.000578704
0.380208  0.17188  0.10937  0.000578704
0.390622  0.203125  0.10937  0.000578704
0.390622  0.19271  0.119785  0.000578704
0.390622  0.223965  0.08854  0.000578704
0.390622  0.21355  0.098955  0.000578704
0.40104  0.1823  0.161455  0.000578704
0.786452  0.203125  0.00521  0.000578704
0.786452  0.19271  0.015625  0.000578704
0.82812  0.23438  0.01563  0.000578704
0.807283  0.223965  0.04688  0.000578704
0.807283  0.21355  0.057295  0.000578704
0.8177  0.22397  0.08854  0.000578704
0.8177  0.21355  0.09896  0.000578704
0.82812  0.22397  0.11979  0.000578704
0.82812  0.23438  0.10937  0.000578704
0.85937  0.2448  0.01563  0.000578704
0.86979  0.2448  0.01563  0.000578704
0.848952  0.244795  0.02604  0.000578704
0.838537  0.244795  0.036455  0.000578704
0.86979  0.25521  0.03646  0.000578704
0.95312  0.27604  0.03646  0.000578704
0.963537  0.27604  0.02604  0.000578704
0.86979  0.26563  0.06771  0.000578704
0.85937  0.26563  0.07813  0.000578704
0.890622  0.27604  0.078125  0.000578704
0.932283  0.27604  0.04688  0.000578704
0.921868  0.27604  0.057295  0.000578704
0.932283  0.286455  0.078125  0.000578704
0.9427  0.28646  0.06771  0.000578704
0.890622  0.286455  0.10937  0.000578704
0.880208  0.286455  0.119785  0.000578704
0.98437  0.3073  0.08854  0.000578704
0.838537  0.244795  0.13021  0.000578704
0.838537  0.23438  0.140625  0.000578704
0.838537  0.244795  0.140625  0.000578704
0.838537  0.23438  0.15104  0.000578704
0.890622  0.296875  0.13021  0.000578704
0.890622  0.296875  0.140625  0.000578704
0.880208  0.296875  0.151035  0.000578704
0.880208  0.296875  0.16145  0.000578704
0.932283  0.307295  0.13021  0.000578704
0.921868  0.307295  0.140625  0.000578704
0.932283  0.31771  0.15104  0.000578704
0.921868  0.31771  0.161455  0.000578704
0.9427  0.31771  0.15104  0.000578704
0.95312  0.32813  0.16146  0.000578704
0.963537  0.31771  0.13021  0.000578704
0.98437  0.32813  0.14063  0.000578704
0.140622  0.34896  0.057295  0.000578704
0.15104  0.34896  0.04688  0.000578704
0.16146  0.35937  0.0573  0.000578704
0.0781325  0.33854  0.08854  0.000578704
0.0677175  0.33854  0.098955  0.000578704
0.109378  0.348955  0.088535  0.000578704
0.16146  0.369785  0.08854  0.000578704
0.16146  0.369785  0.09896  0.000578704
0.140622  0.369785  0.119785  0.000578704
0.15104  0.369785  0.10937  0.000578704
0.0677175  0.34896  0.13021  0.000578704
0.0573  0.35937  0.16146  0.000578704
0.0989625  0.359365  0.13021  0.000578704
0.0885475  0.359365  0.140625  0.000578704
0.109378  0.36978  0.151035  0.000578704
0.130208  0.369785  0.13021  0.000578704
0.16146  0.38021  0.13021  0.000578704
0.15104  0.38021  0.14063  0.000578704
0.16146  0.39063  0.15104  0.000578704
0.15104  0.39063  0.16146  0.000578704
0.203122  0.359365  0.005205  0.000578704
0.182292  0.359365  0.03645  0.000578704
0.22396  0.369785  0.01563  0.000578704
0.234378  0.369785  0.00521  0.000578704
0.244792  0.369785  0.00521  0.000578704
0.244792  0.38021  0.02604  0.000578704
0.234378  0.38021  0.036455  0.000578704
0.171878  0.359365  0.046875  0.000578704
0.203122  0.38021  0.07812  0.000578704
0.244792  0.390625  0.057295  0.000578704
0.21354  0.38021  0.06771  0.000578704
0.22396  0.39063  0.07813  0.000578704
0.255208  0.390625  0.04688  0.000578704
0.255208  0.390625  0.057295  0.000578704
0.203122  0.390625  0.109365  0.000578704
0.192708  0.390625  0.11978  0.000578704
0.255208  0.40104  0.08854  0.000578704
0.182292  0.390625  0.13021  0.000578704
0.171878  0.390625  0.140625  0.000578704
0.203122  0.40104  0.140625  0.000578704
0.21354  0.40104  0.13021  0.000578704
0.776037  0.651035  0.036455  0.000578704
0.786452  0.651035  0.036455  0.000578704
0.807283  0.65104  0.015625  0.000578704
0.796868  0.65104  0.02604  0.000578704
0.744792  0.66145  0.057295  0.000578704
0.807283  0.661455  0.04688  0.000578704
0.796868  0.661455  0.057295  0.000578704
0.838537  0.661455  0.00521  0.000578704
0.140622  0.765625  0.00521  0.000578704
0.15104  0.76563  0.00521  0.000578704
0.0052075  0.76563  0.140625  0.000578704
0.02604  0.77604  0.161455  0.000578704
0.203122  0.78645  0.005205  0.000578704
0.192708  0.78645  0.01562  0.000578704
0.22396  0.81771  0.00521  0.000578704
0.22396  0.81771  0.08854  0.000578704
0.21354  0.81771  0.09896  0.000578704
0.22396  0.82813  0.11979  0.000578704
0.651048  0.77604  0.036455  0.000578704
0.651048  0.786455  0.036455  0.000578704
0.661463  0.828125  0.02604  0.000578704
0.661463  0.81771  0.036455  0.000578704
0.661463  0.744795  0.057295  0.000578704
0.661463  0.75521  0.057295  0.000578704
0.661463  0.765625  0.057295  0.000578704
0.723963  0.68229  0.06771  0.000578704
0.744792  0.671875  0.06771  0.000578704
0.744792  0.68229  0.078125  0.000578704
0.82812  0.67188  0.0573  0.000578704
0.8177  0.67188  0.06771  0.000578704
0.6823  0.72397  0.06771  0.000578704
0.692717  0.73438  0.078125  0.000578704
0.67188  0.77604  0.07813  0.000578704
0.67188  0.78646  0.07813  0.000578704
0.67188  0.81771  0.06771  0.000578704
0.765622  0.68229  0.08854  0.000578704
0.776037  0.69271  0.098955  0.000578704
0.8177  0.6823  0.08854  0.000578704
0.82812  0.6823  0.08854  0.000578704
0.744792  0.71355  0.098955  0.000578704
0.734378  0.723965  0.098955  0.000578704
0.744792  0.734375  0.10937  0.000578704
0.734378  0.74479  0.10937  0.000578704
0.765622  0.71355  0.10937  0.000578704
0.755208  0.723965  0.10937  0.000578704
0.692717  0.77604  0.098955  0.000578704
0.703132  0.786455  0.10937  0.000578704
0.744792  0.75521  0.119785  0.000578704
0.734378  0.765625  0.119785  0.000578704
0.6823  0.81771  0.08854  0.000578704
0.6823  0.82813  0.08854  0.000578704
0.786452  0.74479  0.13021  0.000578704
0.807283  0.723965  0.13021  0.000578704
0.744792  0.78645  0.13021  0.000578704
0.765622  0.75521  0.13021  0.000578704
0.755208  0.765625  0.13021  0.000578704
0.765622  0.765625  0.13021  0.000578704
0.755208  0.776035  0.13021  0.000578704
0.765622  0.78645  0.140625  0.000578704
0.796868  0.75521  0.140625  0.000578704
0.744792  0.81771  0.140625  0.000578704
0.734378  0.828125  0.140625  0.000578704
0.755208  0.796875  0.140625  0.000578704
0.786452  0.796875  0.151035  0.000578704
0.776037  0.80729  0.151035  0.000578704
0.85937  0.67188  0.01563  0.000578704
0.848952  0.67188  0.02604  0.000578704
0.838537  0.67188  0.036455  0.000578704
0.86979  0.6823  0.03646  0.000578704
0.890622  0.68229  0.00521  0.000578704
0.880208  0.68229  0.015625  0.000578704
0.890622  0.69271  0.036455  0.000578704
0.901037  0.69271  0.02604  0.000578704
0.95312  0.71355  0.02604  0.000578704
0.9427  0.71355  0.03646  0.000578704
0.973952  0.71355  0.00521  0.000578704
0.963537  0.71355  0.015625  0.000578704
0.99479  0.72397  0.01563  0.000578704
0.973952  0.723965  0.036455  0.000578704
0.911452  0.703125  0.04688  0.000578704
0.901037  0.703125  0.057295  0.000578704
0.890622  0.703125  0.078125  0.000578704
0.901037  0.703125  0.06771  0.000578704
0.932283  0.71355  0.057295  0.000578704
0.95312  0.72397  0.06771  0.000578704
0.9427  0.72397  0.07813  0.000578704
0.838537  0.703125  0.119785  0.000578704
0.848952  0.703125  0.119785  0.000578704
0.890622  0.71355  0.10937  0.000578704
0.880208  0.71355  0.119785  0.000578704
0.921868  0.723965  0.10937  0.000578704
0.9427  0.73438  0.11979  0.000578704
0.85937  0.73438  0.15104  0.000578704
0.86979  0.73438  0.15104  0.000578704
0.880208  0.723965  0.140625  0.000578704
0.890622  0.723965  0.140625  0.000578704
0.963537  0.744795  0.13021  0.000578704
0.848952  0.765625  0.161455  0.000578704
0.95312  0.75521  0.16146  0.000578704
0.98437  0.75521  0.13021  0.000578704
0.98437  0.75521  0.14063  0.000578704
0.973952  0.75521  0.15104  0.000578704
0.963537  0.75521  0.161455  0.000578704
0.99479  0.76563  0.16146  0.000578704
0.234378  0.83854  0.00521  0.000578704
0.27604  0.96354  0.02604  0.000578704
0.265622  0.88021  0.057295  0.000578704
0.265622  0.90104  0.04688  0.000578704
0.27604  0.932285  0.04688  0.000578704
0.27604  0.92187  0.057295  0.000578704
0.28646  0.95312  0.057295  0.000578704
0.28646  0.97396  0.04688  0.000578704
0.28646  0.96354  0.057295  0.000578704
0.296878  0.963535  0.078125  0.000578704
0.28646  0.91146  0.08854  0.000578704
0.28646  0.90104  0.098955  0.000578704
0.307292  0.97395  0.098955  0.000578704
0.317708  0.994785  0.10937  0.000578704
0.317708  0.98437  0.119785  0.000578704
0.234378  0.83854  0.15104  0.000578704
0.265622  0.84896  0.13021  0.000578704
0.265622  0.84896  0.140625  0.000578704
0.296878  0.890625  0.13021  0.000578704
0.296878  0.890625  0.140625  0.000578704
0.296878  0.901035  0.13021  0.000578704
0.307292  0.91145  0.140625  0.000578704
0.296878  0.88021  0.151035  0.000578704
0.296878  0.88021  0.16145  0.000578704
0.307292  0.932285  0.13021  0.000578704
0.307292  0.92187  0.140625  0.000578704
0.317708  0.942695  0.151035  0.000578704
0.328122  0.95311  0.16145  0.000578704
0.33854  0.994785  0.161455  0.000578704
0.661463  0.83854  0.00521  0.000578704
0.67188  0.85937  0.01563  0.000578704
0.6823  0.86979  0.03646  0.000578704
0.692717  0.890625  0.036455  0.000578704
0.703132  0.9427  0.00521  0.000578704
0.703132  0.92187  0.036455  0.000578704
0.723963  0.98437  0.02604  0.000578704
0.6823  0.84896  0.06771  0.000578704
0.6823  0.83854  0.07813  0.000578704
0.692717  0.869785  0.06771  0.000578704
0.692717  0.85937  0.078125  0.000578704
0.692717  0.890625  0.04688  0.000578704
0.692717  0.88021  0.057295  0.000578704
0.703132  0.911455  0.04688  0.000578704
0.703132  0.90104  0.057295  0.000578704
0.703132  0.90104  0.06771  0.000578704
0.713548  0.942695  0.04688  0.000578704
0.723963  0.95311  0.06771  0.000578704
0.723963  0.942695  0.078125  0.000578704
0.723963  0.963535  0.04688  0.000578704
0.703132  0.83854  0.119785  0.000578704
0.703132  0.848955  0.119785  0.000578704
0.703132  0.85937  0.10937  0.000578704
0.703132  0.869785  0.10937  0.000578704
0.713548  0.890625  0.10937  0.000578704
0.713548  0.88021  0.119785  0.000578704
0.723963  0.932285  0.08854  0.000578704
0.723963  0.932285  0.098955  0.000578704
0.723963  0.92187  0.10937  0.000578704
0.734378  0.942695  0.119785  0.000578704
0.744792  0.838535  0.151035  0.000578704
0.744792  0.84895  0.151035  0.000578704
0.765622  0.84895  0.16145  0.000578704
0.734378  0.932285  0.13021  0.000578704
0.734378  0.92187  0.140625  0.000578704
0.744792  0.932285  0.151035  0.000578704
0.744792  0.92187  0.16145  0.000578704
0.755208  0.95311  0.16145  0.000578704
0.755208  0.98437  0.13021  0.000578704
0.755208  0.98437  0.140625  0.000578704
0.755208  0.97395  0.151035  0.000578704
0.755208  0.963535  0.16145  0.000578704
0.765622  0.994785  0.16145  0.000578704
0.0156225  0.00521  0.28646  0.000578704
0.0052075  0.015625  0.28646  0.000578704
0.03646  0.015625  0.29688  0.000578704
0.0781325  0.036455  0.31771  0.000578704
0.109378  0.02604  0.328125  0.000578704
0.130208  0.00521  0.328125  0.000578704
0.0156225  0.06771  0.307295  0.000578704
0.0052075  0.078125  0.307295  0.000578704
0.02604  0.08854  0.31771  0.000578704
0.03646  0.09896  0.328125  0.000578704
0.02604  0.10937  0.328125  0.000578704
0.0573  0.08854  0.328125  0.000578704
0.04688  0.09896  0.328125  0.000578704
0.0052075  0.13021  0.328125  0.000578704
0.34896  0.015625  0.17188  0.000578704
0.34896  0.00521  0.1823  0.000578704
0.359378  0.036455  0.1823  0.000578704
0.359378  0.02604  0.19271  0.000578704
0.369792  0.036455  0.203125  0.000578704
0.359378  0.04688  0.17188  0.000578704
0.380208  0.078125  0.203125  0.000578704
0.380208  0.098955  0.1823  0.000578704
0.380208  0.08854  0.19271  0.000578704
0.390622  0.119785  0.19271  0.000578704
0.390622  0.10937  0.203125  0.000578704
0.390622  0.140625  0.17188  0.000578704
0.390622  0.13021  0.1823  0.000578704
0.369792  0.00521  0.23438  0.000578704
0.369792  0.00521  0.2448  0.000578704
0.380208  0.06771  0.21355  0.000578704
0.390622  0.078125  0.223965  0.000578704
0.390622  0.06771  0.23438  0.000578704
0.40104  0.10937  0.23438  0.000578704
0.390622  0.04688  0.25521  0.000578704
0.390622  0.057295  0.25521  0.000578704
0.40104  0.078125  0.25521  0.000578704
0.786452  0.015625  0.19271  0.000578704
0.786452  0.00521  0.203125  0.000578704
0.786452  0.04688  0.17188  0.000578704
0.796868  0.057295  0.19271  0.000578704
0.796868  0.04688  0.203125  0.000578704
0.82812  0.01563  0.23438  0.000578704
0.807283  0.06771  0.21355  0.000578704
0.8177  0.09896  0.21355  0.000578704
0.8177  0.08854  0.22397  0.000578704
0.82812  0.10937  0.23438  0.000578704
0.838537  0.00521  0.23438  0.000578704
0.848952  0.02604  0.244795  0.000578704
0.838537  0.036455  0.244795  0.000578704
0.98437  0.00521  0.27604  0.000578704
0.848952  0.057295  0.25521  0.000578704
0.848952  0.06771  0.25521  0.000578704
0.838537  0.078125  0.25521  0.000578704
0.86979  0.06771  0.26563  0.000578704
0.85937  0.07813  0.26563  0.000578704
0.880208  0.057295  0.265625  0.000578704
0.932283  0.04688  0.27604  0.000578704
0.921868  0.057295  0.27604  0.000578704
0.95312  0.0573  0.28646  0.000578704
0.932283  0.078125  0.286455  0.000578704
0.973952  0.04688  0.286455  0.000578704
0.963537  0.057295  0.286455  0.000578704
0.848952  0.13021  0.265625  0.000578704
0.848952  0.140625  0.265625  0.000578704
0.848952  0.15104  0.25521  0.000578704
0.848952  0.161455  0.25521  0.000578704
0.98437  0.06771  0.29688  0.000578704
0.911452  0.119785  0.296875  0.000578704
0.932283  0.098955  0.29688  0.000578704
0.95312  0.08854  0.29688  0.000578704
0.9427  0.09896  0.29688  0.000578704
0.901037  0.13021  0.296875  0.000578704
0.911452  0.140625  0.30729  0.000578704
0.880208  0.151035  0.296875  0.000578704
0.880208  0.16145  0.296875  0.000578704
0.963537  0.13021  0.31771  0.000578704
0.85937  0.2448  0.20313  0.000578704
0.85937  0.25521  0.19271  0.000578704
0.86979  0.26563  0.20313  0.000578704
0.86979  0.27604  0.19271  0.000578704
0.911452  0.31771  0.17188  0.000578704
0.911452  0.31771  0.182295  0.000578704
0.911452  0.31771  0.19271  0.000578704
0.932283  0.328125  0.182295  0.000578704
0.932283  0.328125  0.19271  0.000578704
0.921868  0.328125  0.203125  0.000578704
0.85937  0.20313  0.2448  0.000578704
0.85937  0.22397  0.22397  0.000578704
0.86979  0.23438  0.23438  0.000578704
0.86979  0.2448  0.23438  0.000578704
0.86979  0.23438  0.2448  0.000578704
0.880208  0.265625  0.23438  0.000578704
0.880208  0.25521  0.244795  0.000578704
0.911452  0.31771  0.23438  0.000578704
0.921868  0.328125  0.21355  0.000578704
0.921868  0.328125  0.223965  0.000578704
0.86979  0.17188  0.28646  0.000578704
0.880208  0.203125  0.286455  0.000578704
0.880208  0.223965  0.27604  0.000578704
0.890622  0.244795  0.27604  0.000578704
0.890622  0.23438  0.286455  0.000578704
0.890622  0.265625  0.25521  0.000578704
0.890622  0.25521  0.265625  0.000578704
0.911452  0.286455  0.27604  0.000578704
0.911452  0.27604  0.286455  0.000578704
0.890622  0.19271  0.30729  0.000578704
0.890622  0.21355  0.296875  0.000578704
0.901037  0.223965  0.30729  0.000578704
0.911452  0.21355  0.31771  0.000578704
0.911452  0.223965  0.31771  0.000578704
0.932283  0.286455  0.307295  0.000578704
0.921868  0.25521  0.31771  0.000578704
0.932283  0.25521  0.328125  0.000578704
0.932283  0.27604  0.31771  0.000578704
0.932283  0.29688  0.29688  0.000578704
0.9427  0.3073  0.29688  0.000578704
0.9427  0.29688  0.3073  0.000578704
0.03646  0.35937  0.1823  0.000578704
0.0052075  0.35937  0.203125  0.000578704
0.02604  0.35937  0.19271  0.000578704
0.03646  0.369785  0.203125  0.000578704
0.0781325  0.369785  0.17188  0.000578704
0.0677175  0.369785  0.1823  0.000578704
0.0573  0.369785  0.19271  0.000578704
0.04688  0.369785  0.203125  0.000578704
0.0989625  0.38021  0.182295  0.000578704
0.109378  0.38021  0.17188  0.000578704
0.119792  0.390625  0.19271  0.000578704
0.109378  0.390625  0.203125  0.000578704
0.15104  0.40104  0.19271  0.000578704
0.16146  0.40104  0.19271  0.000578704
0.02604  0.369785  0.21355  0.000578704
0.0052075  0.369785  0.23438  0.000578704
0.0052075  0.369785  0.2448  0.000578704
0.0573  0.38021  0.21355  0.000578704
0.04688  0.38021  0.22397  0.000578704
0.0677175  0.38021  0.21355  0.000578704
0.0781325  0.390625  0.223965  0.000578704
0.973952  0.33854  0.17188  0.000578704
0.963537  0.33854  0.182295  0.000578704
0.98437  0.33854  0.17188  0.000578704
0.98437  0.34896  0.19271  0.000578704
0.9427  0.33854  0.21355  0.000578704
0.9427  0.33854  0.22397  0.000578704
0.9427  0.33854  0.23438  0.000578704
0.9427  0.33854  0.2448  0.000578704
0.963537  0.348955  0.21355  0.000578704
0.963537  0.348955  0.223965  0.000578704
0.0156225  0.77604  0.17188  0.000578704
0.0052075  0.77604  0.1823  0.000578704
0.02604  0.78646  0.19271  0.000578704
0.03646  0.79688  0.203125  0.000578704
0.0573  0.79688  0.19271  0.000578704
0.04688  0.79688  0.203125  0.000578704
0.0052075  0.81771  0.223965  0.000578704
0.0156225  0.82813  0.23438  0.000578704
0.0885475  0.82812  0.244795  0.000578704
0.0989625  0.82812  0.244795  0.000578704
0.109378  0.82812  0.23438  0.000578704
0.86979  0.77604  0.17188  0.000578704
0.973952  0.765625  0.17188  0.000578704
0.963537  0.765625  0.182295  0.000578704
0.98437  0.76563  0.17188  0.000578704
0.921868  0.79688  0.19271  0.000578704
0.99479  0.79688  0.21355  0.000578704
0.98437  0.8073  0.21355  0.000578704
0.0156225  0.85937  0.2448  0.000578704
0.0156225  0.86979  0.2448  0.000578704
0.04688  0.83854  0.2448  0.000578704
0.140622  0.83854  0.23438  0.000578704
0.130208  0.83854  0.2448  0.000578704
0.140622  0.83854  0.2448  0.000578704
0.0781325  0.85937  0.265625  0.000578704
0.0677175  0.869785  0.265625  0.000578704
0.0989625  0.86978  0.27604  0.000578704
0.130208  0.84896  0.265625  0.000578704
0.140622  0.84896  0.265625  0.000578704
0.03646  0.88021  0.25521  0.000578704
0.02604  0.89063  0.25521  0.000578704
0.0573  0.88021  0.265625  0.000578704
0.0781325  0.890625  0.27604  0.000578704
0.0989625  0.901035  0.286455  0.000578704
0.0885475  0.91145  0.286455  0.000578704
0.0573  0.92187  0.27604  0.000578704
0.04688  0.93229  0.27604  0.000578704
0.0781325  0.932285  0.28646  0.000578704
0.0573  0.95312  0.28646  0.000578704
0.0156225  0.97396  0.27604  0.000578704
0.0573  0.96354  0.28646  0.000578704
0.04688  0.97396  0.28646  0.000578704
0.0989625  0.93228  0.296875  0.000578704
0.109378  0.921865  0.296875  0.000578704
0.140622  0.92187  0.307295  0.000578704
0.130208  0.932285  0.307295  0.000578704
0.140622  0.95312  0.31771  0.000578704
0.0781325  0.96354  0.29688  0.000578704
0.0573  0.99479  0.29688  0.000578704
0.0677175  0.98437  0.29688  0.000578704
0.109378  0.963535  0.30729  0.000578704
0.119792  0.984365  0.31771  0.000578704
0.109378  0.99478  0.31771  0.000578704
0.130208  0.96354  0.31771  0.000578704
0.244792  0.84896  0.17188  0.000578704
0.234378  0.84896  0.1823  0.000578704
0.22396  0.84896  0.19271  0.000578704
0.21354  0.84896  0.20313  0.000578704
0.27604  0.869785  0.19271  0.000578704
0.317708  0.91145  0.19271  0.000578704
0.328122  0.932285  0.182295  0.000578704
0.328122  0.932285  0.19271  0.000578704
0.328122  0.92187  0.203125  0.000578704
0.182292  0.84895  0.234375  0.000578704
0.171878  0.84895  0.24479  0.000578704
0.22396  0.85937  0.22397  0.000578704
0.234378  0.85937  0.21355  0.000578704
0.244792  0.869785  0.223965  0.000578704
0.234378  0.869785  0.23438  0.000578704
0.244792  0.869785  0.23438  0.000578704
0.234378  0.869785  0.2448  0.000578704
0.265622  0.88021  0.23438  0.000578704
0.255208  0.88021  0.2448  0.000578704
0.296878  0.890625  0.21355  0.000578704
0.307292  0.901035  0.223965  0.000578704
0.317708  0.91145  0.21355  0.000578704
0.317708  0.91145  0.223965  0.000578704
0.328122  0.92187  0.21355  0.000578704
0.328122  0.92187  0.223965  0.000578704
0.182292  0.859365  0.25521  0.000578704
0.171878  0.859365  0.265625  0.000578704
0.21354  0.86979  0.25521  0.000578704
0.244792  0.890625  0.27604  0.000578704
0.234378  0.890625  0.28646  0.000578704
0.265622  0.890625  0.25521  0.000578704
0.255208  0.890625  0.265625  0.000578704
0.265622  0.90104  0.27604  0.000578704
0.255208  0.90104  0.28646  0.000578704
0.296878  0.91145  0.265625  0.000578704
0.317708  0.92187  0.25521  0.000578704
0.328122  0.932285  0.25521  0.000578704
0.307292  0.932285  0.286455  0.000578704
0.328122  0.942695  0.27604  0.000578704
0.317708  0.942695  0.286455  0.000578704
0.171878  0.91145  0.31771  0.000578704
0.182292  0.91145  0.31771  0.000578704
0.192708  0.91145  0.31771  0.000578704
0.21354  0.89063  0.29688  0.000578704
0.234378  0.91146  0.31771  0.000578704
0.265622  0.91146  0.29688  0.000578704
0.182292  0.93228  0.328125  0.000578704
0.265622  0.92187  0.307295  0.000578704
0.27604  0.932285  0.31771  0.000578704
0.28646  0.9427  0.31771  0.000578704
0.27604  0.9427  0.328125  0.000578704
0.33854  0.95312  0.19271  0.000578704
0.33854  0.9427  0.203125  0.000578704
0.33854  0.9427  0.23438  0.000578704
0.33854  0.9427  0.2448  0.000578704
0.34896  0.96354  0.21355  0.000578704
0.34896  0.96354  0.223965  0.000578704
0.359378  0.994785  0.21355  0.000578704
0.359378  0.98437  0.223965  0.000578704
0.33854  0.9427  0.25521  0.000578704
0.755208  0.901035  0.17188  0.000578704
0.755208  0.91145  0.17188  0.000578704
0.765622  0.97395  0.17188  0.000578704
0.765622  0.963535  0.182295  0.000578704
0.765622  0.98437  0.17188  0.000578704
0.807283  0.973955  0.21355  0.000578704
0.8177  0.96354  0.21355  0.000578704
0.973952  0.83854  0.223965  0.000578704
0.99479  0.84896  0.23438  0.000578704
0.838537  0.973955  0.223965  0.000578704
0.140622  0.02604  0.33854  0.000578704
0.130208  0.036455  0.33854  0.000578704
0.16146  0.02604  0.34896  0.000578704
0.119792  0.078125  0.348955  0.000578704
0.15104  0.04688  0.34896  0.000578704
0.16146  0.0573  0.35937  0.000578704
0.0781325  0.08854  0.33854  0.000578704
0.0677175  0.098955  0.33854  0.000578704
0.140622  0.08854  0.35937  0.000578704
0.130208  0.098955  0.35937  0.000578704
0.140622  0.119785  0.369785  0.000578704
0.0052075  0.15104  0.33854  0.000578704
0.02604  0.161455  0.34896  0.000578704
0.0573  0.140625  0.34896  0.000578704
0.04688  0.15104  0.34896  0.000578704
0.0573  0.16146  0.35937  0.000578704
0.0885475  0.16145  0.36978  0.000578704
0.0989625  0.16145  0.36978  0.000578704
0.119792  0.16145  0.38021  0.000578704
0.182292  0.005205  0.348955  0.000578704
0.171878  0.01562  0.348955  0.000578704
0.22396  0.01563  0.369785  0.000578704
0.171878  0.046875  0.359365  0.000578704
0.203122  0.046875  0.36978  0.000578704
0.192708  0.05729  0.36978  0.000578704
0.182292  0.067705  0.36978  0.000578704
0.171878  0.07812  0.36978  0.000578704
0.244792  0.02604  0.38021  0.000578704
0.234378  0.036455  0.38021  0.000578704
0.203122  0.07812  0.38021  0.000578704
0.244792  0.057295  0.390625  0.000578704
0.21354  0.06771  0.38021  0.000578704
0.22396  0.07813  0.39063  0.000578704
0.234378  0.06771  0.390625  0.000578704
0.255208  0.04688  0.390625  0.000578704
0.255208  0.057295  0.390625  0.000578704
0.182292  0.09895  0.38021  0.000578704
0.171878  0.109365  0.38021  0.000578704
0.244792  0.08854  0.40104  0.000578704
0.234378  0.098955  0.40104  0.000578704
0.244792  0.098955  0.40104  0.000578704
0.255208  0.08854  0.40104  0.000578704
0.182292  0.13021  0.390625  0.000578704
0.171878  0.140625  0.390625  0.000578704
0.21354  0.13021  0.40104  0.000578704
0.0156225  0.17188  0.34896  0.000578704
0.0052075  0.1823  0.34896  0.000578704
0.0781325  0.17188  0.369785  0.000578704
0.0677175  0.1823  0.369785  0.000578704
0.0573  0.19271  0.369785  0.000578704
0.04688  0.203125  0.369785  0.000578704
0.0156225  0.223965  0.369785  0.000578704
0.0781325  0.203125  0.38021  0.000578704
0.0989625  0.182295  0.38021  0.000578704
0.140622  0.17188  0.390625  0.000578704
0.130208  0.1823  0.390625  0.000578704
0.15104  0.19271  0.40104  0.000578704
0.16146  0.19271  0.40104  0.000578704
0.03646  0.23438  0.38021  0.000578704
0.02604  0.2448  0.38021  0.000578704
0.0677175  0.21355  0.38021  0.000578704
0.0781325  0.223965  0.390625  0.000578704
0.0573  0.2448  0.390625  0.000578704
0.130208  0.21355  0.40104  0.000578704
0.171878  0.171875  0.40104  0.000578704
0.182292  0.171875  0.40104  0.000578704
0.171878  0.18229  0.40104  0.000578704
0.9427  0.23438  0.33854  0.000578704
0.9427  0.2448  0.33854  0.000578704
0.963537  0.21355  0.348955  0.000578704
0.963537  0.223965  0.348955  0.000578704
0.99479  0.21355  0.35937  0.000578704
0.98437  0.22397  0.35937  0.000578704
0.16146  0.99479  0.33854  0.000578704
0.21354  0.9427  0.33854  0.000578704
0.22396  0.9427  0.33854  0.000578704
0.234378  0.9427  0.33854  0.000578704
0.244792  0.9427  0.33854  0.000578704
0.182292  0.963535  0.33854  0.000578704
0.171878  0.97395  0.33854  0.000578704
0.21354  0.96354  0.34896  0.000578704
0.22396  0.96354  0.34896  0.000578704
0.22396  0.98437  0.35937  0.000578704
0.21354  0.99479  0.35937  0.000578704
0.807283  0.015625  0.65104  0.000578704
0.82812  0.01563  0.66146  0.000578704
0.796868  0.02604  0.65104  0.000578704
0.744792  0.057295  0.66145  0.000578704
0.776037  0.057295  0.66145  0.000578704
0.786452  0.057295  0.66145  0.000578704
0.807283  0.04688  0.661455  0.000578704
0.796868  0.057295  0.661455  0.000578704
0.838537  0.00521  0.661455  0.000578704
0.0573  0.7448  0.66146  0.000578704
0.0573  0.77604  0.66146  0.000578704
0.0573  0.78646  0.66146  0.000578704
0.0156225  0.8073  0.65104  0.000578704
0.02604  0.79688  0.65104  0.000578704
0.0573  0.79688  0.66146  0.000578704
0.04688  0.8073  0.66146  0.000578704
0.890622  0.765625  0.59895  0.000578704
0.880208  0.776035  0.59895  0.000578704
0.9427  0.75521  0.60937  0.000578704
0.95312  0.77604  0.61979  0.000578704
0.9427  0.78646  0.61979  0.000578704
0.86979  0.81771  0.60937  0.000578704
0.85937  0.82813  0.60937  0.000578704
0.95312  0.79688  0.63021  0.000578704
0.9427  0.8073  0.63021  0.000578704
0.932283  0.81771  0.63021  0.000578704
0.921868  0.828125  0.63021  0.000578704
0.99479  0.79688  0.64063  0.000578704
0.963537  0.81771  0.640625  0.000578704
0.99479  0.81771  0.65104  0.000578704
0.98437  0.82813  0.65104  0.000578704
0.786452  0.869785  0.59895  0.000578704
0.82812  0.85937  0.60937  0.000578704
0.8177  0.86979  0.60937  0.000578704
0.807283  0.88021  0.60937  0.000578704
0.796868  0.890625  0.60937  0.000578704
0.807283  0.911455  0.619785  0.000578704
0.744792  0.92187  0.59895  0.000578704
0.744792  0.942695  0.60937  0.000578704
0.744792  0.95311  0.60937  0.000578704
0.765622  0.932285  0.60937  0.000578704
0.796868  0.92187  0.619785  0.000578704
0.765622  0.963535  0.619785  0.000578704
0.755208  0.97395  0.619785  0.000578704
0.807283  0.9427  0.63021  0.000578704
0.796868  0.953115  0.63021  0.000578704
0.82812  0.95312  0.64063  0.000578704
0.765622  0.994785  0.63021  0.000578704
0.796868  0.994785  0.640625  0.000578704
0.82812  0.98437  0.65104  0.000578704
0.8177  0.99479  0.65104  0.000578704
0.838537  0.88021  0.619785  0.000578704
0.86979  0.86979  0.63021  0.000578704
0.890622  0.84895  0.63021  0.000578704
0.901037  0.838535  0.63021  0.000578704
0.911452  0.838535  0.63021  0.000578704
0.880208  0.85937  0.63021  0.000578704
0.932283  0.83854  0.640625  0.000578704
0.921868  0.848955  0.640625  0.000578704
0.95312  0.84896  0.65104  0.000578704
0.932283  0.869785  0.65104  0.000578704
0.848952  0.890625  0.63021  0.000578704
0.890622  0.88021  0.640625  0.000578704
0.880208  0.890625  0.640625  0.000578704
0.921868  0.88021  0.65104  0.000578704
0.932283  0.90104  0.661455  0.000578704
0.921868  0.911455  0.661455  0.000578704
0.848952  0.953115  0.65104  0.000578704
0.85937  0.9427  0.65104  0.000578704
0.911452  0.92187  0.66145  0.000578704
0.901037  0.932285  0.66145  0.000578704
0.86979  0.96354  0.66146  0.000578704
0.85937  0.97396  0.66146  0.000578704
0.203122  0.005205  0.78645  0.000578704
0.192708  0.01562  0.78645  0.000578704
0.203122  0.03645  0.796875  0.000578704
0.234378  0.015625  0.828125  0.000578704
0.234378  0.036455  0.81771  0.000578704
0.234378  0.02604  0.828125  0.000578704
0.203122  0.046875  0.796875  0.000578704
0.192708  0.05729  0.796875  0.000578704
0.22396  0.08854  0.81771  0.000578704
0.21354  0.09896  0.81771  0.000578704
0.64063  0.01563  0.76563  0.000578704
0.64063  0.01563  0.77604  0.000578704
0.64063  0.00521  0.78646  0.000578704
0.651048  0.02604  0.79688  0.000578704
0.661463  0.015625  0.828125  0.000578704
0.723963  0.057295  0.671875  0.000578704
0.713548  0.057295  0.68229  0.000578704
0.734378  0.078125  0.69271  0.000578704
0.776037  0.078125  0.671875  0.000578704
0.786452  0.078125  0.671875  0.000578704
0.807283  0.06771  0.67188  0.000578704
0.796868  0.078125  0.67188  0.000578704
0.734378  0.08854  0.703125  0.000578704
0.786452  0.10937  0.703125  0.000578704
0.807283  0.08854  0.682295  0.000578704
0.6823  0.0573  0.71355  0.000578704
0.67188  0.0573  0.72397  0.000578704
0.6823  0.06771  0.72397  0.000578704
0.692717  0.06771  0.71355  0.000578704
0.692717  0.078125  0.73438  0.000578704
0.703132  0.08854  0.73438  0.000578704
0.723963  0.098955  0.734375  0.000578704
0.713548  0.098955  0.74479  0.000578704
0.744792  0.10937  0.734375  0.000578704
0.734378  0.10937  0.74479  0.000578704
0.765622  0.10937  0.71355  0.000578704
0.755208  0.10937  0.723965  0.000578704
0.776037  0.119785  0.723965  0.000578704
0.765622  0.119785  0.734375  0.000578704
0.755208  0.119785  0.74479  0.000578704
0.796868  0.119785  0.71355  0.000578704
0.82812  0.13021  0.71355  0.000578704
0.6823  0.08854  0.76563  0.000578704
0.6823  0.08854  0.77604  0.000578704
0.6823  0.08854  0.78646  0.000578704
0.692717  0.098955  0.77604  0.000578704
0.723963  0.119785  0.776035  0.000578704
0.776037  0.13021  0.75521  0.000578704
0.786452  0.140625  0.765625  0.000578704
0.796868  0.140625  0.75521  0.000578704
0.82812  0.15104  0.75521  0.000578704
0.8177  0.15104  0.76563  0.000578704
0.807283  0.15104  0.77604  0.000578704
0.796868  0.15104  0.786455  0.000578704
0.67188  0.07813  0.79688  0.000578704
0.67188  0.06771  0.8073  0.000578704
0.67188  0.0573  0.82813  0.000578704
0.6823  0.08854  0.8073  0.000578704
0.713548  0.119785  0.796875  0.000578704
0.713548  0.13021  0.828125  0.000578704
0.744792  0.140625  0.81771  0.000578704
0.734378  0.140625  0.828125  0.000578704
0.911452  0.015625  0.69271  0.000578704
0.890622  0.036455  0.69271  0.000578704
0.932283  0.015625  0.703125  0.000578704
0.85937  0.04688  0.6823  0.000578704
0.86979  0.06771  0.69271  0.000578704
0.85937  0.07813  0.69271  0.000578704
0.890622  0.04688  0.69271  0.000578704
0.880208  0.057295  0.69271  0.000578704
0.85937  0.10937  0.70313  0.000578704
0.86979  0.10937  0.70313  0.000578704
0.880208  0.08854  0.703125  0.000578704
0.95312  0.02604  0.71355  0.000578704
0.9427  0.03646  0.71355  0.000578704
0.9427  0.04688  0.71355  0.000578704
0.95312  0.06771  0.72397  0.000578704
0.9427  0.07813  0.72397  0.000578704
0.963537  0.04688  0.723965  0.000578704
0.890622  0.10937  0.71355  0.000578704
0.880208  0.119785  0.71355  0.000578704
0.932283  0.08854  0.723965  0.000578704
0.932283  0.098955  0.723965  0.000578704
0.921868  0.10937  0.723965  0.000578704
0.95312  0.09896  0.73438  0.000578704
0.963537  0.08854  0.73438  0.000578704
0.973952  0.10937  0.744795  0.000578704
0.963537  0.119785  0.744795  0.000578704
0.880208  0.140625  0.723965  0.000578704
0.890622  0.140625  0.723965  0.000578704
0.901037  0.13021  0.723965  0.000578704
0.95312  0.14063  0.7448  0.000578704
0.932283  0.15104  0.744795  0.000578704
0.921868  0.161455  0.744795  0.000578704
0.963537  0.13021  0.744795  0.000578704
0.85937  0.16146  0.75521  0.000578704
0.86979  0.16146  0.75521  0.000578704
0.85937  0.16146  0.76563  0.000578704
0.99479  0.16146  0.76563  0.000578704
0.0156225  0.17188  0.77604  0.000578704
0.0052075  0.1823  0.77604  0.000578704
0.02604  0.19271  0.78646  0.000578704
0.03646  0.203125  0.79688  0.000578704
0.0573  0.19271  0.79688  0.000578704
0.04688  0.203125  0.79688  0.000578704
0.0781325  0.203125  0.8073  0.000578704
0.0052075  0.223965  0.81771  0.000578704
0.0156225  0.23438  0.82813  0.000578704
0.0573  0.21355  0.8073  0.000578704
0.04688  0.22397  0.8073  0.000578704
0.0989625  0.21355  0.817705  0.000578704
0.0885475  0.223965  0.817705  0.000578704
0.119792  0.223965  0.82812  0.000578704
0.109378  0.23438  0.82812  0.000578704
0.890622  0.17188  0.765625  0.000578704
0.932283  0.19271  0.786455  0.000578704
0.95312  0.19271  0.77604  0.000578704
0.9427  0.19271  0.78646  0.000578704
0.973952  0.17188  0.765625  0.000578704
0.963537  0.182295  0.765625  0.000578704
0.99479  0.1823  0.77604  0.000578704
0.95312  0.20313  0.79688  0.000578704
0.9427  0.20313  0.8073  0.000578704
0.963537  0.203125  0.79688  0.000578704
0.973952  0.21355  0.807295  0.000578704
0.963537  0.21355  0.81771  0.000578704
0.99479  0.22397  0.81771  0.000578704
0.98437  0.22397  0.82813  0.000578704
0.0156225  0.64063  0.77604  0.000578704
0.0052075  0.64063  0.78646  0.000578704
0.02604  0.65104  0.79688  0.000578704
0.911452  0.59895  0.74479  0.000578704
0.921868  0.598955  0.744795  0.000578704
0.880208  0.59895  0.776035  0.000578704
0.921868  0.60937  0.77604  0.000578704
0.932283  0.619785  0.786455  0.000578704
0.95312  0.61979  0.77604  0.000578704
0.9427  0.61979  0.78646  0.000578704
0.973952  0.619785  0.75521  0.000578704
0.963537  0.619785  0.765625  0.000578704
0.973952  0.63021  0.786455  0.000578704
0.85937  0.59896  0.79688  0.000578704
0.838537  0.598955  0.81771  0.000578704
0.901037  0.619785  0.81771  0.000578704
0.921868  0.619785  0.79688  0.000578704
0.95312  0.63021  0.79688  0.000578704
0.9427  0.63021  0.8073  0.000578704
0.99479  0.64063  0.79688  0.000578704
0.99479  0.65104  0.81771  0.000578704
0.98437  0.65104  0.82813  0.000578704
0.0677175  0.703125  0.703125  0.000578704
0.0677175  0.723965  0.6823  0.000578704
0.0781325  0.79688  0.67188  0.000578704
0.0677175  0.8073  0.67188  0.000578704
0.0573  0.82813  0.67188  0.000578704
0.0885475  0.80729  0.68229  0.000578704
0.0573  0.6823  0.71355  0.000578704
0.0573  0.67188  0.72397  0.000578704
0.0677175  0.69271  0.71355  0.000578704
0.0989625  0.72396  0.734375  0.000578704
0.0989625  0.713545  0.74479  0.000578704
0.109378  0.76562  0.713545  0.000578704
0.109378  0.755205  0.72396  0.000578704
0.119792  0.776035  0.72396  0.000578704
0.119792  0.796875  0.713545  0.000578704
0.140622  0.828125  0.73438  0.000578704
0.140622  0.81771  0.7448  0.000578704
0.0781325  0.67188  0.77604  0.000578704
0.0781325  0.67188  0.78646  0.000578704
0.0885475  0.68229  0.776035  0.000578704
0.0885475  0.68229  0.78645  0.000578704
0.109378  0.72396  0.755205  0.000578704
0.109378  0.713545  0.76562  0.000578704
0.15104  0.82813  0.75521  0.000578704
0.15104  0.81771  0.76563  0.000578704
0.0781325  0.67188  0.79688  0.000578704
0.0677175  0.67188  0.8073  0.000578704
0.0573  0.67188  0.82813  0.000578704
0.0677175  0.67188  0.81771  0.000578704
0.109378  0.692705  0.80729  0.000578704
0.119792  0.713545  0.796875  0.000578704
0.130208  0.71355  0.828125  0.000578704
0.0156225  0.85937  0.67188  0.000578704
0.04688  0.83854  0.67188  0.000578704
0.0573  0.84896  0.6823  0.000578704
0.119792  0.838535  0.70312  0.000578704
0.119792  0.84895  0.70312  0.000578704
0.0885475  0.859365  0.692705  0.000578704
0.0989625  0.86978  0.70312  0.000578704
0.03646  0.89063  0.69271  0.000578704
0.0156225  0.91146  0.69271  0.000578704
0.0781325  0.890625  0.703125  0.000578704
0.0885475  0.880205  0.70312  0.000578704
0.0052075  0.9427  0.70313  0.000578704
0.119792  0.91145  0.72396  0.000578704
0.130208  0.90104  0.723965  0.000578704
0.0677175  0.92187  0.71355  0.000578704
0.04688  0.9427  0.71355  0.000578704
0.0781325  0.9427  0.723965  0.000578704
0.0677175  0.95312  0.723965  0.000578704
0.0885475  0.93228  0.72396  0.000578704
0.0989625  0.93228  0.72396  0.000578704
0.109378  0.921865  0.72396  0.000578704
0.140622  0.92187  0.73438  0.000578704
0.130208  0.932285  0.73438  0.000578704
0.03646  0.97396  0.72397  0.000578704
0.02604  0.98437  0.72397  0.000578704
0.04688  0.96354  0.72397  0.000578704
0.130208  0.96354  0.7448  0.000578704
0.16146  0.85937  0.75521  0.000578704
0.16146  0.86979  0.75521  0.000578704
0.16146  0.85937  0.76563  0.000578704
0.16146  0.96354  0.75521  0.000578704
0.15104  0.97396  0.75521  0.000578704
0.171878  0.89062  0.76562  0.000578704
0.182292  0.91145  0.776035  0.000578704
0.182292  0.901035  0.78645  0.000578704
0.182292  0.963535  0.76562  0.000578704
0.171878  0.97395  0.76562  0.000578704
0.171878  0.984365  0.76562  0.000578704
0.182292  0.99478  0.776035  0.000578704
0.21354  0.97396  0.8073  0.000578704
0.21354  0.99479  0.79688  0.000578704
0.21354  0.98437  0.8073  0.000578704
0.21354  0.96354  0.81771  0.000578704
0.598963  0.92187  0.74479  0.000578704
0.598963  0.869785  0.78645  0.000578704
0.598963  0.890625  0.765625  0.000578704
0.598963  0.88021  0.776035  0.000578704
0.609378  0.91145  0.776035  0.000578704
0.609378  0.901035  0.78645  0.000578704
0.609378  0.942695  0.75521  0.000578704
0.609378  0.92187  0.776035  0.000578704
0.619792  0.932285  0.78645  0.000578704
0.598963  0.85937  0.796875  0.000578704
0.609378  0.869785  0.81771  0.000578704
0.609378  0.85937  0.828125  0.000578704
0.619792  0.91145  0.80729  0.000578704
0.619792  0.890625  0.828125  0.000578704
0.619792  0.901035  0.81771  0.000578704
0.63021  0.95312  0.79688  0.000578704
0.63021  0.9427  0.8073  0.000578704
0.64063  0.96354  0.81771  0.000578704
0.651048  0.994785  0.81771  0.000578704
0.651048  0.98437  0.828125  0.000578704
0.99479  0.86979  0.67188  0.000578704
0.973952  0.890625  0.67188  0.000578704
0.99479  0.90104  0.6823  0.000578704
0.95312  0.93229  0.6823  0.000578704
0.932283  0.953115  0.682295  0.000578704
0.9427  0.9427  0.6823  0.000578704
0.973952  0.9427  0.69271  0.000578704
0.963537  0.953115  0.69271  0.000578704
0.99479  0.95312  0.70313  0.000578704
0.932283  0.98437  0.69271  0.000578704
0.921868  0.994785  0.69271  0.000578704
0.95312  0.99479  0.70313  0.000578704
0.973952  0.973955  0.703125  0.000578704
0.98437  0.96354  0.70313  0.000578704
0.234378  0.00521  0.83854  0.000578704
0.255208  0.057295  0.84896  0.000578704
0.255208  0.078125  0.83854  0.000578704
0.255208  0.06771  0.84896  0.000578704
0.255208  0.04688  0.85937  0.000578704
0.27604  0.098955  0.869785  0.000578704
0.22396  0.16146  0.83854  0.000578704
0.234378  0.15104  0.83854  0.000578704
0.27604  0.078125  0.890625  0.000578704
0.27604  0.08854  0.88021  0.000578704
0.28646  0.098955  0.90104  0.000578704
0.28646  0.08854  0.91146  0.000578704
0.296878  0.119785  0.91145  0.000578704
0.296878  0.13021  0.890625  0.000578704
0.296878  0.140625  0.890625  0.000578704
0.296878  0.151035  0.88021  0.000578704
0.296878  0.16145  0.88021  0.000578704
0.307292  0.151035  0.901035  0.000578704
0.307292  0.16145  0.901035  0.000578704
0.28646  0.06771  0.9427  0.000578704
0.296878  0.098955  0.942695  0.000578704
0.296878  0.08854  0.95311  0.000578704
0.307292  0.119785  0.942695  0.000578704
0.307292  0.10937  0.95311  0.000578704
0.307292  0.140625  0.92187  0.000578704
0.307292  0.13021  0.932285  0.000578704
0.27604  0.015625  0.97396  0.000578704
0.27604  0.02604  0.96354  0.000578704
0.27604  0.00521  0.98437  0.000578704
0.296878  0.06771  0.98437  0.000578704
0.307292  0.08854  0.98437  0.000578704
0.67188  0.03646  0.83854  0.000578704
0.67188  0.02604  0.84896  0.000578704
0.6823  0.07813  0.83854  0.000578704
0.6823  0.06771  0.84896  0.000578704
0.692717  0.078125  0.85937  0.000578704
0.692717  0.06771  0.869785  0.000578704
0.692717  0.098955  0.83854  0.000578704
0.692717  0.098955  0.848955  0.000578704
0.703132  0.119785  0.83854  0.000578704
0.703132  0.119785  0.848955  0.000578704
0.692717  0.08854  0.85937  0.000578704
0.703132  0.098955  0.869785  0.000578704
0.755208  0.16145  0.85937  0.000578704
0.765622  0.16145  0.85937  0.000578704
0.755208  0.16145  0.869785  0.000578704
0.692717  0.015625  0.911455  0.000578704
0.692717  0.02604  0.90104  0.000578704
0.692717  0.057295  0.88021  0.000578704
0.692717  0.04688  0.890625  0.000578704
0.703132  0.06771  0.90104  0.000578704
0.713548  0.119785  0.88021  0.000578704
0.713548  0.10937  0.890625  0.000578704
0.713548  0.098955  0.901035  0.000578704
0.713548  0.08854  0.91145  0.000578704
0.723963  0.140625  0.88021  0.000578704
0.723963  0.140625  0.890625  0.000578704
0.703132  0.036455  0.92187  0.000578704
0.703132  0.00521  0.9427  0.000578704
0.713548  0.036455  0.942695  0.000578704
0.713548  0.02604  0.95311  0.000578704
0.713548  0.057295  0.932285  0.000578704
0.713548  0.06771  0.92187  0.000578704
0.723963  0.08854  0.932285  0.000578704
0.723963  0.098955  0.932285  0.000578704
0.734378  0.098955  0.95311  0.000578704
0.734378  0.119785  0.942695  0.000578704
0.744792  0.16145  0.92187  0.000578704
0.744792  0.151035  0.932285  0.000578704
0.744792  0.140625  0.95311  0.000578704
0.755208  0.16145  0.95311  0.000578704
0.713548  0.015625  0.963535  0.000578704
0.713548  0.00521  0.97395  0.000578704
0.723963  0.036455  0.97395  0.000578704
0.723963  0.015625  0.994785  0.000578704
0.723963  0.02604  0.98437  0.000578704
0.744792  0.119785  0.963535  0.000578704
0.744792  0.10937  0.97395  0.000578704
0.04688  0.2448  0.83854  0.000578704
0.0573  0.25521  0.84896  0.000578704
0.0781325  0.265625  0.85937  0.000578704
0.0677175  0.265625  0.869785  0.000578704
0.109378  0.27604  0.859365  0.000578704
0.119792  0.27604  0.859365  0.000578704
0.15104  0.25521  0.84896  0.000578704
0.16146  0.25521  0.84896  0.000578704
0.03646  0.25521  0.88021  0.000578704
0.02604  0.25521  0.89063  0.000578704
0.0573  0.265625  0.88021  0.000578704
0.0781325  0.27604  0.890625  0.000578704
0.0677175  0.27604  0.90104  0.000578704
0.0677175  0.27604  0.91146  0.000578704
0.119792  0.286455  0.880205  0.000578704
0.109378  0.286455  0.89062  0.000578704
0.0989625  0.286455  0.901035  0.000578704
0.0885475  0.286455  0.91145  0.000578704
0.15104  0.29688  0.88021  0.000578704
0.16146  0.29688  0.88021  0.000578704
0.0573  0.27604  0.92187  0.000578704
0.04688  0.27604  0.93229  0.000578704
0.0677175  0.28646  0.9427  0.000578704
0.109378  0.296875  0.921865  0.000578704
0.140622  0.307295  0.92187  0.000578704
0.130208  0.307295  0.932285  0.000578704
0.140622  0.31771  0.95312  0.000578704
0.15104  0.31771  0.9427  0.000578704
0.16146  0.32813  0.95312  0.000578704
0.0052075  0.27604  0.98437  0.000578704
0.0573  0.28646  0.96354  0.000578704
0.04688  0.28646  0.97396  0.000578704
0.0573  0.29688  0.99479  0.000578704
0.0989625  0.30729  0.97395  0.000578704
0.109378  0.30729  0.963535  0.000578704
0.130208  0.31771  0.96354  0.000578704
0.16146  0.32813  0.96354  0.000578704
0.15104  0.32813  0.97396  0.000578704
0.140622  0.328125  0.98437  0.000578704
0.244792  0.17188  0.84896  0.000578704
0.234378  0.1823  0.84896  0.000578704
0.244792  0.203125  0.85937  0.000578704
0.182292  0.234375  0.84895  0.000578704
0.171878  0.24479  0.84895  0.000578704
0.203122  0.24479  0.859365  0.000578704
0.21354  0.23438  0.85937  0.000578704
0.22396  0.2448  0.86979  0.000578704
0.234378  0.23438  0.869785  0.000578704
0.244792  0.23438  0.869785  0.000578704
0.234378  0.2448  0.869785  0.000578704
0.182292  0.25521  0.859365  0.000578704
0.171878  0.265625  0.859365  0.000578704
0.192708  0.27604  0.86978  0.000578704
0.21354  0.25521  0.86979  0.000578704
0.317708  0.17188  0.91145  0.000578704
0.317708  0.182295  0.91145  0.000578704
0.317708  0.19271  0.91145  0.000578704
0.27604  0.223965  0.88021  0.000578704
0.317708  0.21355  0.91145  0.000578704
0.317708  0.223965  0.91145  0.000578704
0.244792  0.25521  0.88021  0.000578704
0.234378  0.265625  0.88021  0.000578704
0.265622  0.25521  0.890625  0.000578704
0.255208  0.265625  0.890625  0.000578704
0.28646  0.25521  0.90104  0.000578704
0.27604  0.265625  0.90104  0.000578704
0.265622  0.27604  0.90104  0.000578704
0.255208  0.28646  0.90104  0.000578704
0.171878  0.31771  0.91145  0.000578704
0.182292  0.31771  0.91145  0.000578704
0.234378  0.31771  0.91146  0.000578704
0.265622  0.29688  0.91146  0.000578704
0.328122  0.203125  0.92187  0.000578704
0.328122  0.19271  0.932285  0.000578704
0.328122  0.17188  0.942695  0.000578704
0.317708  0.27604  0.932285  0.000578704
0.182292  0.328125  0.93228  0.000578704
0.203122  0.328125  0.921865  0.000578704
0.192708  0.328125  0.93228  0.000578704
0.171878  0.328125  0.942695  0.000578704
0.21354  0.32813  0.92187  0.000578704
0.22396  0.32813  0.92187  0.000578704
0.27604  0.31771  0.932285  0.000578704
0.28646  0.31771  0.9427  0.000578704
0.27604  0.328125  0.9427  0.000578704
0.296878  0.296875  0.932285  0.000578704
0.33854  0.25521  0.9427  0.000578704
0.34896  0.203125  0.97396  0.000578704
0.776037  0.17188  0.869785  0.000578704
0.807283  0.203125  0.9427  0.000578704
0.796868  0.203125  0.953115  0.000578704
0.765622  0.182295  0.963535  0.000578704
0.765622  0.17188  0.97395  0.000578704
0.765622  0.17188  0.98437  0.000578704
0.796868  0.203125  0.96354  0.000578704
0.82812  0.22397  0.98437  0.000578704
0.8177  0.22397  0.99479  0.000578704
0.973952  0.223965  0.83854  0.000578704
0.99479  0.23438  0.84896  0.000578704
0.838537  0.223965  0.973955  0.000578704
0.85937  0.23438  0.99479  0.000578704
0.16146  0.33854  0.99479  0.000578704
0.234378  0.33854  0.9427  0.000578704
0.244792  0.33854  0.9427  0.000578704
0.255208  0.33854  0.9427  0.000578704
0.182292  0.33854  0.963535  0.000578704
0.171878  0.33854  0.97395  0.000578704
0.203122  0.348955  0.97395  0.000578704
0.8177  0.59896  0.83854  0.000578704
0.755208  0.59895  0.901035  0.000578704
0.765622  0.59895  0.901035  0.000578704
0.755208  0.59895  0.91145  0.000578704
0.82812  0.61979  0.89063  0.000578704
0.8177  0.61979  0.90104  0.000578704
0.744792  0.59895  0.92187  0.000578704
0.744792  0.60937  0.942695  0.000578704
0.744792  0.60937  0.95311  0.000578704
0.765622  0.60937  0.932285  0.000578704
0.755208  0.60937  0.942695  0.000578704
0.796868  0.619785  0.92187  0.000578704
0.82812  0.64063  0.95312  0.000578704
0.786452  0.63021  0.97395  0.000578704
0.796868  0.640625  0.994785  0.000578704
0.82812  0.65104  0.98437  0.000578704
0.8177  0.65104  0.99479  0.000578704
0.86979  0.61979  0.83854  0.000578704
0.85937  0.61979  0.84896  0.000578704
0.848952  0.619785  0.85937  0.000578704
0.838537  0.619785  0.869785  0.000578704
0.86979  0.63021  0.86979  0.000578704
0.890622  0.63021  0.84895  0.000578704
0.880208  0.63021  0.85937  0.000578704
0.911452  0.640625  0.85937  0.000578704
0.901037  0.640625  0.869785  0.000578704
0.932283  0.640625  0.83854  0.000578704
0.921868  0.640625  0.848955  0.000578704
0.9427  0.64063  0.83854  0.000578704
0.95312  0.65104  0.84896  0.000578704
0.932283  0.65104  0.869785  0.000578704
0.9427  0.65104  0.85937  0.000578704
0.973952  0.65104  0.83854  0.000578704
0.99479  0.66146  0.84896  0.000578704
0.973952  0.661455  0.85937  0.000578704
0.963537  0.661455  0.869785  0.000578704
0.838537  0.619785  0.88021  0.000578704
0.838537  0.63021  0.90104  0.000578704
0.838537  0.63021  0.911455  0.000578704
0.890622  0.640625  0.88021  0.000578704
0.880208  0.640625  0.890625  0.000578704
0.911452  0.651035  0.890625  0.000578704
0.95312  0.66146  0.88021  0.000578704
0.9427  0.66146  0.89063  0.000578704
0.848952  0.640625  0.92187  0.000578704
0.838537  0.640625  0.932285  0.000578704
0.86979  0.65104  0.93229  0.000578704
0.848952  0.65104  0.953115  0.000578704
0.911452  0.66145  0.92187  0.000578704
0.901037  0.66145  0.932285  0.000578704
0.838537  0.65104  0.973955  0.000578704
0.0781325  0.6823  0.83854  0.000578704
0.0677175  0.6823  0.84896  0.000578704
0.04688  0.6823  0.85937  0.000578704
0.119792  0.70312  0.838535  0.000578704
0.119792  0.70312  0.84895  0.000578704
0.0885475  0.692705  0.859365  0.000578704
0.0989625  0.70312  0.86978  0.000578704
0.15104  0.73438  0.85937  0.000578704
0.15104  0.73438  0.86979  0.000578704
0.16146  0.77604  0.83854  0.000578704
0.03646  0.69271  0.89063  0.000578704
0.0156225  0.69271  0.91146  0.000578704
0.0677175  0.703125  0.90104  0.000578704
0.130208  0.723965  0.90104  0.000578704
0.0052075  0.70313  0.9427  0.000578704
0.0573  0.71355  0.93229  0.000578704
0.0677175  0.71355  0.92187  0.000578704
0.0885475  0.72396  0.93228  0.000578704
0.0989625  0.72396  0.93228  0.000578704
0.109378  0.72396  0.921865  0.000578704
0.16146  0.7448  0.92187  0.000578704
0.15104  0.7448  0.93229  0.000578704
0.15104  0.7448  0.9427  0.000578704
0.03646  0.72397  0.97396  0.000578704
0.04688  0.72397  0.96354  0.000578704
0.0885475  0.734375  0.963535  0.000578704
0.16146  0.75521  0.96354  0.000578704
0.15104  0.75521  0.97396  0.000578704
0.130208  0.75521  0.98437  0.000578704
0.140622  0.75521  0.98437  0.000578704
0.16146  0.76563  0.99479  0.000578704
0.171878  0.776035  0.86978  0.000578704
0.171878  0.76562  0.89062  0.000578704
0.171878  0.755205  0.901035  0.000578704
0.171878  0.755205  0.91145  0.000578704
0.192708  0.78645  0.93228  0.000578704
0.182292  0.76562  0.963535  0.000578704
0.171878  0.76562  0.97395  0.000578704
0.171878  0.76562  0.984365  0.000578704
0.21354  0.8073  0.97396  0.000578704
0.21354  0.81771  0.96354  0.000578704
0.22396  0.82813  0.98437  0.000578704
0.22396  0.81771  0.99479  0.000578704
0.598963  0.78645  0.869785  0.000578704
0.598963  0.81771  0.838535  0.000578704
0.609378  0.828125  0.85937  0.000578704
0.609378  0.81771  0.869785  0.000578704
0.598963  0.74479  0.91145  0.000578704
0.598963  0.776035  0.88021  0.000578704
0.619792  0.80729  0.91145  0.000578704
0.619792  0.81771  0.901035  0.000578704
0.609378  0.765625  0.932285  0.000578704
0.609378  0.776035  0.92187  0.000578704
0.619792  0.78645  0.932285  0.000578704
0.609378  0.75521  0.942695  0.000578704
0.619792  0.78645  0.942695  0.000578704
0.619792  0.776035  0.95311  0.000578704
0.619792  0.765625  0.963535  0.000578704
0.619792  0.75521  0.97395  0.000578704
0.63021  0.76563  0.99479  0.000578704
0.651048  0.828125  0.98437  0.000578704
0.651048  0.81771  0.994785  0.000578704
0.911452  0.671875  0.942695  0.000578704
0.901037  0.671875  0.95311  0.000578704
0.932283  0.682295  0.953115  0.000578704
0.963537  0.682295  0.92187  0.000578704
0.880208  0.671875  0.98437  0.000578704
0.95312  0.70313  0.99479  0.000578704
0.98437  0.70313  0.96354  0.000578704
0.22396  0.97396  0.83854  0.000578704
0.234378  0.994785  0.84896  0.000578704
0.234378  0.85937  0.994785  0.000578704
0.609378  0.84895  0.838535  0.000578704
0.609378  0.838535  0.84895  0.000578704
0.619792  0.88021  0.838535  0.000578704
0.63021  0.89063  0.84896  0.000578704
0.63021  0.90104  0.83854  0.000578704
0.63021  0.91146  0.83854  0.000578704
0.63021  0.88021  0.85937  0.000578704
0.651048  0.953115  0.848955  0.000578704
0.619792  0.838535  0.88021  0.000578704
0.64063  0.86979  0.90104  0.000578704
0.64063  0.85937  0.91146  0.000578704
0.651048  0.911455  0.890625  0.000578704
0.651048  0.890625  0.911455  0.000578704
0.651048  0.90104  0.90104  0.000578704
0.651048  0.85937  0.9427  0.000578704
0.651048  0.83854  0.973955  0.000578704
0.661463  0.848955  0.994785  0.000578704
0.67188  0.95312  0.90104  0.000578704
0.67188  0.9427  0.91146  0.000578704
0.67188  0.98437  0.88021  0.000578704
0.67188  0.96354  0.90104  0.000578704
0.6823  0.97396  0.91146  0.000578704
0.6823  0.99479  0.90104  0.000578704
0.67188  0.91146  0.9427  0.000578704
0.67188  0.90104  0.95312  0.000578704
0.692717  0.994785  0.92187  0.000578704
0.692717  0.98437  0.932285  0.000578704
0.67188  0.89063  0.97396  0.000578704
0.6823  0.90104  0.99479  0.000578704
0.692717  0.932285  0.98437  0.000578704
0.692717  0.92187  0.994785  0.000578704
0.703132  0.953115  0.994785  0.000578704
0.703132  0.973955  0.973955  0.000578704
0.703132  0.98437  0.96354  0.000578704
0.703132  0.96354  0.98437  0.000578704
0.713548  0.994785  0.98437  0.000578704
0.713548  0.98437  0.994785  0.000578704
0.315105  0.023435  0.075525  0.000578704
0.315105  0.028645  0.075525  0.000578704
0.315105  0.023435  0.080735  0.000578704
0.315105  0.059905  0.044275  0.000578704
0.315105  0.054695  0.049485  0.000578704
0.315105  0.059905  0.049485  0.000578704
0.341145  0.158855  0.002605  0.000578704
0.341145  0.164065  0.002605  0.000578704
0.341145  0.158855  0.007815  0.000578704
0.335935  0.132815  0.023435  0.000578704
0.335935  0.127605  0.028645  0.000578704
0.335935  0.132815  0.028645  0.000578704
0.335935  0.101565  0.059905  0.000578704
0.346355  0.143235  0.044275  0.000578704
0.346355  0.138025  0.049485  0.000578704
0.346355  0.143235  0.049485  0.000578704
0.351565  0.138025  0.065105  0.000578704
0.351565  0.143235  0.065105  0.000578704
0.351565  0.138025  0.070315  0.000578704
0.335935  0.070315  0.091145  0.000578704
0.346355  0.080735  0.111975  0.000578704
0.346355  0.033855  0.148435  0.000578704
0.346355  0.039065  0.148435  0.000578704
0.346355  0.033855  0.153645  0.000578704
0.351565  0.075525  0.127605  0.000578704
0.351565  0.080735  0.127605  0.000578704
0.351565  0.075525  0.132815  0.000578704
0.351565  0.065105  0.138025  0.000578704
0.351565  0.070315  0.138025  0.000578704
0.351565  0.065105  0.143235  0.000578704
0.351565  0.054695  0.148435  0.000578704
0.372395  0.127605  0.138025  0.000578704
0.377605  0.138025  0.138025  0.000578704
0.377605  0.143235  0.138025  0.000578704
0.377605  0.138025  0.143235  0.000578704
0.393228  0.164065  0.158855  0.000578704
0.393228  0.158855  0.164065  0.000578704
0.393228  0.164065  0.164065  0.000578704
0.731775  0.002605  0.033855  0.000578704
0.736985  0.007815  0.039065  0.000578704
0.752603  0.07031  0.023435  0.000578704
0.752603  0.065105  0.02864  0.000578704
0.752603  0.07031  0.02864  0.000578704
0.757807  0.096355  0.023435  0.000578704
0.773432  0.13281  0.033855  0.000578704
0.773432  0.127605  0.03906  0.000578704
0.773432  0.13281  0.03906  0.000578704
0.773432  0.148435  0.023435  0.000578704
0.773432  0.15364  0.023435  0.000578704
0.773432  0.148435  0.02864  0.000578704
0.736985  0.002605  0.044275  0.000578704
0.736985  0.007815  0.044275  0.000578704
0.736985  0.002605  0.049485  0.000578704
0.763015  0.070315  0.054695  0.000578704
0.763015  0.065105  0.059905  0.000578704
0.763015  0.070315  0.059905  0.000578704
0.773432  0.117185  0.044275  0.000578704
0.773432  0.12239  0.044275  0.000578704
0.773432  0.117185  0.04948  0.000578704
0.773432  0.12239  0.04948  0.000578704
0.783845  0.138025  0.065105  0.000578704
0.789055  0.143235  0.070315  0.000578704
0.768225  0.002605  0.158845  0.000578704
0.789055  0.065105  0.158845  0.000578704
0.799467  0.106765  0.138025  0.000578704
0.799467  0.11197  0.138025  0.000578704
0.799467  0.106765  0.14323  0.000578704
0.799467  0.11197  0.14323  0.000578704
0.804675  0.106765  0.158855  0.000578704
0.804675  0.111975  0.158855  0.000578704
0.804675  0.106765  0.164065  0.000578704
0.815095  0.138025  0.158855  0.000578704
0.815095  0.143235  0.158855  0.000578704
0.815095  0.138025  0.164065  0.000578704
0.815095  0.143235  0.164065  0.000578704
0.049485  0.304695  0.023435  0.000578704
0.044275  0.304695  0.028645  0.000578704
0.049485  0.304695  0.028645  0.000578704
0.007815  0.304695  0.065105  0.000578704
0.002605  0.304695  0.070315  0.000578704
0.007815  0.304695  0.070315  0.000578704
0.0130225  0.309905  0.075525  0.000578704
0.0182275  0.309905  0.075525  0.000578704
0.023435  0.315105  0.075525  0.000578704
0.028645  0.315105  0.075525  0.000578704
0.023435  0.315105  0.080735  0.000578704
0.054695  0.325525  0.075525  0.000578704
0.059905  0.325525  0.075525  0.000578704
0.054695  0.325525  0.080735  0.000578704
0.0755325  0.33073  0.075525  0.000578704
0.0130225  0.325525  0.111975  0.000578704
0.0182275  0.325525  0.111975  0.000578704
0.361978  0.210945  0.013025  0.000578704
0.377605  0.247405  0.018235  0.000578704
0.356772  0.315105  0.002605  0.000578704
0.361978  0.315105  0.007815  0.000578704
0.356772  0.320315  0.007815  0.000578704
0.361978  0.320315  0.013025  0.000578704
0.356772  0.325525  0.013025  0.000578704
0.356772  0.33073  0.013025  0.000578704
0.361978  0.325525  0.018235  0.000578704
0.356772  0.33073  0.018235  0.000578704
0.361978  0.33073  0.023435  0.000578704
0.398435  0.273435  0.065105  0.000578704
0.398435  0.278645  0.065105  0.000578704
0.403645  0.278645  0.070315  0.000578704
0.403645  0.273435  0.075525  0.000578704
0.403645  0.278645  0.075525  0.000578704
0.403645  0.273435  0.080735  0.000578704
0.403645  0.278645  0.080735  0.000578704
0.382815  0.325525  0.044275  0.000578704
0.377605  0.33073  0.044275  0.000578704
0.382815  0.325525  0.049485  0.000578704
0.382815  0.33073  0.049485  0.000578704
0.382815  0.200525  0.085935  0.000578704
0.382815  0.205735  0.085935  0.000578704
0.382815  0.200525  0.091145  0.000578704
0.388022  0.184905  0.117185  0.000578704
0.388022  0.179695  0.122395  0.000578704
0.388022  0.184905  0.122395  0.000578704
0.408855  0.283855  0.096355  0.000578704
0.408855  0.289065  0.096355  0.000578704
0.414065  0.289065  0.096355  0.000578704
0.414065  0.283855  0.101565  0.000578704
0.414065  0.289065  0.101565  0.000578704
0.419272  0.278645  0.122395  0.000578704
0.419272  0.283855  0.122395  0.000578704
0.419272  0.289065  0.122395  0.000578704
0.408855  0.315105  0.117185  0.000578704
0.414065  0.315105  0.117185  0.000578704
0.408855  0.320315  0.117185  0.000578704
0.414065  0.315105  0.122395  0.000578704
0.408855  0.221365  0.148435  0.000578704
0.408855  0.226575  0.148435  0.000578704
0.408855  0.221365  0.153645  0.000578704
0.414065  0.278645  0.153645  0.000578704
0.414065  0.273435  0.158855  0.000578704
0.414065  0.278645  0.158855  0.000578704
0.414065  0.273435  0.164065  0.000578704
0.830725  0.231775  0.002605  0.000578704
0.830725  0.231775  0.007815  0.000578704
0.820305  0.231775  0.018235  0.000578704
0.809885  0.169275  0.117185  0.000578704
0.809885  0.174485  0.117185  0.000578704
0.809885  0.169275  0.122395  0.000578704
0.820305  0.221365  0.096355  0.000578704
0.820305  0.226575  0.096355  0.000578704
0.820305  0.221365  0.101565  0.000578704
0.820305  0.226575  0.101565  0.000578704
0.820305  0.210945  0.117185  0.000578704
0.872395  0.252605  0.028645  0.000578704
0.893225  0.252605  0.013025  0.000578704
0.888015  0.252605  0.018235  0.000578704
0.893225  0.252605  0.018235  0.000578704
0.929675  0.257815  0.002605  0.000578704
0.934885  0.257815  0.002605  0.000578704
0.929675  0.263025  0.013025  0.000578704
0.934885  0.263025  0.013025  0.000578704
0.929675  0.263025  0.018235  0.000578704
0.919263  0.263025  0.023435  0.000578704
0.924467  0.263025  0.023435  0.000578704
0.919263  0.263025  0.02864  0.000578704
0.940095  0.273435  0.033855  0.000578704
0.945305  0.273435  0.033855  0.000578704
0.940095  0.273435  0.039065  0.000578704
0.856765  0.257815  0.065105  0.000578704
0.882807  0.273435  0.075525  0.000578704
0.877603  0.273435  0.08073  0.000578704
0.882807  0.273435  0.08073  0.000578704
0.888015  0.289065  0.117185  0.000578704
0.888015  0.289065  0.122395  0.000578704
0.981765  0.309905  0.096355  0.000578704
0.986975  0.309905  0.096355  0.000578704
0.981765  0.309905  0.101565  0.000578704
0.835932  0.20573  0.16406  0.000578704
0.882807  0.294275  0.13281  0.000578704
0.882807  0.294275  0.138025  0.000578704
0.877603  0.294275  0.14323  0.000578704
0.882807  0.294275  0.14323  0.000578704
0.893225  0.304685  0.158845  0.000578704
0.888015  0.304685  0.164055  0.000578704
0.893225  0.304685  0.164055  0.000578704
0.929675  0.309905  0.138025  0.000578704
0.955725  0.325525  0.153645  0.000578704
0.945305  0.325525  0.164065  0.000578704
0.127605  0.341145  0.044275  0.000578704
0.132815  0.341145  0.044275  0.000578704
0.127605  0.341145  0.049485  0.000578704
0.143228  0.346355  0.044275  0.000578704
0.138022  0.346355  0.04948  0.000578704
0.143228  0.346355  0.04948  0.000578704
0.148435  0.361975  0.085935  0.000578704
0.148435  0.361975  0.091145  0.000578704
0.065115  0.351565  0.138025  0.000578704
0.070325  0.351565  0.138025  0.000578704
0.065115  0.351565  0.143235  0.000578704
0.049485  0.356765  0.164065  0.000578704
0.091155  0.356765  0.127605  0.000578704
0.085945  0.356765  0.132815  0.000578704
0.091155  0.356765  0.132815  0.000578704
0.117193  0.372385  0.148435  0.000578704
0.164065  0.393235  0.158855  0.000578704
0.158855  0.393235  0.164065  0.000578704
0.164065  0.393235  0.164065  0.000578704
0.231772  0.37239  0.013025  0.000578704
0.236978  0.37239  0.013025  0.000578704
0.231772  0.37239  0.01823  0.000578704
0.236978  0.37239  0.01823  0.000578704
0.242185  0.372395  0.013025  0.000578704
0.304685  0.36197  0.002605  0.000578704
0.309895  0.36197  0.002605  0.000578704
0.309895  0.36197  0.007815  0.000578704
0.309895  0.367175  0.013025  0.000578704
0.304685  0.372385  0.013025  0.000578704
0.304685  0.372385  0.018235  0.000578704
0.309895  0.372385  0.018235  0.000578704
0.325522  0.372385  0.033855  0.000578704
0.330728  0.372385  0.033855  0.000578704
0.330728  0.372385  0.039065  0.000578704
0.299478  0.377605  0.023435  0.000578704
0.294272  0.382815  0.023435  0.000578704
0.294272  0.382815  0.028645  0.000578704
0.299478  0.382815  0.028645  0.000578704
0.304685  0.382815  0.033855  0.000578704
0.309895  0.382815  0.033855  0.000578704
0.309895  0.382815  0.039065  0.000578704
0.221355  0.382815  0.065105  0.000578704
0.210935  0.382815  0.075525  0.000578704
0.216145  0.388025  0.080735  0.000578704
0.283855  0.398435  0.065105  0.000578704
0.289065  0.398435  0.065105  0.000578704
0.283855  0.403645  0.070315  0.000578704
0.289065  0.403645  0.070315  0.000578704
0.289065  0.408855  0.080735  0.000578704
0.320315  0.39323  0.065105  0.000578704

