994 crystal
1.666666666666666574e-01	3.888888888888888395e-01	6.111111111111111605e-01	1.006036217303823022e-03
1.666666666666666574e-01	5.000000000000000000e-01	6.111111111111111605e-01	1.006036217303823022e-03
1.666666666666666574e-01	6.111111111111111605e-01	3.888888888888888395e-01	1.006036217303823022e-03
1.666666666666666574e-01	6.111111111111111605e-01	5.000000000000000000e-01	1.006036217303823022e-03
2.777777777777777901e-01	2.777777777777777901e-01	6.111111111111111605e-01	1.006036217303823022e-03
2.777777777777777901e-01	3.888888888888888395e-01	6.111111111111111605e-01	1.006036217303823022e-03
2.777777777777777901e-01	5.000000000000000000e-01	6.111111111111111605e-01	1.006036217303823022e-03
2.777777777777777901e-01	6.111111111111111605e-01	2.777777777777777901e-01	1.006036217303823022e-03
2.777777777777777901e-01	6.111111111111111605e-01	3.888888888888888395e-01	1.006036217303823022e-03
2.777777777777777901e-01	6.111111111111111605e-01	5.000000000000000000e-01	1.006036217303823022e-03
3.888888888888888395e-01	1.666666666666666574e-01	6.111111111111111605e-01	1.006036217303823022e-03
3.888888888888888395e-01	2.777777777777777901e-01	6.111111111111111605e-01	1.006036217303823022e-03
3.888888888888888395e-01	5.000000000000000000e-01	7.222222222222220989e-01	1.006036217303823022e-03
3.888888888888888395e-01	5.000000000000000000e-01	8.333333333333332593e-01	1.006036217303823022e-03
3.888888888888888395e-01	6.111111111111111605e-01	1.666666666666666574e-01	1.006036217303823022e-03
3.888888888888888395e-01	6.111111111111111605e-01	2.777777777777777901e-01	1.006036217303823022e-03
3.888888888888888395e-01	6.111111111111111605e-01	7.222222222222220989e-01	1.006036217303823022e-03
3.888888888888888395e-01	6.111111111111111605e-01	8.333333333333332593e-01	1.006036217303823022e-03
3.888888888888888395e-01	7.222222222222220989e-01	5.000000000000000000e-01	1.006036217303823022e-03
3.888888888888888395e-01	7.222222222222220989e-01	6.111111111111111605e-01	1.006036217303823022e-03
3.888888888888888395e-01	7.222222222222220989e-01	7.222222222222220989e-01	1.006036217303823022e-03
3.888888888888888395e-01	8.333333333333332593e-01	5.000000000000000000e-01	1.006036217303823022e-03
3.888888888888888395e-01	8.333333333333332593e-01	6.111111111111111605e-01	1.006036217303823022e-03
5.000000000000000000e-01	1.666666666666666574e-01	6.111111111111111605e-01	1.006036217303823022e-03
5.000000000000000000e-01	2.777777777777777901e-01	6.111111111111111605e-01	1.006036217303823022e-03
5.000000000000000000e-01	3.888888888888888395e-01	7.222222222222220989e-01	1.006036217303823022e-03
5.000000000000000000e-01	3.888888888888888395e-01	8.333333333333332593e-01	1.006036217303823022e-03
5.000000000000000000e-01	6.111111111111111605e-01	1.666666666666666574e-01	1.006036217303823022e-03
5.000000000000000000e-01	6.111111111111111605e-01	2.777777777777777901e-01	1.006036217303823022e-03
5.000000000000000000e-01	7.222222222222220989e-01	3.888888888888888395e-01	1.006036217303823022e-03
5.000000000000000000e-01	8.333333333333332593e-01	3.888888888888888395e-01	1.006036217303823022e-03
6.111111111111111605e-01	1.666666666666666574e-01	3.888888888888888395e-01	1.006036217303823022e-03
6.111111111111111605e-01	1.666666666666666574e-01	5.000000000000000000e-01	1.006036217303823022e-03
6.111111111111111605e-01	2.777777777777777901e-01	2.777777777777777901e-01	1.006036217303823022e-03
6.111111111111111605e-01	2.777777777777777901e-01	3.888888888888888395e-01	1.006036217303823022e-03
6.111111111111111605e-01	2.777777777777777901e-01	5.000000000000000000e-01	1.006036217303823022e-03
6.111111111111111605e-01	3.888888888888888395e-01	1.666666666666666574e-01	1.006036217303823022e-03
6.111111111111111605e-01	3.888888888888888395e-01	2.777777777777777901e-01	1.006036217303823022e-03
6.111111111111111605e-01	3.888888888888888395e-01	7.222222222222220989e-01	1.006036217303823022e-03
6.111111111111111605e-01	3.888888888888888395e-01	8.333333333333332593e-01	1.006036217303823022e-03
6.111111111111111605e-01	5.000000000000000000e-01	1.666666666666666574e-01	1.006036217303823022e-03
6.111111111111111605e-01	5.000000000000000000e-01	2.777777777777777901e-01	1.006036217303823022e-03
6.111111111111111605e-01	7.222222222222220989e-01	3.888888888888888395e-01	1.006036217303823022e-03
6.111111111111111605e-01	8.333333333333332593e-01	3.888888888888888395e-01	1.006036217303823022e-03
7.222222222222220989e-01	3.888888888888888395e-01	5.000000000000000000e-01	1.006036217303823022e-03
7.222222222222220989e-01	3.888888888888888395e-01	6.111111111111111605e-01	1.006036217303823022e-03
7.222222222222220989e-01	3.888888888888888395e-01	7.222222222222220989e-01	1.006036217303823022e-03
7.222222222222220989e-01	5.000000000000000000e-01	3.888888888888888395e-01	1.006036217303823022e-03
7.222222222222220989e-01	6.111111111111111605e-01	3.888888888888888395e-01	1.006036217303823022e-03
7.222222222222220989e-01	7.222222222222220989e-01	3.888888888888888395e-01	1.006036217303823022e-03
8.333333333333332593e-01	3.888888888888888395e-01	5.000000000000000000e-01	1.006036217303823022e-03
8.333333333333332593e-01	3.888888888888888395e-01	6.111111111111111605e-01	1.006036217303823022e-03
8.333333333333332593e-01	5.000000000000000000e-01	3.888888888888888395e-01	1.006036217303823022e-03
8.333333333333332593e-01	6.111111111111111605e-01	3.888888888888888395e-01	1.006036217303823022e-03
6.904291552349005601e-01	7.938916700720098918e-01	3.725604312264388374e-01	1.006036217303823022e-03
7.030831774880313967e-01	7.780599050966151564e-01	3.512204799968145497e-01	1.006036217303823022e-03
8.461871483996565857e-01	3.586917953926881952e-01	6.667317198219175900e-01	1.006036217303823022e-03
8.112631775425646063e-01	3.666498389671411506e-01	6.765063805582086642e-01	1.006036217303823022e-03
8.467296410172358012e-01	3.514100099701872870e-01	6.610550002501934808e-01	1.006036217303823022e-03
8.582097158252439684e-01	3.414942690387918200e-01	6.657533827559485307e-01	1.006036217303823022e-03
2.907116557665311851e-01	7.855616736157641222e-01	3.363701465751995912e-01	1.006036217303823022e-03
3.035869079690720063e-01	7.510280379840408305e-01	9.994821379384219995e-01	1.006036217303823022e-03
3.647123720830402482e-01	6.855975367571908174e-01	7.925141385866234511e-01	1.006036217303823022e-03
8.906647588126366255e-01	3.307391272618040445e-01	5.058630733863491713e-01	1.006036217303823022e-03
8.341086202948257977e-01	3.890135060169392922e-01	4.728553278023115980e-01	1.006036217303823022e-03
4.541554848136564182e-03	3.262759136085633394e-01	5.246904266407098616e-01	1.006036217303823022e-03
2.614884841742451393e-02	2.694864273205728189e-01	6.128724990558824803e-01	1.006036217303823022e-03
9.096723072937534793e-02	4.161487077775670174e-01	5.958041906974729240e-01	1.006036217303823022e-03
5.682008524330597887e-02	2.912909695352566830e-01	7.563302839063064109e-01	1.006036217303823022e-03
8.768296198981770928e-01	2.861111776418554520e-01	4.676280133057112987e-01	1.006036217303823022e-03
8.621195676875931246e-01	2.873743119560745463e-01	4.707953427260423429e-01	1.006036217303823022e-03
9.012808357558717010e-01	6.455961760697457308e-01	2.088582046789271007e-01	1.006036217303823022e-03
8.629468984502417506e-01	4.920802065993944985e-01	2.058949626761264196e-01	1.006036217303823022e-03
1.477829908583860596e-01	3.479693073823655336e-01	6.183470884634432174e-01	1.006036217303823022e-03
7.526137774652141843e-01	7.516527102825780737e-01	4.275926349830557749e-01	1.006036217303823022e-03
7.308841524868250339e-01	7.582862815245975385e-01	4.243819850659357740e-01	1.006036217303823022e-03
6.790052596109805716e-01	5.267764773345853246e-01	3.472968938304587527e-01	1.006036217303823022e-03
2.763490969604888714e-01	4.491981206277541605e-01	8.564670974324879449e-01	1.006036217303823022e-03
2.702710590900683219e-01	4.496337566638627381e-01	8.472515307634806980e-01	1.006036217303823022e-03
8.293238386097445680e-01	3.873466440999266402e-01	3.687597926279029270e-01	1.006036217303823022e-03
6.475082218544527812e-01	1.767528877703185841e-01	3.260286461768203137e-01	1.006036217303823022e-03
7.230786474929862262e-01	2.168941513161441459e-01	3.409443502847099849e-01	1.006036217303823022e-03
6.828656004608657515e-01	1.710054965253493819e-01	3.339497352302138733e-01	1.006036217303823022e-03
5.288463915795004189e-01	8.447777170720994766e-01	1.744894938855040822e-01	1.006036217303823022e-03
4.695067967187494529e-01	8.531267488211463634e-01	1.979206167441164010e-01	1.006036217303823022e-03
4.579013878063555310e-01	8.453725016214567178e-01	1.873665358124165237e-01	1.006036217303823022e-03
2.897929680429421895e-01	4.622671232840893513e-02	7.481614216330491063e-01	1.006036217303823022e-03
2.900238285708693908e-01	3.517685543459899561e-02	7.456494432001417039e-01	1.006036217303823022e-03
2.904446782167506291e-01	4.811867555223728332e-02	7.424995122398971859e-01	1.006036217303823022e-03
3.488981607436432153e-01	2.149146126008136259e-01	7.590719569337734951e-01	1.006036217303823022e-03
8.378790217087688230e-01	4.005206373374193274e-01	3.719804636394594133e-01	1.006036217303823022e-03
2.177409306582898663e-01	8.694024724839005680e-01	4.825936873171136066e-01	1.006036217303823022e-03
6.402548789267094032e-01	3.222219519078147743e-01	1.801155428439886741e-01	1.006036217303823022e-03
6.344528833674608626e-01	3.310789026364198695e-01	1.421934928275526699e-01	1.006036217303823022e-03
6.343888887014327294e-01	3.332575779253084125e-01	1.382285345126745835e-01	1.006036217303823022e-03
6.984052115585942522e-01	3.901435182235272192e-01	5.871233948517462498e-01	1.006036217303823022e-03
8.432287431321554561e-01	3.942126402214363723e-01	6.653656467939987884e-01	1.006036217303823022e-03
7.662230537645035033e-01	2.781800070071125397e-01	3.237545332131018805e-01	1.006036217303823022e-03
3.482211162832335449e-01	7.603709414206137884e-01	1.732898188777821091e-01	1.006036217303823022e-03
7.714738769696757315e-01	4.420295074592874296e-01	4.868193319155323939e-01	1.006036217303823022e-03
7.624842014405682766e-01	4.285872210889195011e-01	4.922345820678641348e-01	1.006036217303823022e-03
7.371774756075131219e-01	3.989390081093420748e-01	5.206242042618985932e-01	1.006036217303823022e-03
6.475072822366453318e-01	4.354695077166976791e-01	8.183734611739990061e-01	1.006036217303823022e-03
6.581790747953492060e-01	4.433327075182126320e-01	7.881640595497275692e-01	1.006036217303823022e-03
6.458995635142029956e-02	2.828885157436621944e-01	7.026291569945123383e-01	1.006036217303823022e-03
7.307369989236034424e-01	2.981098906916962443e-02	4.648654426114849914e-01	1.006036217303823022e-03
6.457335397794946585e-01	2.264320179141967315e-01	2.883232821061332274e-01	1.006036217303823022e-03
7.370955487065073974e-01	1.818381317407415654e-01	5.796561435251763594e-01	1.006036217303823022e-03
6.739185245987733275e-01	4.219985584433529890e-01	8.133903516752126750e-01	1.006036217303823022e-03
8.221993416596805604e-01	4.114313196554134078e-01	5.948803034869979411e-01	1.006036217303823022e-03
8.211663977334534570e-01	3.573642908584356848e-01	6.644484761727519340e-01	1.006036217303823022e-03
8.507137669560856930e-01	3.623367360068122656e-01	6.636971264558432226e-01	1.006036217303823022e-03
4.138496573541746715e-01	6.162061304959867147e-01	8.817537617465747157e-01	1.006036217303823022e-03
4.091663481018454340e-01	5.952055761530797851e-01	8.703193351093341246e-01	1.006036217303823022e-03
4.176197760249043545e-01	6.140042456357895917e-01	8.633077540696934005e-01	1.006036217303823022e-03
4.118530870382132725e-01	6.146943072459870594e-01	8.691023031464527593e-01	1.006036217303823022e-03
2.559604733525520925e-02	4.845697595776436994e-01	6.592485873009010788e-01	1.006036217303823022e-03
7.883887240698065346e-01	6.967725308794600059e-01	4.038062852279447612e-01	1.006036217303823022e-03
7.834275566024353488e-01	7.022698357341152775e-01	3.915799650923187381e-01	1.006036217303823022e-03
8.032821825606241140e-01	5.246209468893130445e-01	4.172543871500040136e-01	1.006036217303823022e-03
5.155506767579774996e-01	7.992446238314669937e-01	4.177531024124672143e-01	1.006036217303823022e-03
6.255342816226829861e-01	8.371471436138790967e-01	4.279323319498166134e-01	1.006036217303823022e-03
2.776574355561539642e-01	8.533113812743319260e-01	6.750577485394433364e-01	1.006036217303823022e-03
4.628135344360614356e-01	7.280554956378598730e-01	3.389885589834870649e-02	1.006036217303823022e-03
4.688776828165922561e-01	7.289739388118351426e-01	3.399373659357857180e-02	1.006036217303823022e-03
4.760401621295073382e-01	6.922598046097868663e-01	1.414529208519117384e-02	1.006036217303823022e-03
7.360972721400631524e-01	1.699148987153893953e-01	5.738710469194746588e-01	1.006036217303823022e-03
7.319606197293053729e-01	1.679646479422419458e-01	5.725869569654724600e-01	1.006036217303823022e-03
3.318898620587679149e-01	7.797438984107730731e-01	9.373892457494623076e-02	1.006036217303823022e-03
5.332196172830432346e-01	3.703360804649228344e-01	9.449773779819807817e-01	1.006036217303823022e-03
5.395108251371772967e-01	3.749587639586810517e-01	9.580051511404819031e-01	1.006036217303823022e-03
3.364749200545523733e-01	9.725375754454801402e-01	5.131389050359992376e-01	1.006036217303823022e-03
4.379774249484698068e-01	8.319487304920964998e-01	4.507900114362348720e-01	1.006036217303823022e-03
3.177346228912101833e-01	5.471206610745984467e-01	6.304656295941862831e-01	1.006036217303823022e-03
4.993679797751960914e-01	2.164117518497511439e-01	5.558750924829278794e-01	1.006036217303823022e-03
3.191010853218585464e-01	5.454855447289669312e-01	6.260825508913001602e-01	1.006036217303823022e-03
2.200854252949001055e-01	5.495405780430344667e-01	3.161350657791650587e-01	1.006036217303823022e-03
6.508325291678248581e-01	7.978719718459595933e-01	4.451305394391500969e-01	1.006036217303823022e-03
4.795581521516343870e-01	8.639540014251760880e-01	3.025306530062997212e-01	1.006036217303823022e-03
8.506918848194123806e-01	1.886279900159666401e-01	6.213916292040387868e-01	1.006036217303823022e-03
8.741622277114201589e-01	1.918697295502636013e-01	6.135700834758187616e-01	1.006036217303823022e-03
8.392654158524643915e-01	1.901126903763344089e-01	6.165812701640370763e-01	1.006036217303823022e-03
8.994220446492449117e-01	5.535707670934812974e-01	3.893259920192835843e-01	1.006036217303823022e-03
4.483158541051417978e-01	8.430429452937688861e-01	4.514775798466783563e-01	1.006036217303823022e-03
4.463399545072836427e-01	8.134386513399920471e-01	4.862267359056875460e-01	1.006036217303823022e-03
4.390902976157579629e-01	8.408116037638807549e-01	4.230482646074260611e-01	1.006036217303823022e-03
7.917985749102083304e-01	6.511102301032746231e-01	4.365272462176613133e-01	1.006036217303823022e-03
8.031510084755857370e-01	5.700327802943860878e-01	4.129863310906767282e-01	1.006036217303823022e-03
4.367582756357046847e-01	7.795903025527706198e-01	7.177820496799931504e-01	1.006036217303823022e-03
2.259147166981586574e-01	5.881399131310255379e-01	4.432323793982661519e-01	1.006036217303823022e-03
2.342944665496324574e-01	5.930963667510849024e-01	4.468932375782303512e-01	1.006036217303823022e-03
1.881179460080112109e-01	5.859719610397000622e-01	4.152127669146237210e-01	1.006036217303823022e-03
9.025068826393021215e-01	5.138304954691760296e-01	2.301358579191696285e-01	1.006036217303823022e-03
9.529496423595401611e-01	5.293316917323298565e-01	2.647588513330469406e-01	1.006036217303823022e-03
9.026930005000640689e-01	5.113326476461795833e-01	2.290972557145878885e-01	1.006036217303823022e-03
6.462414187748607430e-01	1.770716998948150267e-01	3.350041440307344742e-01	1.006036217303823022e-03
4.057949948528330464e-01	6.385446349723297166e-01	3.633750335783494934e-01	1.006036217303823022e-03
4.143842992548915083e-01	6.505501522072359988e-01	3.675481290558134662e-01	1.006036217303823022e-03
4.495073579819784948e-01	4.812216375788194722e-01	7.596841711525549323e-01	1.006036217303823022e-03
3.908266277025847502e-01	6.896134572018424169e-01	9.185187374116862147e-01	1.006036217303823022e-03
8.364334248908238401e-01	4.016879128739314075e-01	4.900224198910890783e-01	1.006036217303823022e-03
5.726981305088285623e-01	2.245067451773317402e-01	4.846083301976125135e-01	1.006036217303823022e-03
8.021952242343713957e-01	4.477365974383475944e-01	4.896443774684007821e-01	1.006036217303823022e-03
4.912810776180654981e-01	8.340737463846856770e-01	3.591569375881820680e-01	1.006036217303823022e-03
4.421764130681995475e-01	8.217330461614624770e-01	4.951193755238811889e-01	1.006036217303823022e-03
1.825344861605528446e-01	5.539433265458518774e-01	5.164873430195224824e-01	1.006036217303823022e-03
2.164660480445265711e-01	5.280850112658982409e-01	5.317391985597301751e-01	1.006036217303823022e-03
2.092671939003636350e-01	5.309957760405238369e-01	5.269499864984651394e-01	1.006036217303823022e-03
3.839423561822399300e-01	6.654896466399322641e-01	6.149819233977814603e-01	1.006036217303823022e-03
9.128337713225540551e-01	6.174016175569672082e-01	2.046588921682581108e-01	1.006036217303823022e-03
1.193480881861148646e-01	6.814055592219686597e-01	5.065519029006371188e-01	1.006036217303823022e-03
1.220250932795400173e-01	6.811946513867925823e-01	5.110930792846385406e-01	1.006036217303823022e-03
9.062879242302561700e-01	6.923087603124342682e-01	3.404416819781943548e-01	1.006036217303823022e-03
7.609441472967422015e-01	4.880274946794997959e-01	4.318332963699119120e-01	1.006036217303823022e-03
9.063606635312607684e-01	6.925788421075467216e-01	3.464915784294593792e-01	1.006036217303823022e-03
2.956162775518592079e-01	8.069244855594153165e-01	3.772319588615116182e-01	1.006036217303823022e-03
3.931069091798414239e-01	8.328661007546069861e-01	5.228751935874966783e-01	1.006036217303823022e-03
3.309567598199606442e-01	1.550758363561687836e-01	7.264832099300261303e-01	1.006036217303823022e-03
3.292131831879510639e-01	1.468441286439525761e-01	7.344961546574337863e-01	1.006036217303823022e-03
2.720928712039228925e-01	5.182378096798212486e-01	9.548481575441962743e-01	1.006036217303823022e-03
2.635429617735678964e-01	5.495909381221718570e-01	9.702945924088279828e-01	1.006036217303823022e-03
3.302800180724526635e-01	5.158240761517491890e-01	9.589563797437330450e-01	1.006036217303823022e-03
1.324623742361085155e-01	8.094026674403207444e-01	4.708567764229643071e-01	1.006036217303823022e-03
3.208160151669057769e-01	8.587804760881228017e-01	4.819659275763742423e-01	1.006036217303823022e-03
6.375249412877947996e-01	8.809764476779469167e-01	2.028078431425819617e-01	1.006036217303823022e-03
5.065428985238183968e-01	4.207651448771829727e-01	7.759603608964209531e-01	1.006036217303823022e-03
5.007932973389609410e-01	4.327109044956318207e-01	7.734440368288683088e-01	1.006036217303823022e-03
4.959083527114062639e-01	4.335980963410813738e-01	8.088904278455948393e-01	1.006036217303823022e-03
3.529168395674034397e-01	8.272606833177089669e-01	3.959165336828235904e-01	1.006036217303823022e-03
3.835079604834212286e-01	8.315697509865923598e-01	4.617630784583021120e-01	1.006036217303823022e-03
4.822913229867527574e-01	3.075792251244292563e-01	8.514830185786476102e-01	1.006036217303823022e-03
2.624868871190093600e-01	4.512416990075289736e-01	8.609782854721470535e-01	1.006036217303823022e-03
4.518374883640662310e-01	8.403986821876695615e-03	6.123806990090765456e-01	1.006036217303823022e-03
1.778826881775223134e-01	6.672102102143828706e-01	5.905068858429917134e-01	1.006036217303823022e-03
5.562596257605896266e-01	3.541336425972556046e-01	5.361713661105161483e-02	1.006036217303823022e-03
5.591132551688668961e-01	3.921515814474986761e-01	1.883319087957879834e-02	1.006036217303823022e-03
5.582158441393142434e-01	3.907120824476826848e-01	2.000868680402139582e-02	1.006036217303823022e-03
3.190779349671480358e-01	6.725788487770633095e-01	7.893234798795489837e-01	1.006036217303823022e-03
3.181701918910540550e-01	6.767203298817690005e-01	7.861742837994196709e-01	1.006036217303823022e-03
6.595467763226942060e-01	6.762866046672593168e-01	4.177629118297877531e-01	1.006036217303823022e-03
5.915906441427639662e-01	7.591718468998123193e-01	4.148309739458189704e-01	1.006036217303823022e-03
3.370645705543960924e-01	1.204581137814078329e-01	7.814305503313730972e-01	1.006036217303823022e-03
8.845707664574519180e-01	4.700330947064886855e-01	2.694944010110041921e-01	1.006036217303823022e-03
8.845677448245943264e-01	4.695539510597658839e-01	2.509702947918122651e-01	1.006036217303823022e-03
3.112325788675697202e-01	5.502571145008290365e-01	3.551842319076329441e-02	1.006036217303823022e-03
3.039030935779085674e-01	5.376958022201777654e-01	1.019426605965297050e-02	1.006036217303823022e-03
5.926606291804180637e-01	1.832125071756762202e-01	4.800384725708141120e-01	1.006036217303823022e-03
5.935307976511861039e-01	1.953761122200738110e-01	4.793658734664585919e-01	1.006036217303823022e-03
2.930713258100101637e-01	4.738323273204692043e-01	8.670881507406201782e-01	1.006036217303823022e-03
1.503297122600654456e-01	4.722819654284083346e-01	8.169628458262770954e-01	1.006036217303823022e-03
6.583923732246657057e-01	7.046283440570280110e-01	2.095755931711520414e-01	1.006036217303823022e-03
3.528430413900422447e-01	8.573577774812709551e-01	5.157317616550172179e-01	1.006036217303823022e-03
3.269674241745320065e-01	8.494226587784083904e-01	6.700283389593791883e-01	1.006036217303823022e-03
6.017461439895487318e-01	5.550781876017603089e-01	3.059892633932960182e-01	1.006036217303823022e-03
7.599543703623318214e-01	1.581452993411290309e-01	5.766317453846859786e-01	1.006036217303823022e-03
4.104916965362623849e-01	5.673819377545118448e-01	9.501599326625634889e-01	1.006036217303823022e-03
4.072011409239679747e-01	5.848407067901251200e-01	8.982429432577491157e-01	1.006036217303823022e-03
4.337312721391503034e-01	7.839512702158746293e-01	6.157110973715194113e-01	1.006036217303823022e-03
7.294243586600359652e-01	3.039321125668448254e-01	7.262051739798680572e-01	1.006036217303823022e-03
6.307610041582404348e-01	6.235748904883913202e-01	1.672629706173958397e-01	1.006036217303823022e-03
6.005587483034598995e-01	6.052567087988397487e-01	1.580960410835128560e-01	1.006036217303823022e-03
6.289133018010186760e-01	6.233521665321144489e-01	1.679055199569716439e-01	1.006036217303823022e-03
8.352266338931211287e-01	3.436087968016818817e-01	4.475149908190041992e-01	1.006036217303823022e-03
5.080169902906407353e-01	6.415403356023027248e-01	3.126709015056277075e-01	1.006036217303823022e-03
1.396826420464227503e-01	3.271065022176182224e-01	7.310709619056841024e-01	1.006036217303823022e-03
9.468809338604202708e-01	4.425911389175321009e-01	6.546994134437004176e-01	1.006036217303823022e-03
9.736906408253624967e-01	4.367442172156448255e-01	5.976388922246113067e-01	1.006036217303823022e-03
9.433327707572360943e-01	4.377147314566194880e-01	6.653634810395604449e-01	1.006036217303823022e-03
5.455618187694495358e-01	2.043884693014944576e-01	5.166840153838413441e-01	1.006036217303823022e-03
3.543555225026716049e-01	8.451184806268570160e-01	5.139254756692943626e-01	1.006036217303823022e-03
4.313441276909836253e-01	4.816335051286245172e-01	7.551957782067187930e-01	1.006036217303823022e-03
4.223110053071081893e-01	4.922512477081019133e-01	7.549593405747727637e-01	1.006036217303823022e-03
4.220468415605648227e-01	4.914680110114929557e-01	7.494448305516951958e-01	1.006036217303823022e-03
9.676917195376613101e-01	5.658387053421857216e-01	2.558041947698455054e-01	1.006036217303823022e-03
9.625967907949309899e-01	5.638874803291294979e-01	2.551598264986184583e-01	1.006036217303823022e-03
5.402846982632372175e-01	3.012619816439844889e-01	2.480330616251662512e-01	1.006036217303823022e-03
3.186721109063835322e-01	1.972937388527268576e-01	6.391282017670997240e-01	1.006036217303823022e-03
3.168039092656272371e-01	1.959544877186514544e-01	6.393691222976193300e-01	1.006036217303823022e-03
3.000640832848384676e-01	2.090375542456112123e-01	6.379138788121155867e-01	1.006036217303823022e-03
3.090546181759959987e-01	2.146961283123430264e-01	6.510683596842106180e-01	1.006036217303823022e-03
2.640985798992618316e-01	2.559170097561436208e-01	6.499530214372969406e-01	1.006036217303823022e-03
2.742870718509164973e-01	2.374474953842101721e-01	6.256075230506205065e-01	1.006036217303823022e-03
2.389681834955929007e-01	2.682112037166218266e-01	5.956226104308821601e-01	1.006036217303823022e-03
5.684582508812099366e-01	1.767946937780344729e-01	7.085312216501656879e-01	1.006036217303823022e-03
3.463200403562181617e-01	5.632143610973879833e-01	2.587272742226355282e-01	1.006036217303823022e-03
3.380621224285021986e-01	5.602635795631247806e-01	2.727683677546761110e-01	1.006036217303823022e-03
6.875515124355218166e-01	4.407049109523566433e-01	7.828000717696100841e-01	1.006036217303823022e-03
7.180029159407568251e-01	1.651668490929162902e-01	3.356402642173977324e-01	1.006036217303823022e-03
2.220807091051547333e-01	6.599939378531738399e-01	9.435050517979909346e-01	1.006036217303823022e-03
2.219954344027893212e-01	6.578607636579612006e-01	9.434574912980761008e-01	1.006036217303823022e-03
6.720747356051604005e-01	8.214898717704883779e-01	3.394026104586753134e-01	1.006036217303823022e-03
6.687676377593444466e-01	8.237663413718083749e-01	3.232725858316617407e-01	1.006036217303823022e-03
6.640416197264035203e-01	8.130932246733728608e-01	2.768143469064457962e-01	1.006036217303823022e-03
2.973708645776537152e-01	3.786326039356452400e-01	5.927505091502645040e-01	1.006036217303823022e-03
2.295665189761518232e-01	5.685191814035881475e-01	9.346571977161061140e-01	1.006036217303823022e-03
5.499415311215978264e-01	2.633663793573983170e-01	2.434881894684506609e-01	1.006036217303823022e-03
5.532268465812816283e-01	2.645990103304528551e-01	2.516927116424062527e-01	1.006036217303823022e-03
5.485187289587264425e-01	3.129242030502318861e-01	2.394081937433800711e-01	1.006036217303823022e-03
4.307102903407812877e-01	6.517278564620310188e-01	3.581798875824365735e-01	1.006036217303823022e-03
4.272866165859520726e-01	9.109125452133797207e-01	6.417508505236128036e-01	1.006036217303823022e-03
4.272870235498417157e-01	9.100454721043488293e-01	6.392209028053641440e-01	1.006036217303823022e-03
4.218573775782451518e-01	9.048402635972069286e-01	6.347337366544096859e-01	1.006036217303823022e-03
6.139162170117834494e-01	1.861588654326529757e-01	7.844843536712596821e-01	1.006036217303823022e-03
7.684543185656649011e-02	6.345327467898271845e-01	4.672405793755980419e-01	1.006036217303823022e-03
7.595860253389219441e-01	4.675690432253495343e-01	4.491054527626831550e-01	1.006036217303823022e-03
7.245913689345557795e-01	9.521735668401984931e-01	3.381618705902885713e-01	1.006036217303823022e-03
8.314631705342394596e-01	4.176036134623165585e-01	6.136127162604154694e-01	1.006036217303823022e-03
7.070056674111796502e-01	9.289825073044329917e-01	3.424855216273423042e-01	1.006036217303823022e-03
7.224363577105257228e-01	9.613930229302291020e-01	3.733355398893429822e-01	1.006036217303823022e-03
2.916610518983354106e-01	3.720217287279044271e-02	5.786249562163325866e-01	1.006036217303823022e-03
2.746611755242505670e-01	6.542584511916998968e-03	5.706783369766748049e-01	1.006036217303823022e-03
3.938322480634630085e-01	7.516088298090006781e-02	5.798735755427228966e-01	1.006036217303823022e-03
2.927380057380728484e-01	3.328766785962276875e-02	5.766917414082990412e-01	1.006036217303823022e-03
5.861532896698168349e-01	4.881063207270343596e-01	2.383019433270208709e-01	1.006036217303823022e-03
3.058096190051630692e-01	9.538674777571607422e-01	5.087875081442478908e-01	1.006036217303823022e-03
3.251961886900113785e-01	9.821746435229817829e-01	5.208835103921110044e-01	1.006036217303823022e-03
3.733909841630663751e-01	7.146359936879703723e-02	7.880832735114353671e-01	1.006036217303823022e-03
3.729224841916234934e-01	5.532410680483478005e-02	7.745766680481122046e-01	1.006036217303823022e-03
7.291726653241349387e-01	3.409947297073372408e-01	1.808478752285559432e-01	1.006036217303823022e-03
7.174427800506782971e-01	3.354111463064244902e-01	2.090043776044332169e-01	1.006036217303823022e-03
7.293948470077535884e-01	3.426113306818632798e-01	1.810249741395392464e-01	1.006036217303823022e-03
8.451184700823052287e-01	1.730470689412131891e-01	4.978684796349868158e-01	1.006036217303823022e-03
7.592619398532751696e-01	4.470905577170683487e-01	7.184729479353982873e-01	1.006036217303823022e-03
7.696389155900366097e-01	4.438685457675374813e-01	7.226292788374648612e-01	1.006036217303823022e-03
5.944511716986395911e-01	1.582204357728087540e-01	5.879641724204369702e-01	1.006036217303823022e-03
5.675480796095628833e-01	3.013989538501270493e-01	3.773372576526333455e-02	1.006036217303823022e-03
5.700571597396477674e-01	3.019119241904312245e-01	3.976028819327630942e-02	1.006036217303823022e-03
3.359715850465820886e-01	5.379123887889170064e-01	3.064136526070356664e-02	1.006036217303823022e-03
1.898243363815852736e-01	3.587871508875402626e-01	5.680422343644109251e-01	1.006036217303823022e-03
2.382882524942117330e-01	2.993735932041216019e-01	5.480002973986523029e-01	1.006036217303823022e-03
5.734339001350884368e-01	3.574046395121262543e-01	1.653660447613080064e-01	1.006036217303823022e-03
5.733788275031704851e-01	3.676949593518832327e-01	1.747785639319470452e-01	1.006036217303823022e-03
6.217133463396826709e-01	6.271676417523523728e-02	3.004051141454223139e-01	1.006036217303823022e-03
5.500915083886940282e-01	2.149954168863335013e-01	3.100029163801684140e-01	1.006036217303823022e-03
5.691270109832513580e-01	6.282142471588045285e-02	3.250900104472477237e-01	1.006036217303823022e-03
6.377371585622017003e-01	4.679234312343835134e-01	1.939586011063514082e-02	1.006036217303823022e-03
6.350363826199402206e-01	4.623827369744993865e-01	1.736427499010921582e-02	1.006036217303823022e-03
6.388508170207033432e-01	4.684330294702957476e-01	1.741913975044116769e-02	1.006036217303823022e-03
3.914767044306009525e-01	7.008315877531118288e-01	4.706302700356627677e-01	1.006036217303823022e-03
4.300810827187699359e-01	7.659166534489102451e-01	5.079586346427549248e-01	1.006036217303823022e-03
3.490764188828663350e-01	8.310228300623796471e-01	4.788642894871091293e-01	1.006036217303823022e-03
3.523561630694349023e-01	8.299210665986774815e-01	4.808611789337449149e-01	1.006036217303823022e-03
3.340921524004688004e-01	8.439376109092341371e-01	4.763857595247306120e-01	1.006036217303823022e-03
7.603767742660658135e-02	7.857596822500880762e-01	3.487253295243423201e-01	1.006036217303823022e-03
6.885364191635590103e-01	7.971332132793045311e-01	3.592078144118835414e-01	1.006036217303823022e-03
7.792318226538084147e-01	2.795787134822186881e-01	6.696642667110789260e-01	1.006036217303823022e-03
7.757936876207776056e-01	2.724266836064592745e-01	6.680181812050117740e-01	1.006036217303823022e-03
7.068917874167625071e-01	5.851682647278184657e-01	3.957021384786406082e-01	1.006036217303823022e-03
4.108121594510924512e-01	5.784869315710640114e-01	2.128523806908697025e-01	1.006036217303823022e-03
4.077877806685809570e-01	8.544511646202760380e-01	6.032039982269774558e-01	1.006036217303823022e-03
5.171495729115195283e-01	8.842438965485638347e-01	3.493989913547476123e-01	1.006036217303823022e-03
8.693792342722004296e-01	4.686708521096507596e-01	2.844889709347562246e-01	1.006036217303823022e-03
7.418404629588141175e-01	1.333821787891513178e-01	5.481286170215236009e-01	1.006036217303823022e-03
6.498862971290647605e-01	3.236244290951808544e-01	5.212209195916471804e-01	1.006036217303823022e-03
5.412842379436902940e-01	8.224760085563748158e-01	1.655237809691745277e-01	1.006036217303823022e-03
5.483451931445185723e-01	8.257042238830007985e-01	1.642172095590222203e-01	1.006036217303823022e-03
8.040518481621025115e-01	6.524173362196152848e-01	4.477397501126930135e-01	1.006036217303823022e-03
2.216876352002821460e-01	6.285334441511439829e-01	2.917603324251363817e-01	1.006036217303823022e-03
7.623632283735104487e-01	6.655418251237004146e-01	4.444374714002479188e-01	1.006036217303823022e-03
5.858054917888050328e-01	1.822358601320701599e-01	8.621673124283402156e-01	1.006036217303823022e-03
6.517015187508425900e-01	2.119430302153043622e-01	8.696611450864613069e-01	1.006036217303823022e-03
8.311562937349559199e-01	4.832469197529387639e-01	3.702019023097971040e-01	1.006036217303823022e-03
8.278527015423691182e-01	5.176978954058361060e-01	3.737132379023057061e-01	1.006036217303823022e-03
6.463138461303610249e-01	3.334274268755303972e-01	1.835080429560564941e-01	1.006036217303823022e-03
6.798845256909937795e-01	5.316892096948084845e-01	1.717383801860599690e-01	1.006036217303823022e-03
3.148463054079532752e-01	4.244820860699021758e-01	8.260228859718843353e-01	1.006036217303823022e-03
2.832435563746093510e-01	6.388622363637792567e-01	5.557443992656161541e-02	1.006036217303823022e-03
3.102308278653591600e-01	6.467262253923745652e-01	8.713236517295140648e-02	1.006036217303823022e-03
2.941357928472601579e-01	6.351983464509307620e-01	7.084369034113081887e-02	1.006036217303823022e-03
5.519708542030983267e-01	2.305099541471468672e-01	3.570426510696907973e-01	1.006036217303823022e-03
5.623776233344324194e-01	2.344306130845852931e-01	3.686643200929220487e-01	1.006036217303823022e-03
5.686566746878318757e-01	2.550190306407784657e-01	3.642786692360972522e-01	1.006036217303823022e-03
3.897752500006714804e-01	6.880686559550220904e-01	4.471414075038114833e-01	1.006036217303823022e-03
4.089227937220887843e-01	6.629142152236247032e-01	3.938079034603404471e-01	1.006036217303823022e-03
1.559461170138753128e-01	5.802157436714868721e-01	7.782753623492332240e-01	1.006036217303823022e-03
7.096580319040176610e-01	2.486269175721034508e-01	9.669941997541336987e-01	1.006036217303823022e-03
7.366363823821922008e-01	2.934657356516520155e-01	9.653157443456623632e-01	1.006036217303823022e-03
7.110428124486225521e-01	2.494100413262215488e-01	9.755441268058449023e-01	1.006036217303823022e-03
7.031378773850514019e-01	3.143158992385395867e-01	9.088332739804300120e-01	1.006036217303823022e-03
2.645684065548972730e-01	6.034066571776280918e-01	5.237458287731218583e-03	1.006036217303823022e-03
4.319645441832172250e-01	8.268955929713904807e-01	2.915934697830367961e-01	1.006036217303823022e-03
4.306397504179762525e-01	8.507031528262768427e-01	2.256581993944414832e-01	1.006036217303823022e-03
5.965747278511756013e-01	4.058668689258143614e-01	8.342588745559995633e-01	1.006036217303823022e-03
6.329273198062091987e-01	4.059605157785036722e-01	8.411955345509563031e-01	1.006036217303823022e-03
2.229742043759260772e-01	9.470101524012793925e-01	6.293503035450478400e-01	1.006036217303823022e-03
3.173604959603618103e-01	9.442870345356240147e-01	7.175309683965126473e-01	1.006036217303823022e-03
6.679646748103007514e-01	8.486136904671959247e-01	2.680668579826129827e-01	1.006036217303823022e-03
5.235740707184951548e-01	3.533607796046668303e-01	8.853867950739422454e-01	1.006036217303823022e-03
5.272186712508247775e-01	3.644646640636947654e-01	8.505911973067341592e-01	1.006036217303823022e-03
4.318528714559867199e-01	4.696526375831810429e-01	8.260732363517615529e-01	1.006036217303823022e-03
5.234689880837488651e-01	3.650634926212587561e-01	8.343203197505807411e-01	1.006036217303823022e-03
5.176996350404240443e-01	3.559091768021939162e-01	8.440396925803048678e-01	1.006036217303823022e-03
7.579502043889416729e-01	5.091444385994572386e-01	4.071017831309447499e-01	1.006036217303823022e-03
7.570421943124532316e-01	5.114065212154104145e-01	4.127896837316494816e-01	1.006036217303823022e-03
9.245273173827968094e-01	6.061015401076579323e-01	4.237003788467242904e-01	1.006036217303823022e-03
4.089501741477725161e-01	4.363294384783988344e-01	8.401762424283653052e-01	1.006036217303823022e-03
4.056553281963427571e-01	3.563318097932911543e-01	8.354453695462593643e-01	1.006036217303823022e-03
4.236484512613620246e-01	4.376774414383521883e-01	8.417915368377982821e-01	1.006036217303823022e-03
6.169543277041465990e-01	4.944892392860120861e-02	4.495148311669591168e-01	1.006036217303823022e-03
6.163892533812042052e-01	4.682482062474811052e-02	4.521621434302201537e-01	1.006036217303823022e-03
6.022697054325257815e-01	3.892886868449019766e-01	6.769179187731043656e-01	1.006036217303823022e-03
6.037296441370437750e-01	3.885640491478442593e-01	6.756763412089049625e-01	1.006036217303823022e-03
4.651121301797290220e-01	1.330200408229217923e-01	8.038209100186847200e-01	1.006036217303823022e-03
3.568954952371820033e-01	7.213123706008633951e-02	7.851486694322032944e-01	1.006036217303823022e-03
6.941193125909942419e-01	7.410952207638871192e-02	2.880997722394578742e-01	1.006036217303823022e-03
6.867259094515452134e-01	7.129386047450379793e-02	2.874982637068779767e-01	1.006036217303823022e-03
1.041943212011365860e-01	6.970933209223727500e-01	3.024037597732608940e-01	1.006036217303823022e-03
1.015297772580651542e-01	6.967432674838370810e-01	3.029925645501103659e-01	1.006036217303823022e-03
4.325855675048629889e-01	7.846277674376777034e-01	6.104526029196044590e-01	1.006036217303823022e-03
4.114254186838114946e-01	6.547020039052279250e-01	6.650846338328628704e-01	1.006036217303823022e-03
4.114565964957825894e-01	6.555369619391425706e-01	6.732698773842807904e-01	1.006036217303823022e-03
4.219129591204129337e-01	6.485686664179479699e-01	7.041222446409958202e-01	1.006036217303823022e-03
4.658521011377855792e-01	6.601498383435692174e-01	9.750210678963551203e-01	1.006036217303823022e-03
4.114590733690339786e-01	8.287322431791646071e-01	3.361546377517666828e-01	1.006036217303823022e-03
5.202965212035878251e-01	8.670986449707973609e-01	3.591350952500866889e-01	1.006036217303823022e-03
6.329898942708034326e-01	2.048925555809490429e-01	3.110655822143477689e-01	1.006036217303823022e-03
6.598768411493022290e-01	2.055523014285633998e-01	3.100416294982104581e-01	1.006036217303823022e-03
1.672584810308812009e-01	3.838819100174005738e-01	5.795698227141649062e-01	1.006036217303823022e-03
1.728293790443318767e-01	3.791288597770989810e-01	5.766661296268076331e-01	1.006036217303823022e-03
5.732195476136625611e-01	8.710819388651802608e-02	3.930738013996757929e-01	1.006036217303823022e-03
6.421223965933682276e-01	7.842537587300746349e-02	4.779730203704485869e-01	1.006036217303823022e-03
4.945349443392855204e-01	4.753809627525230896e-02	7.189849736825790760e-01	1.006036217303823022e-03
4.945154289412403426e-01	5.857700467910587072e-02	6.690881201676376344e-01	1.006036217303823022e-03
9.265257731256486551e-01	2.127503261668174939e-01	6.302290101619462126e-01	1.006036217303823022e-03
7.855535135770550514e-01	4.036600107035108742e-01	7.086658761968886999e-01	1.006036217303823022e-03
9.573465220748464954e-01	2.409691485057105509e-01	6.983233962178452270e-01	1.006036217303823022e-03
9.366277364374241410e-01	2.338042160910173139e-01	6.939217192985155380e-01	1.006036217303823022e-03
9.561485261819508974e-01	2.394221463561673202e-01	6.996252370963711442e-01	1.006036217303823022e-03
7.439347170753991545e-01	2.894211217409837222e-01	4.298779079942293552e-02	1.006036217303823022e-03
6.710356758861896198e-01	2.969872210672512836e-01	8.053288738037499561e-01	1.006036217303823022e-03
4.741633528723276370e-01	4.637028521037037110e-01	7.706792700946611951e-01	1.006036217303823022e-03
7.398470550281724956e-01	7.084750368944636723e-01	2.999706875511920501e-01	1.006036217303823022e-03
7.450093957599096539e-01	7.125898595514805756e-01	3.028675272892651926e-01	1.006036217303823022e-03
3.339138502685410348e-01	1.340474137438210922e-01	7.848347326480847874e-01	1.006036217303823022e-03
3.560606198603805672e-01	5.743490218747846487e-01	2.916800737846553804e-01	1.006036217303823022e-03
7.842086860611954258e-01	4.110873704467725154e-01	7.611241311314553837e-02	1.006036217303823022e-03
6.675203190585692337e-01	8.993600542604343051e-01	2.137554536990521892e-01	1.006036217303823022e-03
7.332397449790754029e-01	9.640296461617080537e-01	2.943545404011030375e-01	1.006036217303823022e-03
7.322916731560151771e-01	9.661921443922908415e-01	3.058906695562509381e-01	1.006036217303823022e-03
5.914706354375883768e-01	9.396829677679462423e-01	2.234548043404275264e-01	1.006036217303823022e-03
4.392942498852384081e-01	8.371342234795028370e-01	4.627019582341588277e-01	1.006036217303823022e-03
7.426465700759518063e-01	5.068385615040033043e-01	4.031917034430976265e-01	1.006036217303823022e-03
7.359980572721052106e-01	4.468015069793608851e-01	4.496632393502638103e-01	1.006036217303823022e-03
7.343921898858410957e-01	4.463452982619277032e-01	4.498795459541433672e-01	1.006036217303823022e-03
1.924958043758907278e-01	5.631842739815244858e-01	8.768914107908227784e-01	1.006036217303823022e-03
6.025960319435188506e-01	4.694184445660901650e-01	1.736604655721608603e-01	1.006036217303823022e-03
8.087269709027554709e-01	3.966447034232901681e-01	2.701689294814414444e-01	1.006036217303823022e-03
6.432121087993405428e-01	1.611926036025223274e-01	5.215515570894315722e-01	1.006036217303823022e-03
3.752189242355274956e-01	2.474038483772219854e-01	5.660994865211217419e-01	1.006036217303823022e-03
4.138314405564198495e-01	5.906406534788686269e-01	7.661155758813298355e-01	1.006036217303823022e-03
1.682536734288060942e-01	5.110758720251498133e-01	6.259202292967109837e-01	1.006036217303823022e-03
1.295897420865269323e-01	4.874833717538472611e-01	6.479075955459026037e-01	1.006036217303823022e-03
4.367745985816894327e-01	7.989055732610489402e-01	6.384006685092942224e-01	1.006036217303823022e-03
4.324523493277266928e-01	8.023930761093323039e-01	6.435130956119534673e-01	1.006036217303823022e-03
4.374401570831217279e-01	8.039897900736863168e-01	6.307930870679397950e-01	1.006036217303823022e-03
4.304082395624435065e-01	8.041604663707745404e-01	6.248394824879222043e-01	1.006036217303823022e-03
3.314425331855783696e-01	6.174965580507827401e-01	3.984415434856536375e-01	1.006036217303823022e-03
3.292170364949480454e-01	6.163881671518887106e-01	3.991228346820670514e-01	1.006036217303823022e-03
2.162559848604994339e-01	7.723748411713294848e-01	3.567366603802142322e-01	1.006036217303823022e-03
4.960501297825067879e-01	8.569254733639090071e-01	3.272132220162505822e-01	1.006036217303823022e-03
4.865944958608060533e-01	7.959881193057404269e-01	4.642449105110888485e-01	1.006036217303823022e-03
4.184750653427513623e-01	6.184433860348334533e-02	5.819304248640423394e-01	1.006036217303823022e-03
5.026941349331119913e-01	1.732361438635445505e-01	5.765936781335037065e-01	1.006036217303823022e-03
3.132356791738338253e-01	6.720770913179667794e-01	8.651514569250123854e-01	1.006036217303823022e-03
3.144904883918892557e-01	6.716942433520229905e-01	8.578067972499667793e-01	1.006036217303823022e-03
8.121955796169443298e-01	5.069424631723723484e-01	1.427299984182703041e-01	1.006036217303823022e-03
7.655438513550314461e-01	3.922846542446635221e-01	7.372419672496334231e-01	1.006036217303823022e-03
5.143175303364200257e-01	2.974910601059839177e-01	6.270062673012314347e-01	1.006036217303823022e-03
5.142955871500078935e-01	3.041268408083481756e-01	6.256499601783263032e-01	1.006036217303823022e-03
5.111067400083572076e-01	2.815830876381300030e-01	6.134806443330301784e-01	1.006036217303823022e-03
7.809133679748586632e-01	3.017127684382713837e-01	3.187501790029229065e-01	1.006036217303823022e-03
5.637219229243271013e-01	3.053589991471745702e-01	3.173625408752523969e-01	1.006036217303823022e-03
5.983093352192020431e-01	8.830244120146921727e-01	4.152209958626921771e-01	1.006036217303823022e-03
5.771146415056739309e-01	3.877030333576535481e-01	1.747497722547695087e-01	1.006036217303823022e-03
7.002080467724809409e-01	3.306952318208849495e-01	1.717140044100249341e-01	1.006036217303823022e-03
6.544124170687359854e-01	1.720868625293587306e-01	5.793569582926330064e-01	1.006036217303823022e-03
6.350848429147846197e-01	3.402326527035886561e-01	4.141693815351537022e-01	1.006036217303823022e-03
6.415298982254626914e-01	3.835626941782661614e-01	6.321275467760385514e-01	1.006036217303823022e-03
1.932709084396152799e-01	3.474907821813145170e-01	7.503281923159116351e-01	1.006036217303823022e-03
2.238782480936881980e-01	5.325901640418553296e-01	9.116255713935916827e-01	1.006036217303823022e-03
4.247042592403990624e-01	5.867788375740942142e-01	2.454612651612516072e-01	1.006036217303823022e-03
4.200718790794100155e-01	5.907299065091917711e-01	2.428029657848441436e-01	1.006036217303823022e-03
4.105778162580809298e-01	5.821495911057896766e-01	2.489963623293004191e-01	1.006036217303823022e-03
4.471607674552259826e-01	5.989189785340328642e-01	2.428554516659823526e-01	1.006036217303823022e-03
6.818157170076882823e-01	3.135823468624510113e-01	7.835324773296955536e-01	1.006036217303823022e-03
6.895540095047203444e-02	6.334394887543632890e-01	4.729540969452061261e-01	1.006036217303823022e-03
2.276157316175951018e-01	6.842508003080961521e-01	3.162990803087986080e-01	1.006036217303823022e-03
6.247474468709266482e-01	2.889815772102505842e-01	5.026766398423690441e-02	1.006036217303823022e-03
7.631258635247060162e-01	6.523305949336807297e-01	2.504850078515650780e-01	1.006036217303823022e-03
3.435766536188580300e-01	5.498571862666497001e-01	2.200971948568590242e-01	1.006036217303823022e-03
3.035678229262426253e-01	5.503306051458642933e-01	2.165758257625368666e-01	1.006036217303823022e-03
7.315371954795467369e-02	7.770858364884145608e-01	3.425459013780288720e-01	1.006036217303823022e-03
1.452171338957581326e-01	7.505705117557012196e-01	3.310204977036781404e-01	1.006036217303823022e-03
3.313017633142716911e-01	1.348504772796496332e-01	7.778263681303297927e-01	1.006036217303823022e-03
6.643264665045200967e-01	3.123642160966121351e-01	2.203246968688938601e-01	1.006036217303823022e-03
2.821235576159975555e-01	3.365602786271765789e-01	7.754792241929858720e-01	1.006036217303823022e-03
5.718671679694463661e-01	8.158763009648831721e-01	4.167288561967649740e-01	1.006036217303823022e-03
6.148127861247512094e-01	7.941410227485167228e-01	4.311573678892681172e-01	1.006036217303823022e-03
6.001077531730529824e-01	7.988450222316050287e-01	4.229177941401424667e-01	1.006036217303823022e-03
6.314369256715803846e-01	6.577957364723487910e-01	3.961435659905482298e-01	1.006036217303823022e-03
4.080913531021126417e-01	5.348407192888615658e-01	8.027764412516517067e-01	1.006036217303823022e-03
3.672912308991153618e-01	5.371038506890193354e-01	8.623553971697960341e-01	1.006036217303823022e-03
3.670410623343067780e-01	5.364714463144847345e-01	8.571944134472057053e-01	1.006036217303823022e-03
3.630864144404657989e-01	5.297810656032471144e-01	8.677665296382996996e-01	1.006036217303823022e-03
3.726016686445290382e-01	5.402021524802455010e-01	8.831719318272895913e-01	1.006036217303823022e-03
8.080374885021806008e-01	1.334506255027434474e-01	4.091532573991036315e-01	1.006036217303823022e-03
3.949928070168048921e-02	2.919147447173466858e-01	5.880611870645928718e-01	1.006036217303823022e-03
4.175013963887369561e-02	2.967656883759872688e-01	5.933294574185096204e-01	1.006036217303823022e-03
4.869067429967608995e-01	8.215884495773586593e-01	4.237200964594186603e-01	1.006036217303823022e-03
2.532753517634023788e-01	8.807457876150966980e-01	6.794092276034379152e-01	1.006036217303823022e-03
8.360731498561591035e-01	3.828541675517182497e-01	3.640621830065954301e-01	1.006036217303823022e-03
7.690270154511311684e-01	5.249943414334292680e-01	4.154501452612035517e-01	1.006036217303823022e-03
4.841612091717581445e-01	8.549057425324105841e-01	3.109525513485022485e-01	1.006036217303823022e-03
4.583503288326142844e-01	8.699831120926262429e-01	2.742814551466585815e-01	1.006036217303823022e-03
4.080053286297378179e-01	9.119015770647141972e-01	6.723860770700395006e-01	1.006036217303823022e-03
4.408245203452476058e-01	7.980023931234709877e-01	6.724542135609963278e-01	1.006036217303823022e-03
3.143880329310764776e-01	5.714877170092683700e-01	1.900488356084638342e-01	1.006036217303823022e-03
3.207536663536356691e-01	6.015359988505031286e-01	1.932034876083597030e-01	1.006036217303823022e-03
4.617493790538257925e-01	6.238342519475247316e-01	1.495798041822112845e-01	1.006036217303823022e-03
4.126140844490322479e-01	5.900103969575152263e-01	1.585199469376743220e-01	1.006036217303823022e-03
4.597737959240928984e-01	6.329194180198132180e-01	1.466641056471020277e-01	1.006036217303823022e-03
7.370777282072763503e-01	5.460326396775536661e-01	1.454840953465822984e-01	1.006036217303823022e-03
7.752702511025583165e-01	1.674352111827387413e-01	5.912365126600690468e-01	1.006036217303823022e-03
7.460824273541990515e-01	4.568292575147103740e-01	7.048624266915843872e-01	1.006036217303823022e-03
8.778592677872013583e-01	6.731789627968730594e-01	2.285032292561046952e-01	1.006036217303823022e-03
8.771382029509678935e-01	6.737632830826491004e-01	2.279181406969716661e-01	1.006036217303823022e-03
4.988376106917764563e-01	1.535979907595666216e-01	6.433129485063580066e-01	1.006036217303823022e-03
4.987981912722722622e-01	1.660977461658892929e-01	6.311712272933007739e-01	1.006036217303823022e-03
4.792950528923590192e-01	1.656780714999134818e-01	6.265505579961961891e-01	1.006036217303823022e-03
6.259671661151912092e-01	4.217367367002654577e-01	7.157328539818663682e-01	1.006036217303823022e-03
6.201103381108867829e-01	6.612099902380828009e-01	1.724484720351903144e-01	1.006036217303823022e-03
6.000181624977901640e-01	6.680013945770254535e-01	1.793987829442746929e-01	1.006036217303823022e-03
4.306103644664261987e-01	5.052936097035811702e-01	7.823253226896533796e-01	1.006036217303823022e-03
9.690674263516764197e-01	4.424729611961392695e-01	6.071200807558593260e-01	1.006036217303823022e-03
2.428904619909585394e-01	4.145993694134077479e-01	8.231168380451223676e-01	1.006036217303823022e-03
1.533327903567703598e-01	4.536577171444962642e-01	8.220590613212355180e-01	1.006036217303823022e-03
7.655270939375029560e-01	3.169393220151013324e-01	8.760308013890913403e-02	1.006036217303823022e-03
3.782983920277968037e-01	8.132256443938000734e-01	1.771964623645523318e-01	1.006036217303823022e-03
1.971352175487424974e-01	6.273551052442983833e-01	7.259800833535589026e-01	1.006036217303823022e-03
1.971343941350411078e-01	6.303447240631564474e-01	6.968517107644297548e-01	1.006036217303823022e-03
4.874830383215069118e-01	4.097017349056074620e-01	8.337352525086457744e-01	1.006036217303823022e-03
7.982608579235548341e-01	3.567274287454560433e-01	6.859403499134768545e-01	1.006036217303823022e-03
5.187190456220300838e-01	3.984963858195922359e-01	7.417543719026167270e-01	1.006036217303823022e-03
4.372259235561751223e-01	4.216986967345912607e-01	8.456761970264201622e-01	1.006036217303823022e-03
2.617845537216229035e-01	2.952844689212869023e-01	7.194294750660434890e-01	1.006036217303823022e-03
3.082647884928806925e-01	2.488587919863360365e-01	7.167835506111159827e-01	1.006036217303823022e-03
2.601647863634201641e-01	2.936959923005266759e-01	7.094608451747862476e-01	1.006036217303823022e-03
6.561520807400591515e-01	3.895030097841065131e-01	6.280768659477242721e-01	1.006036217303823022e-03
6.570848158893812796e-01	3.879608892984884871e-01	6.277695247821093449e-01	1.006036217303823022e-03
6.849954013245256323e-01	4.901476488973200429e-01	3.647752646902951978e-02	1.006036217303823022e-03
6.735444850865079935e-01	7.744906102707330708e-01	2.810394532096480158e-01	1.006036217303823022e-03
6.640085316251378433e-01	7.664746976288464575e-01	2.650011575035544076e-01	1.006036217303823022e-03
6.635766891528852574e-01	7.743763121538215222e-01	2.673010821367730605e-01	1.006036217303823022e-03
6.622801618519202904e-01	8.072912895936584787e-01	2.649449374627846354e-01	1.006036217303823022e-03
9.788902967512416176e-01	5.168947867252574602e-01	3.320260691975158718e-01	1.006036217303823022e-03
2.303967115879669292e-01	5.110337043062529450e-01	5.615873155548274376e-01	1.006036217303823022e-03
2.292382072827820194e-01	4.947492927824219122e-01	5.721167789658326841e-01	1.006036217303823022e-03
3.844471868992272445e-01	7.984678018812415567e-01	6.829629175220148785e-01	1.006036217303823022e-03
5.803575683234490912e-01	2.146327952322887866e-01	4.905388726756188533e-01	1.006036217303823022e-03
1.913405630963282145e-01	4.006633534920619466e-01	8.258505671021242334e-01	1.006036217303823022e-03
2.000727503673070118e-01	4.051678384178526993e-01	8.243892051767944817e-01	1.006036217303823022e-03
5.717889731647460838e-01	4.054980750962334235e-01	9.333409252448964244e-01	1.006036217303823022e-03
2.515304991311997918e-01	3.933246955435288350e-01	8.076879512727570543e-01	1.006036217303823022e-03
1.569390519468226997e-01	3.691599464550855969e-01	8.099856831153249281e-01	1.006036217303823022e-03
3.296728931804951968e-01	3.934385626990390405e-01	8.243230875856376594e-01	1.006036217303823022e-03
8.129517398179499921e-01	4.215785609439000048e-01	1.352233669638490121e-01	1.006036217303823022e-03
9.903942926442240724e-01	6.538745886059630363e-01	4.618233206204194752e-01	1.006036217303823022e-03
9.903686134506995975e-01	6.789665790597181338e-01	4.745468678813759000e-01	1.006036217303823022e-03
9.688962748752224519e-01	6.754331398922199803e-01	4.524769967805579718e-01	1.006036217303823022e-03
4.529221661177684211e-01	7.584700435549227571e-01	6.834608687755064915e-01	1.006036217303823022e-03
2.216158160308068503e-01	7.524082885916050234e-01	6.390560547364014798e-01	1.006036217303823022e-03
2.883955125987941459e-01	8.707883098645117226e-01	4.675680438907043879e-01	1.006036217303823022e-03
4.275589070799978852e-01	7.976482628569441236e-01	5.173257271873643592e-01	1.006036217303823022e-03
4.398215332637149810e-01	8.438356995842972719e-01	4.452697959592165078e-01	1.006036217303823022e-03
9.992172833165184898e-01	7.025232035865022207e-01	2.499877337408175915e-01	1.006036217303823022e-03
1.075165156156629997e-01	6.722487608165570450e-01	3.072185734834637083e-01	1.006036217303823022e-03
2.095943763526275094e-01	3.076149771662229360e-01	6.488301290857438897e-01	1.006036217303823022e-03
4.454244279130020745e-01	2.852537355380820039e-02	6.028532367838836947e-01	1.006036217303823022e-03
3.644113162783547688e-01	1.377807958366837893e-01	5.864991030681274697e-01	1.006036217303823022e-03
4.235740099378218493e-01	5.798645374387816354e-01	2.195578588005955289e-01	1.006036217303823022e-03
3.352601223615406800e-01	5.725401352207228900e-01	1.827862624163830718e-01	1.006036217303823022e-03
4.242841782871012435e-01	6.016369423794770688e-01	1.378746081242863131e-01	1.006036217303823022e-03
3.433205264484302521e-01	5.727240955106145393e-01	1.886733618442557880e-01	1.006036217303823022e-03
5.921105951924398036e-01	3.436650989161186276e-01	6.204953489302699188e-01	1.006036217303823022e-03
5.338430376234007957e-01	3.300515803271459880e-01	2.094436473102297483e-02	1.006036217303823022e-03
5.305323341004669624e-01	3.330920968143382122e-01	2.015015765320070373e-02	1.006036217303823022e-03
3.828185077452490592e-01	5.727019282776756315e-01	1.717429679771352302e-01	1.006036217303823022e-03
3.828261972405156421e-01	6.643962759427735065e-01	4.164655239331969128e-01	1.006036217303823022e-03
6.374787884773618352e-01	8.368672182598779763e-01	4.118639878511450858e-01	1.006036217303823022e-03
5.065677178980011464e-01	9.545745047414887496e-01	3.251070671115666721e-01	1.006036217303823022e-03
6.848469897075638579e-01	6.637016054077942151e-01	1.987447551839965076e-01	1.006036217303823022e-03
6.524792430213447458e-01	2.235863580440502485e-01	9.360784826710047968e-01	1.006036217303823022e-03
6.572913503047482786e-01	2.195967534225334028e-01	9.207276224859122227e-01	1.006036217303823022e-03
6.119175750610480469e-01	4.875201181508261317e-01	1.772175258703504175e-01	1.006036217303823022e-03
6.144778654980614929e-01	5.246420458611278370e-01	1.712329524942107217e-01	1.006036217303823022e-03
6.144940284195780089e-01	5.374883638133864938e-01	1.671249229408371118e-01	1.006036217303823022e-03
7.866424100200226643e-01	1.471309877773774866e-01	3.474798178875537769e-01	1.006036217303823022e-03
7.351286379212912392e-01	4.844129618168778462e-02	4.766893216657552834e-01	1.006036217303823022e-03
6.441638709903566573e-01	4.664819185931924905e-01	9.826504089367457118e-01	1.006036217303823022e-03
7.487960042166330599e-01	5.229913148026991143e-01	1.100095392228263164e-01	1.006036217303823022e-03
7.447472288456122858e-01	5.171327252181741052e-01	9.339802104676583894e-02	1.006036217303823022e-03
7.526619393919238288e-01	5.232455368483518443e-01	1.098253660458764630e-01	1.006036217303823022e-03
1.203825070860072011e-01	7.911475999802339842e-01	4.861718440232180027e-01	1.006036217303823022e-03
1.576329315881460635e-01	5.089001017760372836e-01	6.392317732738479474e-01	1.006036217303823022e-03
2.672047249607927832e-01	5.748454314032883650e-01	5.382225394910671312e-01	1.006036217303823022e-03
2.567165550938359520e-01	5.535937341432894954e-01	5.372715884947454335e-01	1.006036217303823022e-03
2.735429705087293328e-01	5.628253872670341273e-01	5.551508947031147390e-01	1.006036217303823022e-03
3.744168007454690694e-01	3.230160727340866678e-01	8.181595286578152715e-01	1.006036217303823022e-03
8.401008332410089263e-01	6.080589579567556857e-01	1.793357953119164017e-01	1.006036217303823022e-03
6.061800617394450530e-01	3.917256612204579880e-01	3.126541823865962577e-01	1.006036217303823022e-03
3.162494570952786854e-02	7.597152517460155075e-01	4.101134968306640594e-01	1.006036217303823022e-03
3.149506281784633654e-02	7.596665661471997399e-01	4.049873954029825640e-01	1.006036217303823022e-03
1.630502496534757539e-01	5.750781967236501258e-01	6.066626549415847780e-01	1.006036217303823022e-03
1.865800440574955643e-01	6.103254135210243181e-01	7.231319011779696604e-01	1.006036217303823022e-03
1.656037004496856979e-01	6.195742023551782385e-01	6.037862012877690532e-01	1.006036217303823022e-03
4.162967462156640375e-01	4.001632775884611526e-01	6.747559889502841024e-01	1.006036217303823022e-03
4.152193341809664040e-01	3.982376646317422608e-01	6.741838263093783423e-01	1.006036217303823022e-03
7.771427211120209844e-01	5.940633966356762691e-02	3.818365893413467882e-01	1.006036217303823022e-03
7.143403131206060852e-01	1.600170559702034367e-01	5.607449472998676798e-01	1.006036217303823022e-03
6.841767292621689922e-01	9.055945814810384409e-01	2.366440377550772522e-01	1.006036217303823022e-03
6.502153009160775987e-01	8.116578588493051916e-01	2.394817292642251738e-01	1.006036217303823022e-03
1.373728350890135452e-01	5.290058318306574137e-01	7.074575433072268771e-01	1.006036217303823022e-03
1.331007341618630768e-01	5.275187895301349794e-01	7.088626018423577202e-01	1.006036217303823022e-03
1.666666666666666574e-01	1.666666666666666574e-01	3.888888888888888395e-01	1.006036217303823022e-03
1.666666666666666574e-01	2.777777777777777901e-01	3.888888888888888395e-01	1.006036217303823022e-03
1.666666666666666574e-01	3.888888888888888395e-01	1.666666666666666574e-01	1.006036217303823022e-03
1.666666666666666574e-01	3.888888888888888395e-01	2.777777777777777901e-01	1.006036217303823022e-03
2.777777777777777901e-01	1.666666666666666574e-01	3.888888888888888395e-01	1.006036217303823022e-03
2.777777777777777901e-01	3.888888888888888395e-01	1.666666666666666574e-01	1.006036217303823022e-03
3.888888888888888395e-01	1.666666666666666574e-01	1.666666666666666574e-01	1.006036217303823022e-03
3.888888888888888395e-01	1.666666666666666574e-01	2.777777777777777901e-01	1.006036217303823022e-03
3.888888888888888395e-01	2.777777777777777901e-01	1.666666666666666574e-01	1.006036217303823022e-03
6.111111111111111605e-01	7.222222222222220989e-01	8.333333333333332593e-01	1.006036217303823022e-03
6.111111111111111605e-01	8.333333333333332593e-01	7.222222222222220989e-01	1.006036217303823022e-03
6.111111111111111605e-01	8.333333333333332593e-01	8.333333333333332593e-01	1.006036217303823022e-03
7.222222222222220989e-01	6.111111111111111605e-01	8.333333333333332593e-01	1.006036217303823022e-03
7.222222222222220989e-01	8.333333333333332593e-01	6.111111111111111605e-01	1.006036217303823022e-03
8.333333333333332593e-01	6.111111111111111605e-01	7.222222222222220989e-01	1.006036217303823022e-03
8.333333333333332593e-01	6.111111111111111605e-01	8.333333333333332593e-01	1.006036217303823022e-03
8.333333333333332593e-01	7.222222222222220989e-01	6.111111111111111605e-01	1.006036217303823022e-03
8.333333333333332593e-01	8.333333333333332593e-01	6.111111111111111605e-01	1.006036217303823022e-03
2.994276222080641606e-02	2.133695391140124076e-01	8.007989032801879903e-01	1.006036217303823022e-03
7.817100566549748386e-01	1.891197438491376559e-01	9.444313559904778943e-01	1.006036217303823022e-03
8.218836620165314022e-01	2.057251103948146698e-01	9.414940018198857397e-01	1.006036217303823022e-03
7.591870133917902885e-01	7.121850173313041266e-01	1.034416004427998609e-01	1.006036217303823022e-03
8.740664782815485978e-01	1.337285825071595213e-01	7.209740229323664540e-01	1.006036217303823022e-03
1.705077814551446413e-02	8.546620580709187731e-01	2.411192359371976124e-01	1.006036217303823022e-03
4.281921200163798374e-02	8.881772207789835338e-01	2.646488663824086984e-01	1.006036217303823022e-03
8.207161824667303929e-01	6.918983614477925981e-01	6.131978677407718958e-01	1.006036217303823022e-03
7.937460166031888864e-01	7.361358570034033377e-01	6.128375305959925523e-01	1.006036217303823022e-03
8.068739650043346145e-01	7.973089629037406478e-01	5.920714850815524954e-01	1.006036217303823022e-03
8.251855758554385023e-01	7.117147240347990733e-01	5.987720850825130059e-01	1.006036217303823022e-03
5.424683318713657831e-02	7.832379558925023355e-01	1.475827389837015280e-01	1.006036217303823022e-03
1.836730975803360089e-01	7.923699271603028560e-01	5.413060564446343231e-02	1.006036217303823022e-03
1.767581013544784474e-01	7.940614434832159452e-01	5.135540590165667968e-02	1.006036217303823022e-03
2.085379110067959452e-01	8.150877647525263114e-01	8.858962286025265365e-02	1.006036217303823022e-03
9.476605326353758629e-01	7.171284648414325558e-01	6.088635083926634550e-01	1.006036217303823022e-03
9.212899888281694816e-01	7.733795354053537574e-01	6.076853033621705258e-01	1.006036217303823022e-03
9.614804272187594814e-01	7.582075147559371731e-01	6.162408062397251030e-01	1.006036217303823022e-03
1.917913589543529529e-01	4.056640027074507882e-01	2.594696765660907123e-01	1.006036217303823022e-03
1.908659892606915098e-01	4.002438941252954852e-01	2.637983938185737287e-01	1.006036217303823022e-03
1.937488705447831527e-01	4.051102986968005970e-01	2.588485995487648794e-01	1.006036217303823022e-03
1.759946790450585552e-01	3.978705357515996965e-01	2.940777551028725956e-01	1.006036217303823022e-03
4.410745497612877930e-02	7.788790325930621261e-01	6.533018812717609203e-01	1.006036217303823022e-03
2.155141261952887022e-01	3.372830498783060960e-01	9.460939254050190206e-01	1.006036217303823022e-03
8.497433047627320768e-01	9.341802831621055514e-01	2.128155275690155612e-01	1.006036217303823022e-03
7.262247382137971830e-01	8.305765595626234399e-01	1.405143997051967741e-01	1.006036217303823022e-03
7.930323879626897110e-01	8.293831594764330406e-01	1.600673713967707412e-01	1.006036217303823022e-03
7.345655648726429066e-01	8.311678404893106942e-01	1.429258344628220878e-01	1.006036217303823022e-03
7.467620445423746034e-01	7.803620757002260877e-01	1.285272961942254544e-01	1.006036217303823022e-03
3.414843916592180117e-01	2.737564967389760628e-01	9.587756328603771472e-01	1.006036217303823022e-03
5.827286125789487431e-02	6.629896946799405111e-01	7.877127143017671473e-01	1.006036217303823022e-03
2.327014161701320416e-01	8.340424001826107769e-01	2.670078991094282372e-03	1.006036217303823022e-03
2.775962329776446857e-01	8.593505246060528791e-01	1.489335112388655846e-01	1.006036217303823022e-03
2.736281282180500485e-01	8.576542912451148304e-01	1.485055919013474335e-01	1.006036217303823022e-03
1.600211202920932829e-01	4.036180226142498106e-02	7.799572430302713633e-01	1.006036217303823022e-03
1.595373217740352345e-01	4.112294015220572391e-02	7.807758891024786374e-01	1.006036217303823022e-03
1.773746008221108450e-01	5.267402016615106708e-02	7.877286323305704441e-01	1.006036217303823022e-03
1.450273555524365932e-01	9.303248727566345577e-01	3.165494276299921639e-01	1.006036217303823022e-03
2.696247820384665150e-01	1.517383302982353022e-01	4.210890747877996110e-01	1.006036217303823022e-03
3.471236575691122317e-01	7.005667597814461967e-02	1.233806947758736283e-01	1.006036217303823022e-03
3.134185198074127543e-01	1.833472366250266938e-01	3.719114620841462160e-01	1.006036217303823022e-03
3.053725269991666158e-01	1.894152408104919083e-01	3.601231088540471914e-01	1.006036217303823022e-03
3.273936771104486443e-01	3.742632681550181473e-02	1.028269747911038645e-01	1.006036217303823022e-03
9.866620482236636569e-01	3.402880170125734960e-01	1.638635936890260603e-01	1.006036217303823022e-03
9.806223416683574889e-01	3.631010088531338997e-01	2.337561662145261066e-01	1.006036217303823022e-03
3.318056534209698483e-01	2.406121651456760990e-01	9.389995259377585946e-01	1.006036217303823022e-03
3.067896691119475494e-01	2.419251892217187117e-01	9.068688118461969427e-01	1.006036217303823022e-03
6.538684454674991153e-01	7.621257707135129511e-01	7.464456226944822248e-01	1.006036217303823022e-03
6.426963504586593601e-01	7.713719102663814109e-01	7.350059604154446369e-01	1.006036217303823022e-03
6.769408153117966176e-01	9.677908531591010721e-01	9.020658451574551373e-01	1.006036217303823022e-03
6.433973964021708625e-01	7.711853305525747659e-01	7.353444551106874671e-01	1.006036217303823022e-03
2.006361204566154688e-01	7.964366561095629349e-01	9.736474354065389747e-01	1.006036217303823022e-03
2.086113771071787248e-01	8.056147853842537954e-01	9.798895543739734038e-01	1.006036217303823022e-03
2.074093462089607320e-01	8.006538762114535634e-01	9.829612425101693640e-01	1.006036217303823022e-03
1.956876551567318934e-01	7.799227978653031634e-01	9.478518389599386307e-01	1.006036217303823022e-03
1.905403844205539876e-01	7.829122808936321842e-01	9.701838730586149762e-01	1.006036217303823022e-03
1.533760290646933866e-01	9.600514880044903610e-01	7.539399916806641677e-01	1.006036217303823022e-03
1.540751984858642620e-01	8.649743063762939110e-01	7.358846698080743209e-01	1.006036217303823022e-03
6.703584086674501119e-01	7.024470772565133414e-01	4.398768623446452919e-02	1.006036217303823022e-03
2.614120641245831766e-01	3.274241935774816481e-01	9.345279054500928995e-01	1.006036217303823022e-03
2.670524392137246239e-01	2.857650226603568600e-01	9.018168188227663196e-01	1.006036217303823022e-03
6.562544460702126603e-01	2.254896759088965280e-02	6.947963128084670981e-01	1.006036217303823022e-03
2.731682471336455698e-01	9.200570007981234699e-01	4.395262456415938157e-02	1.006036217303823022e-03
7.008240477228779852e-01	6.058021773723325509e-01	9.475247490823088814e-01	1.006036217303823022e-03
7.205008657972791219e-01	5.998634747017478341e-01	9.232043033529521159e-01	1.006036217303823022e-03
7.361161213378499824e-01	6.083593711717127928e-01	9.390931115278653429e-01	1.006036217303823022e-03
8.434773018501358077e-01	7.068224642715957851e-01	1.264804894113442657e-01	1.006036217303823022e-03
8.527662942760477760e-01	7.087384574519191016e-01	1.237001817126962555e-01	1.006036217303823022e-03
8.579010968362645873e-01	7.083705731011714635e-01	1.207672064217696350e-01	1.006036217303823022e-03
7.956098444739426734e-01	6.457767475230584697e-01	6.961004485682842358e-01	1.006036217303823022e-03
7.885969127106924326e-01	6.444627613050162296e-01	7.147441957353491970e-01	1.006036217303823022e-03
1.009839494236641350e-01	8.748500789648198106e-01	7.005048051457669622e-01	1.006036217303823022e-03
7.728450057111919680e-01	1.146630179290751977e-01	5.350182588151042307e-02	1.006036217303823022e-03
7.722082141970928459e-01	6.378858650919672080e-02	1.023610191992018609e-01	1.006036217303823022e-03
6.750529281522074099e-01	3.124753462874505644e-02	8.547576910122784977e-01	1.006036217303823022e-03
6.722136971059953225e-01	3.240715465766525610e-02	8.544796689804902146e-01	1.006036217303823022e-03
7.807301178815851950e-01	9.666041488016682282e-01	1.880892180514902867e-01	1.006036217303823022e-03
7.839540049025988111e-01	9.284757267835661576e-01	1.861036403353474866e-01	1.006036217303823022e-03
7.708268745709884184e-01	9.234672827404151185e-01	1.808498954913504153e-01	1.006036217303823022e-03
7.845887758182781280e-01	9.893923920308487219e-01	1.906129389382521522e-01	1.006036217303823022e-03
6.059268446352544801e-01	8.400173085770801240e-01	8.322197955854698792e-01	1.006036217303823022e-03
5.936308822866049884e-01	7.942238501520768601e-01	8.242456299734234326e-01	1.006036217303823022e-03
7.569900666046955884e-01	7.285286519005297334e-01	6.709051563703440912e-01	1.006036217303823022e-03
9.360137184499904839e-01	6.158775328121061099e-01	7.760185537171723213e-01	1.006036217303823022e-03
9.327947297838447005e-01	6.185086992479772450e-01	7.858153417550157727e-01	1.006036217303823022e-03
9.349682368523396514e-01	6.083738718823262781e-01	6.806289921072716798e-01	1.006036217303823022e-03
9.482086646146565823e-01	6.047016226925960858e-01	7.314011424122377480e-01	1.006036217303823022e-03
9.360146629189546319e-01	6.133800069768607921e-01	7.746682332186484166e-01	1.006036217303823022e-03
9.940397759641509401e-01	8.793698253341677429e-01	2.436394200987604952e-01	1.006036217303823022e-03
9.799796101419478989e-01	6.585450474880331084e-01	8.524420847189047024e-01	1.006036217303823022e-03
9.550097622056589186e-01	6.433498517896555358e-01	8.360948860247803260e-01	1.006036217303823022e-03
6.678927047428458996e-01	5.438884223613922597e-02	7.368755226337344588e-01	1.006036217303823022e-03
6.688711456674996114e-01	5.509799059477767103e-02	7.369250348854151644e-01	1.006036217303823022e-03
5.877957096389182512e-01	8.999755224305182599e-01	6.845464452619909324e-01	1.006036217303823022e-03
2.180182417863046895e-01	2.879974801202215273e-01	3.552307900626246462e-01	1.006036217303823022e-03
2.033170686662390536e-01	2.522666922914576504e-01	4.009249838541920630e-01	1.006036217303823022e-03
1.394870229164265896e-01	2.904580772207088213e-01	4.156911531653423864e-01	1.006036217303823022e-03
1.816234387638460401e-01	3.257511724049324542e-01	3.624056785072790610e-01	1.006036217303823022e-03
1.774800672013927827e-01	3.237015048172221521e-01	3.594037395902752174e-01	1.006036217303823022e-03
3.212750399215748009e-01	1.902614603409184535e-01	9.178291706615363532e-01	1.006036217303823022e-03
3.328604370009876079e-01	1.906233982518019676e-01	9.475686087117229928e-01	1.006036217303823022e-03
3.212772299466961634e-01	1.924223643442813936e-01	9.150066585886957871e-01	1.006036217303823022e-03
7.414312089812755691e-01	7.175078860470408826e-02	9.879409925817902831e-04	1.006036217303823022e-03
6.909893048722071107e-01	9.136702405092820278e-01	5.906129736980786360e-01	1.006036217303823022e-03
8.282180240015504236e-01	9.216483676488219645e-01	6.304962002021172740e-01	1.006036217303823022e-03
7.052442952461672743e-01	9.400118408621644939e-01	5.993480096502968868e-01	1.006036217303823022e-03
7.087977865995659377e-01	9.645880569926518211e-01	6.111411943323498130e-01	1.006036217303823022e-03
8.164383077976018477e-01	8.744655358031466763e-01	6.076095323922405811e-01	1.006036217303823022e-03
8.186183488996217061e-01	8.726306750607748519e-01	6.076791170138654552e-01	1.006036217303823022e-03
7.949776390597391718e-01	8.725603214992533330e-01	6.064365519421950346e-01	1.006036217303823022e-03
9.056610926554641283e-01	2.685803631468268726e-01	5.653045309960079423e-02	1.006036217303823022e-03
7.294884781443682353e-01	9.367956456502353202e-01	1.100629653814588216e-01	1.006036217303823022e-03
7.292952645621147978e-01	9.497391383405816567e-01	8.680389856882653188e-02	1.006036217303823022e-03
5.206850688743121236e-02	7.911765229346401362e-01	1.664115656846487101e-01	1.006036217303823022e-03
1.037862483198411095e-01	8.169166515316683697e-01	2.065626175263683417e-01	1.006036217303823022e-03
7.030158608167910717e-02	8.005243577417148204e-01	1.884549414025435687e-01	1.006036217303823022e-03
7.283904422508025167e-02	7.982917582748955132e-01	1.833514845872957211e-01	1.006036217303823022e-03
2.204800813927681735e-01	3.224602291726352821e-01	2.920822078058102900e-01	1.006036217303823022e-03
3.405948413992944124e-01	3.962420206187781124e-01	1.162472905626565078e-01	1.006036217303823022e-03
7.268069481864656289e-01	8.569596036804195682e-01	5.799362533716772017e-01	1.006036217303823022e-03
6.993030787860280428e-01	8.556790964910887531e-01	5.889057404485270597e-01	1.006036217303823022e-03
7.172282806924220599e-01	8.500390145611446124e-01	5.821561816650937526e-01	1.006036217303823022e-03
7.419615406585874373e-01	8.511838812830440082e-01	5.805447163539860789e-01	1.006036217303823022e-03
1.375501256435011088e-01	3.434372330590405586e-01	4.206456610368545374e-02	1.006036217303823022e-03
1.536024266610326039e-01	3.499206992570574326e-01	3.936054261742256977e-02	1.006036217303823022e-03
1.404098757398089536e-01	3.451551351808023194e-01	4.211729576895645311e-02	1.006036217303823022e-03
9.539156733878090266e-01	1.150185708106373494e-01	3.098498161073193757e-01	1.006036217303823022e-03
9.195519774173348537e-01	1.740925173807222059e-01	3.180397024733161992e-01	1.006036217303823022e-03
9.347131602121806493e-01	6.406814228036551429e-01	8.358330806272569191e-01	1.006036217303823022e-03
6.940045394134193302e-01	7.850006886532906458e-01	6.773951991581876886e-01	1.006036217303823022e-03
9.133835774373336713e-01	9.085873329434861478e-01	6.571147037690895365e-01	1.006036217303823022e-03
9.134988897758593573e-01	9.111992112283239242e-01	6.571412336910464891e-01	1.006036217303823022e-03
7.238048392878866991e-03	3.351902842064787835e-01	1.435814712754825972e-01	1.006036217303823022e-03
1.999625291131462979e-01	8.008967980348284943e-01	6.542023143894375170e-02	1.006036217303823022e-03
1.657836515168348290e-01	7.922691621487478741e-01	8.314706764535202410e-01	1.006036217303823022e-03
3.052978949842278800e-01	8.944569674246332092e-01	1.595706323112379144e-01	1.006036217303823022e-03
8.644036396370675668e-01	1.596825418010110742e-01	2.820534967710359164e-01	1.006036217303823022e-03
8.602506775883164147e-01	1.651249961580640024e-01	2.676144325679152836e-01	1.006036217303823022e-03
8.611084989867741069e-01	1.545480114466140364e-01	2.699579537504236959e-01	1.006036217303823022e-03
8.618630295076415981e-01	1.586126025992053989e-01	2.744575726167134966e-01	1.006036217303823022e-03
2.767423889286423910e-01	3.962233187397627421e-01	1.814534125411956245e-01	1.006036217303823022e-03
2.976046928087134336e-01	4.022683353514936444e-01	1.687053369085717847e-01	1.006036217303823022e-03
6.956926997480660235e-01	1.003293280956446820e-01	8.508385417612596147e-01	1.006036217303823022e-03
6.956509244539696990e-01	1.034970587044127394e-01	8.513690710477977985e-01	1.006036217303823022e-03
6.993946255923192412e-01	1.105484508578066516e-01	8.611429075956656964e-01	1.006036217303823022e-03
6.793372703250574185e-01	8.912914200019698974e-02	7.912654045062652575e-01	1.006036217303823022e-03
3.301652664329511322e-01	7.310021486267639923e-02	7.841816206800036881e-02	1.006036217303823022e-03
7.943123457836974710e-01	6.313617906976711769e-01	9.694081856371747907e-01	1.006036217303823022e-03
9.321422739442006833e-01	2.627288348135301543e-01	3.182774738693379124e-01	1.006036217303823022e-03
9.871395825613833441e-01	2.660563071750765562e-01	3.608087600598055555e-01	1.006036217303823022e-03
1.193064238910449271e-01	1.068745896319447941e-01	3.601595208851440799e-01	1.006036217303823022e-03
6.052890433202433307e-02	2.439914331228058286e-01	8.338660483045281513e-01	1.006036217303823022e-03
6.263010496200402955e-01	8.767868199166677368e-01	6.398016080957674712e-01	1.006036217303823022e-03
6.278356145030449253e-01	9.142863724277690007e-01	6.405372286018101713e-01	1.006036217303823022e-03
6.257652539609308562e-01	8.774820861992396193e-01	6.397878401886780697e-01	1.006036217303823022e-03
1.975159854124788339e-01	4.142207434183554637e-01	1.943832593587661028e-01	1.006036217303823022e-03
6.318945237428948980e-01	8.559227918395875268e-01	6.367902639681440879e-01	1.006036217303823022e-03
7.391457185957241993e-01	8.188710915779118249e-02	9.708241167958459039e-01	1.006036217303823022e-03
2.869721714248640865e-01	3.019913585619162788e-01	2.483284842033955109e-01	1.006036217303823022e-03
2.760676324130705850e-01	2.710168267294661981e-01	2.847622492519797932e-01	1.006036217303823022e-03
2.799940131646502239e-01	2.779450019069585331e-01	2.776236553504599081e-01	1.006036217303823022e-03
9.419944435777778402e-01	9.520121590658846555e-01	2.461352152083452483e-01	1.006036217303823022e-03
9.846339907983168160e-01	9.230289849336160701e-01	2.523311562551297516e-01	1.006036217303823022e-03
9.829140821331673328e-01	9.256197920387921885e-01	2.505593995170834476e-01	1.006036217303823022e-03
8.232561534484886256e-03	3.101087202613250215e-01	8.853211049187256765e-02	1.006036217303823022e-03
8.386447445552362989e-01	6.689366803270240247e-01	4.413397026706621096e-02	1.006036217303823022e-03
8.295169651908788078e-01	6.668906113137187397e-01	3.366393724692480494e-02	1.006036217303823022e-03
9.379283433443029727e-01	7.376674223980654865e-01	1.338780246784084804e-01	1.006036217303823022e-03
9.127871021022273545e-01	7.323645732966670430e-01	1.364077142356752703e-01	1.006036217303823022e-03
9.481387441019207829e-01	7.376649821836216425e-01	1.243866012711093150e-01	1.006036217303823022e-03
9.691721078031527714e-01	7.372817155990106786e-01	9.770632920362912199e-02	1.006036217303823022e-03
9.321043778777216016e-01	7.523207210415816526e-01	1.712456497244512765e-01	1.006036217303823022e-03
7.886663341148758555e-01	9.524745270340909675e-01	1.978361621882088750e-01	1.006036217303823022e-03
7.940700152722275362e-01	9.527443720697370555e-01	1.977344846899776465e-01	1.006036217303823022e-03
9.916203426082031980e-01	3.457256238391548941e-01	3.234073824882313652e-01	1.006036217303823022e-03
9.913900078086285150e-01	3.454933814008794846e-01	3.231537901688639747e-01	1.006036217303823022e-03
3.988016376112129002e-01	3.389288142522504099e-01	1.064179316029271460e-01	1.006036217303823022e-03
3.658046578691114270e-01	3.798661667334384262e-01	1.153641744260780894e-01	1.006036217303823022e-03
4.050274764002952388e-01	3.387884265771687886e-01	1.064089191445859728e-01	1.006036217303823022e-03
9.160772260259142374e-01	9.728936129576621905e-01	6.830387771829807830e-01	1.006036217303823022e-03
7.056374520416949236e-01	1.122164822822683539e-01	8.463966677407592787e-01	1.006036217303823022e-03
8.516717971643240626e-01	6.025886348629961864e-01	8.256013941229803921e-01	1.006036217303823022e-03
8.974934047387539415e-01	6.377296599282514800e-01	8.625566737077836610e-01	1.006036217303823022e-03
8.739757513361163799e-01	6.250789482894449911e-01	8.468671298180396878e-01	1.006036217303823022e-03
8.682283449583252377e-01	6.233489053211109798e-01	8.630887410250513980e-01	1.006036217303823022e-03
6.381354465636560058e-02	7.941298429593978137e-01	6.668855593203545373e-01	1.006036217303823022e-03
4.359258237086355292e-03	6.396874439617252772e-01	7.150410291948918751e-01	1.006036217303823022e-03
9.815346084152810624e-01	7.394766908480073786e-01	7.294701312300116980e-02	1.006036217303823022e-03
9.251743813965854768e-01	6.943241286915288191e-01	6.595944578324636730e-03	1.006036217303823022e-03
7.606309661158033864e-01	5.821274655184236479e-01	8.462872365532034813e-01	1.006036217303823022e-03
7.620999118354453428e-01	5.933734132251694549e-01	8.779476685222775689e-01	1.006036217303823022e-03
7.581566456882822269e-01	5.849539594064768755e-01	8.525770657955918930e-01	1.006036217303823022e-03
1.011166525892701895e-01	7.070554034949445565e-01	8.849944417254608231e-01	1.006036217303823022e-03
8.879844539391201774e-02	7.058572411304474548e-01	8.932543456531748527e-01	1.006036217303823022e-03
2.894032011382466907e-01	9.941620163463248394e-01	4.534762607280429236e-02	1.006036217303823022e-03
3.669452018152832840e-01	9.942698525933524323e-01	2.650929047006800321e-01	1.006036217303823022e-03
3.594542443855108793e-01	9.845779527425946309e-01	2.467719594918956760e-01	1.006036217303823022e-03
2.348126356404609538e-01	4.442895985750246191e-02	8.270240621936820746e-01	1.006036217303823022e-03
2.344536671222872681e-01	6.147309226288921735e-02	8.161003046291070984e-01	1.006036217303823022e-03
6.577791380260690213e-01	8.279443186563761881e-01	2.129112646443480014e-02	1.006036217303823022e-03
6.651230802517394958e-01	7.759830572396100301e-01	6.434082274650861077e-02	1.006036217303823022e-03
6.827726495546391217e-01	7.963999965793844282e-02	8.291147168948083124e-01	1.006036217303823022e-03
7.068970529807749870e-01	1.114021575942529541e-01	7.719820155311252208e-01	1.006036217303823022e-03
2.255821427283591363e-01	2.561343586496718783e-01	3.747235792515756225e-01	1.006036217303823022e-03
7.596340419413384615e-02	2.487561153132471503e-01	3.932326612414022704e-01	1.006036217303823022e-03
3.153502601547699680e-01	9.211259063112356982e-01	2.449446216405501697e-01	1.006036217303823022e-03
2.795557708322201629e-01	6.766711530657623652e-02	9.210521291926857534e-01	1.006036217303823022e-03
9.314742073752400042e-01	6.793423748147586760e-01	9.473077042712846341e-01	1.006036217303823022e-03
9.383780575101353660e-01	9.086373469671121805e-02	7.278811590413671873e-01	1.006036217303823022e-03
9.497083154305413499e-01	8.470869955662369000e-02	7.252921200358614096e-01	1.006036217303823022e-03
9.492981200626740002e-01	8.213689993113040821e-02	7.282129571077033958e-01	1.006036217303823022e-03
9.090860342141509065e-01	1.873140726191796779e-01	7.958775455012669919e-01	1.006036217303823022e-03
9.056128001038432629e-01	1.929718342534946784e-01	8.112681805127505141e-01	1.006036217303823022e-03
7.557122059490504196e-01	6.395327840323012936e-01	2.257771997974200931e-02	1.006036217303823022e-03
1.606203136119807584e-01	7.568428609005944940e-01	8.547238201187926654e-01	1.006036217303823022e-03
1.637329352342434541e-01	7.607373854504655419e-01	8.594656065027410641e-01	1.006036217303823022e-03
3.854922267389112589e-01	3.083333273991574475e-02	3.046189962389641015e-01	1.006036217303823022e-03
3.902123180347868425e-01	6.040786649144266884e-02	3.339338559949174834e-01	1.006036217303823022e-03
3.876191014932061085e-01	7.638759973121131419e-02	3.505885263121966688e-01	1.006036217303823022e-03
3.879748245423047526e-01	7.773127599626732109e-02	3.376079362075984913e-01	1.006036217303823022e-03
3.373186764715705444e-01	2.466625913145500948e-02	3.631134479933303405e-01	1.006036217303823022e-03
1.576486294399823129e-01	3.187323782619694845e-01	9.414804395532285763e-01	1.006036217303823022e-03
1.173145946165619624e-01	2.972696846593306241e-01	9.225764716070319338e-01	1.006036217303823022e-03
2.905721606213772512e-01	8.939560708997924543e-01	2.327731911146289356e-01	1.006036217303823022e-03
2.795509559369153130e-01	8.882215530461082809e-01	2.349449524092369346e-01	1.006036217303823022e-03
2.850411029559506426e-01	8.827186720479639481e-01	2.019406751309503756e-01	1.006036217303823022e-03
2.788283400279898960e-01	8.876257985076803081e-01	2.349734165224248439e-01	1.006036217303823022e-03
6.546177666114968430e-01	7.113062193923767040e-01	7.903876733398993437e-01	1.006036217303823022e-03
6.400034555633729028e-01	7.130077761801247860e-01	7.929055205175946641e-01	1.006036217303823022e-03
2.534521280293950962e-01	2.448048580673337637e-01	3.538058377456830828e-01	1.006036217303823022e-03
2.811453266176013877e-01	2.224673476555596163e-01	3.517810455419715931e-01	1.006036217303823022e-03
2.688972900027173374e-01	2.107372973437965646e-01	3.684367285782045309e-01	1.006036217303823022e-03
8.399006242005792044e-01	1.946835013562852879e-01	1.869422861845813355e-01	1.006036217303823022e-03
8.141268193393532693e-01	6.825964712301377801e-01	9.663404073249273751e-02	1.006036217303823022e-03
1.898899561775782840e-01	9.498959609195024578e-01	7.763300049537360525e-01	1.006036217303823022e-03
1.930375700355039248e-01	9.497198340699329888e-01	7.776241861439051606e-01	1.006036217303823022e-03
2.565571082086186561e-01	9.336362239541596830e-01	3.380293950996621222e-03	1.006036217303823022e-03
7.741519686974942527e-01	1.832469792597749836e-01	9.624468511343620136e-01	1.006036217303823022e-03
7.751453033986941410e-01	1.863352404084811231e-01	9.842333317807764326e-01	1.006036217303823022e-03
7.731510905848419934e-01	1.743264335155993439e-01	9.840138959916416850e-01	1.006036217303823022e-03
7.165585421398956711e-01	7.230388916167862501e-01	7.242734099301484374e-01	1.006036217303823022e-03
6.778641705667212136e-01	7.611525267097748459e-01	7.291216386575312125e-01	1.006036217303823022e-03
6.723605222063300246e-01	7.594801794626249158e-01	7.159113828133109037e-01	1.006036217303823022e-03
6.799012536149275920e-01	7.628317353680585944e-01	7.109199427037139474e-01	1.006036217303823022e-03
7.852113138502510026e-01	1.938546701025694319e-01	1.872113488473985815e-02	1.006036217303823022e-03
7.915335577200419137e-02	1.757482113068509211e-02	3.143359951768935900e-01	1.006036217303823022e-03
7.532512353802585103e-01	6.364720079816521547e-01	7.613316621683278163e-01	1.006036217303823022e-03
7.687665383015579446e-01	6.080646453267484208e-01	7.602080106429617290e-01	1.006036217303823022e-03
7.549209805762280290e-01	6.314760563384039793e-01	7.537639456628058010e-01	1.006036217303823022e-03
1.042701597726217316e-01	9.837668432940483987e-01	3.117471588956076678e-01	1.006036217303823022e-03
4.130416277829473959e-01	2.757447020208372845e-01	1.322880795750550897e-01	1.006036217303823022e-03
4.115031701139948983e-01	2.692787329301695176e-01	1.637110475192015135e-01	1.006036217303823022e-03
4.138507592204501151e-01	2.808274909920044915e-01	1.308722216421998319e-01	1.006036217303823022e-03
8.232341004838413800e-01	9.695586731731285768e-02	2.351281956071487322e-01	1.006036217303823022e-03
8.143424591092047748e-01	1.678378383837029197e-01	1.436111210992898901e-01	1.006036217303823022e-03
8.264269991700404772e-01	9.634743668396318628e-02	2.350609301006918173e-01	1.006036217303823022e-03
7.850684073203426094e-02	4.014057683731143134e-01	2.831922096929983534e-01	1.006036217303823022e-03
8.666495059072248930e-02	4.045566142090708528e-01	2.841978787255479144e-01	1.006036217303823022e-03
1.252218132448916499e-01	4.013903942524615354e-01	2.089427001446848009e-01	1.006036217303823022e-03
1.902605166406105552e-01	3.682294543743468429e-01	3.046557068864699791e-01	1.006036217303823022e-03
6.371914375683591647e-01	9.902838451129462038e-01	7.982689931247400894e-01	1.006036217303823022e-03
6.369779839718756609e-01	9.821050808833807766e-01	7.996018481832942726e-01	1.006036217303823022e-03
6.442385845513066700e-01	6.815478518168884836e-01	8.107053323668559353e-01	1.006036217303823022e-03
3.289244529184051080e-01	9.639528736126631303e-01	1.549398377592038356e-01	1.006036217303823022e-03
6.665821542891631202e-01	9.044830670274075501e-01	9.412155031141824502e-01	1.006036217303823022e-03
6.670986051703193809e-01	9.102064949512376213e-01	9.333280890777678751e-01	1.006036217303823022e-03
2.775893438552500814e-01	3.373115189934283720e-02	9.688659966244804744e-01	1.006036217303823022e-03
1.925751340717675175e-01	2.295272633112783178e-01	4.116700722780214372e-01	1.006036217303823022e-03
8.394623253383487471e-02	3.610640252291953955e-01	3.791031945273966031e-01	1.006036217303823022e-03
7.834082049571275408e-02	3.764317644452047640e-01	1.810770554665187271e-01	1.006036217303823022e-03
7.222080839890813175e-01	9.258833152143975537e-03	9.891430630891243636e-01	1.006036217303823022e-03
2.197339996071078772e-01	8.252420262369732917e-01	1.277516169240796029e-01	1.006036217303823022e-03
1.658311991069177094e-01	8.331872391412431522e-01	1.952567750103290922e-01	1.006036217303823022e-03
1.596743071442968676e-01	8.261420829194429105e-01	1.847685542902402223e-01	1.006036217303823022e-03
9.250641997720590037e-01	3.295711183490945273e-01	1.914346091843914244e-01	1.006036217303823022e-03
9.428942736888002996e-01	3.255017711271935288e-01	1.631290500730050996e-01	1.006036217303823022e-03
9.485044651227175772e-01	3.294265556322473198e-01	1.787066607315180300e-01	1.006036217303823022e-03
7.934038258700317758e-01	8.870454478938337717e-01	1.822900774420559977e-01	1.006036217303823022e-03
9.163856752166683606e-01	8.251675572368404321e-01	2.012831191904774775e-01	1.006036217303823022e-03
9.089292896302910707e-01	8.503912006442368998e-01	2.030362113505339572e-01	1.006036217303823022e-03
2.230029736462179890e-01	8.159161212856630430e-01	3.170072830128947000e-02	1.006036217303823022e-03
2.800645676868565026e-01	9.028932210368996181e-01	8.599487598042962477e-02	1.006036217303823022e-03
2.812454761875636811e-01	8.861296637575577506e-01	8.966061324511860608e-02	1.006036217303823022e-03
2.843907147627535159e-01	8.826549005793327130e-01	1.017041701724292618e-01	1.006036217303823022e-03
9.119114126728771197e-01	6.877209625012703498e-01	5.890648018543891418e-01	1.006036217303823022e-03
8.833289087465513445e-01	6.977940896424219552e-01	5.848613069459605018e-01	1.006036217303823022e-03
1.351891915344205775e-01	8.854096972801247523e-01	2.900237897526463104e-01	1.006036217303823022e-03
3.478394233855481854e-01	8.188555863009069902e-02	1.091309089700500806e-01	1.006036217303823022e-03
7.072919413184079740e-02	7.478869718241102360e-01	1.560282373331565997e-02	1.006036217303823022e-03
7.807595785152926515e-02	7.589365626785264940e-01	3.499679366772632388e-02	1.006036217303823022e-03
1.125432166278452356e-01	4.887923360036911706e-04	3.207938064394190159e-01	1.006036217303823022e-03
2.173125105648709421e-01	2.763253280915015653e-01	8.801921581683010976e-01	1.006036217303823022e-03
6.279487884535220887e-01	9.976350184235301954e-01	7.402038990412149744e-01	1.006036217303823022e-03
1.385001318351845034e-01	3.512772719859855730e-01	3.788095053228497378e-01	1.006036217303823022e-03
1.366555495762574179e-01	3.585139387628292762e-01	3.745832771367773040e-01	1.006036217303823022e-03
1.273178812684668537e-01	3.745031546141565637e-01	3.548796148224971359e-01	1.006036217303823022e-03
2.124094464864157566e-03	2.627804539680547169e-01	9.424906007002729069e-01	1.006036217303823022e-03
5.490838872952291672e-04	2.627469861741175694e-01	9.404378031339242217e-01	1.006036217303823022e-03
1.003120401075600215e-02	2.786699881326621941e-01	9.830595352736669623e-01	1.006036217303823022e-03
1.848962434934579846e-02	1.794184776452965036e-01	7.820582526525768907e-01	1.006036217303823022e-03
3.672991721245256747e-01	1.091109315933576906e-01	1.320268756374204655e-01	1.006036217303823022e-03
3.610040900140432663e-01	8.058964517583366849e-03	2.057879800157453309e-01	1.006036217303823022e-03
8.372389768239830721e-01	6.239719295881717143e-01	6.661238083143413702e-01	1.006036217303823022e-03
8.149078401056106813e-01	6.307562722917077203e-01	6.862200956046394795e-01	1.006036217303823022e-03
8.674468699228471413e-01	6.202214335770978026e-01	6.564037254472618876e-01	1.006036217303823022e-03
6.209727812109148148e-01	8.017373965623942889e-01	9.205035666533938343e-01	1.006036217303823022e-03
6.282064839626462227e-01	8.276212638193747306e-01	9.256261347434437958e-01	1.006036217303823022e-03
6.195414759670074822e-01	8.020193139678516436e-01	9.209329826040971723e-01	1.006036217303823022e-03
6.341091566745792329e-01	1.013853587620340904e-02	7.527471806105180407e-01	1.006036217303823022e-03
6.307281675637441687e-01	4.224339996459688766e-03	7.302657731325619128e-01	1.006036217303823022e-03
6.310968398001903790e-01	5.777358284597418348e-03	7.218203259382182102e-01	1.006036217303823022e-03
6.345216445388104365e-01	8.521038073545384936e-03	7.364055910521831727e-01	1.006036217303823022e-03
4.079836306327395135e-01	2.995771123348925924e-01	8.184446737123343696e-02	1.006036217303823022e-03
6.278453687699436792e-01	6.380440004556408029e-01	8.693029046433911056e-01	1.006036217303823022e-03
6.309818041781607434e-01	6.357447146955415018e-01	8.694744132535394687e-01	1.006036217303823022e-03
6.208648326539253359e-01	6.670343379100976966e-01	9.564652262913500014e-01	1.006036217303823022e-03
6.206672486929200039e-01	6.535237819019872330e-01	8.485783682564148611e-01	1.006036217303823022e-03
4.001449378752922059e-02	1.068623315082335157e-01	7.639364442559295476e-01	1.006036217303823022e-03
2.423646900371041052e-02	1.050767249224903443e-01	7.582157777849274360e-01	1.006036217303823022e-03
8.846126833442780057e-01	2.934165585312816793e-01	1.257337941848460927e-01	1.006036217303823022e-03
8.714369545078687329e-01	2.645769612318265573e-01	5.388740994396052503e-02	1.006036217303823022e-03
3.810385095923279897e-01	1.845180189063116427e-01	3.061287894003376642e-01	1.006036217303823022e-03
3.830679343567175987e-01	1.698822719685264271e-01	3.073234124147673496e-01	1.006036217303823022e-03
8.574711378630150982e-01	2.012645038145169374e-01	8.974183079448918576e-01	1.006036217303823022e-03
1.212426954968449100e-01	9.224864807784363130e-01	3.037815601847047575e-01	1.006036217303823022e-03
8.230788376724108568e-01	1.640618924754995989e-01	7.972467832689417166e-01	1.006036217303823022e-03
8.054192960050451378e-01	1.624102971460099631e-01	8.148148720428667335e-01	1.006036217303823022e-03
8.134782607720578707e-01	1.672008805263673070e-01	8.247179642764173035e-01	1.006036217303823022e-03
8.292705132295664638e-01	1.714207403406457497e-01	8.220290656279802821e-01	1.006036217303823022e-03
3.431584299114321390e-01	1.850256698091594376e-01	9.799289075430203111e-01	1.006036217303823022e-03
3.445449464898071579e-01	2.020100532226699885e-01	9.685055829795420346e-01	1.006036217303823022e-03
3.450213548046523471e-01	1.980986985056716054e-01	9.630384979928870992e-01	1.006036217303823022e-03
9.218646553038879476e-01	8.081554022253728542e-01	6.222672609416924905e-01	1.006036217303823022e-03
9.044722984614067540e-01	8.057152338237937306e-01	6.161035038031497102e-01	1.006036217303823022e-03
9.028758149019561197e-01	8.059354274113983418e-01	6.191399087471369800e-01	1.006036217303823022e-03
6.641057039370705795e-01	6.870824149230990718e-01	7.995102045553448278e-01	1.006036217303823022e-03
6.641882157581422419e-01	6.877889174757265689e-01	7.978885518410421263e-01	1.006036217303823022e-03
3.123323693760536313e-01	4.051425404823904008e-01	1.034804336178057060e-01	1.006036217303823022e-03
7.799491882075537674e-01	1.568230425840562159e-01	8.121054790788770905e-01	1.006036217303823022e-03
6.041778832383317699e-01	6.950588472397920548e-01	9.416569702997688029e-01	1.006036217303823022e-03
6.108083945529689807e-01	6.925855321126714870e-01	9.573503341331247585e-01	1.006036217303823022e-03
6.101244765187386898e-01	7.518926578543898565e-01	9.451835535758047468e-01	1.006036217303823022e-03
2.311843116689317190e-01	3.393445954005206433e-01	2.722728341348520931e-01	1.006036217303823022e-03
3.174525506895017335e-01	3.909097530923709776e-03	3.589904679353271288e-01	1.006036217303823022e-03
7.012963029307377472e-01	8.779789956249662852e-01	7.850791610424233402e-02	1.006036217303823022e-03
6.821561834741030061e-01	8.398132618952468542e-01	7.145595355663018899e-02	1.006036217303823022e-03
6.878248182783317510e-01	8.556526135112533238e-01	8.398608821478403819e-02	1.006036217303823022e-03
9.484594688773428928e-02	3.286678647053262181e-01	4.024235930685321483e-01	1.006036217303823022e-03
8.816306998366696401e-02	3.477886732005756043e-01	3.919846568051694180e-01	1.006036217303823022e-03
9.854173565025675652e-02	2.250093961119011832e-01	4.003500875003161430e-01	1.006036217303823022e-03
9.496270088413308330e-02	3.311812910549521427e-01	3.965830605439839007e-01	1.006036217303823022e-03
6.721496069272550611e-02	1.537148169748691895e-01	7.863178501823667732e-01	1.006036217303823022e-03
2.148095752963398997e-01	9.035913220885130048e-01	8.869424794111491206e-01	1.006036217303823022e-03
8.929778857164636374e-01	6.026217662332493674e-01	7.828441511857430202e-01	1.006036217303823022e-03
3.182780262181633124e-01	2.994598577312675425e-01	2.173127854972906614e-01	1.006036217303823022e-03
3.238310144746755492e-01	3.102616613104366428e-01	2.149496362709110708e-01	1.006036217303823022e-03
9.302748578945302382e-02	2.495327869430592205e-01	4.055661903088231823e-01	1.006036217303823022e-03
1.804348810226540645e-01	2.130050862143007817e-01	4.072227036785122656e-01	1.006036217303823022e-03
1.627779666099969935e-01	2.111755529019478383e-01	4.063641980991454794e-01	1.006036217303823022e-03
1.145351409549035249e-01	2.168245906713875959e-01	3.950346735641434015e-01	1.006036217303823022e-03
2.168122374687746767e-01	2.076340826648709337e-01	4.183705514588126895e-01	1.006036217303823022e-03
1.728025663003955048e-01	2.162624182897870673e-01	4.072008691121921653e-01	1.006036217303823022e-03
3.924483479632868144e-01	1.465923582258842339e-01	3.184220328104830355e-01	1.006036217303823022e-03
3.865394750398810086e-01	1.242436737398320556e-01	3.396480895894100072e-01	1.006036217303823022e-03
3.873911672942977891e-01	1.253567784906498561e-01	3.397052708758703798e-01	1.006036217303823022e-03
3.919321586440356331e-01	1.233024549095050465e-01	3.485282545857205094e-01	1.006036217303823022e-03
3.842963020844770150e-01	9.606556850260643265e-02	3.498188333606030431e-01	1.006036217303823022e-03
6.159209291963256838e-01	7.990229939625395073e-01	7.341840167840983922e-01	1.006036217303823022e-03
6.369170505204333477e-01	7.887680540779208327e-01	7.306933132595540004e-01	1.006036217303823022e-03
5.865498247057872039e-01	8.354339365074888724e-01	7.674684240691410642e-01	1.006036217303823022e-03
6.329894371654176677e-01	7.807162311743548466e-01	7.337729834286761399e-01	1.006036217303823022e-03
5.811381856214576924e-01	8.236345898933299381e-01	7.647063162668058522e-01	1.006036217303823022e-03
6.532746514128807691e-01	9.057648621644854847e-01	8.987935546575437362e-01	1.006036217303823022e-03
6.525090118123714200e-01	9.034107599258277554e-01	8.972829431348312568e-01	1.006036217303823022e-03
6.350609717903246132e-01	8.418070720373563853e-01	9.219034007795519070e-01	1.006036217303823022e-03
8.328874592537220956e-01	1.502050019425870686e-01	2.093905165333204976e-01	1.006036217303823022e-03
8.501890777329073057e-01	1.991915026098193264e-01	2.115210232291449277e-01	1.006036217303823022e-03
8.465550474865730646e-01	1.988612073149561565e-01	2.085976081495788947e-01	1.006036217303823022e-03
8.545774472527812859e-01	2.360214474716195443e-01	1.871454740791370919e-01	1.006036217303823022e-03
2.095990667221454828e-01	9.209447376211680192e-01	8.629602418396959962e-01	1.006036217303823022e-03
6.924662169694324465e-01	8.249402214991674587e-02	8.551362145533270009e-01	1.006036217303823022e-03
2.003611863540210591e-01	8.946601493292676288e-01	8.623683278080340742e-01	1.006036217303823022e-03
2.179685846690493367e-01	9.369769406268932954e-01	8.640112724711115355e-01	1.006036217303823022e-03
3.412989168489125036e-01	2.854284174981162048e-01	2.264727462164096428e-01	1.006036217303823022e-03
3.436919122934728454e-01	2.679387637476263739e-01	2.260410187447394470e-01	1.006036217303823022e-03
7.629781311219577811e-01	7.090833086564028998e-01	1.020459706005335532e-01	1.006036217303823022e-03
7.555184928204293771e-01	6.796605076521712308e-01	8.080165267026750975e-02	1.006036217303823022e-03
7.475894593125707033e-01	7.159196229109425769e-01	1.069539299492585360e-01	1.006036217303823022e-03
3.544301289537928334e-01	3.895772284347686076e-01	1.173423060140192653e-01	1.006036217303823022e-03
3.616199142117644816e-01	3.782915347516661031e-01	7.455337365236525127e-02	1.006036217303823022e-03
3.569756942768255725e-01	3.787273828320072422e-01	1.063256391814895868e-01	1.006036217303823022e-03
3.580962239742485065e-01	3.806341174928585813e-01	9.458175340292694633e-02	1.006036217303823022e-03
7.275737085830062678e-02	7.550789203807812822e-01	6.740143765599057035e-01	1.006036217303823022e-03
