   0.0220455   0.0000000   0.0000000   0.0000000   0.0000000   0.0000006   0.0000045   0.0000162   0.0000385   0.0000714   0.0001131
   0.0440910   0.0000000   0.0000000   0.0000000   0.0000000   0.0000009   0.0000063   0.0000208   0.0000469   0.0000840   0.0001295
   0.0661364   0.0000000   0.0000000   0.0000000   0.0000001   0.0000015   0.0000086   0.0000265   0.0000569   0.0000984   0.0001479
   0.0881819   0.0000000   0.0000000   0.0000000   0.0000001   0.0000022   0.0000117   0.0000336   0.0000687   0.0001148   0.0001682
   0.1102274   0.0000000   0.0000000   0.0000000   0.0000002   0.0000034   0.0000159   0.0000423   0.0000825   0.0001333   0.0001908
   0.1322729   0.0000000   0.0000000   0.0000000   0.0000004   0.0000051   0.0000212   0.0000528   0.0000985   0.0001542   0.0002156
   0.1543184   0.0000000   0.0000000   0.0000000   0.0000007   0.0000075   0.0000281   0.0000655   0.0001170   0.0001777   0.0002429
   0.1763638   0.0000000   0.0000000   0.0000000   0.0000013   0.0000109   0.0000369   0.0000808   0.0001383   0.0002039   0.0002728
   0.1984093   0.0000000   0.0000000   0.0000000   0.0000022   0.0000156   0.0000480   0.0000989   0.0001626   0.0002331   0.0003054
   0.2204548   0.0000000   0.0000000   0.0000001   0.0000037   0.0000221   0.0000618   0.0001202   0.0001903   0.0002654   0.0003408
   0.2425003   0.0000000   0.0000000   0.0000002   0.0000061   0.0000308   0.0000789   0.0001452   0.0002215   0.0003009   0.0003790
   0.2645457   0.0000000   0.0000000   0.0000005   0.0000098   0.0000424   0.0000998   0.0001742   0.0002565   0.0003399   0.0004203
   0.2865912   0.0000000   0.0000000   0.0000011   0.0000154   0.0000575   0.0001250   0.0002077   0.0002956   0.0003824   0.0004646
   0.3086367   0.0000000   0.0000000   0.0000022   0.0000237   0.0000770   0.0001553   0.0002459   0.0003390   0.0004286   0.0005119
   0.3306822   0.0000000   0.0000000   0.0000044   0.0000356   0.0001018   0.0001911   0.0002894   0.0003869   0.0004785   0.0005624
   0.3527277   0.0000000   0.0000001   0.0000084   0.0000524   0.0001329   0.0002331   0.0003383   0.0004394   0.0005323   0.0006160
   0.3747731   0.0000000   0.0000002   0.0000153   0.0000755   0.0001712   0.0002820   0.0003930   0.0004966   0.0005898   0.0006726
   0.3968186   0.0000000   0.0000007   0.0000270   0.0001065   0.0002178   0.0003381   0.0004537   0.0005586   0.0006511   0.0007323
   0.4188641   0.0000000   0.0000022   0.0000458   0.0001473   0.0002736   0.0004019   0.0005206   0.0006253   0.0007162   0.0007949
   0.4409096   0.0000000   0.0000060   0.0000747   0.0001996   0.0003395   0.0004738   0.0005937   0.0006969   0.0007849   0.0008604
   0.4629551   0.0000000   0.0000152   0.0001174   0.0002652   0.0004162   0.0005540   0.0006729   0.0007730   0.0008571   0.0009286
   0.4850005   0.0000000   0.0000352   0.0001776   0.0003456   0.0005043   0.0006426   0.0007582   0.0008536   0.0009327   0.0009994
   0.5070460   0.0000002   0.0000746   0.0002593   0.0004422   0.0006040   0.0007393   0.0008493   0.0009384   0.0010114   0.0010726
   0.5290915   0.0000021   0.0001450   0.0003655   0.0005556   0.0007152   0.0008439   0.0009460   0.0010271   0.0010929   0.0011480
   0.5511370   0.0000145   0.0002590   0.0004983   0.0006860   0.0008375   0.0009559   0.0010476   0.0011193   0.0011770   0.0012254
   0.5731824   0.0000712   0.0004262   0.0006577   0.0008328   0.0009703   0.0010747   0.0011537   0.0012146   0.0012634   0.0013045
   0.5952279   0.0002524   0.0006487   0.0008423   0.0009947   0.0011123   0.0011993   0.0012636   0.0013125   0.0013517   0.0013851
   0.6172734   0.0006515   0.0009174   0.0010486   0.0011697   0.0012622   0.0013287   0.0013766   0.0014125   0.0014416   0.0014669
   0.6393189   0.0012457   0.0012127   0.0012717   0.0013551   0.0014181   0.0014617   0.0014918   0.0015141   0.0015326   0.0015497
   0.6613644   0.0018257   0.0015109   0.0015059   0.0015477   0.0015781   0.0015970   0.0016085   0.0016166   0.0016243   0.0016331
   0.6834098   0.0021718   0.0017921   0.0017454   0.0017439   0.0017399   0.0017332   0.0017257   0.0017196   0.0017164   0.0017169
   0.7054553   0.0022638   0.0020478   0.0019843   0.0019399   0.0019013   0.0018690   0.0018424   0.0018222   0.0018085   0.0018008
   0.7275008   0.0022481   0.0022827   0.0022173   0.0021317   0.0020600   0.0020029   0.0019579   0.0019241   0.0019001   0.0018844
   0.7495463   0.0023084   0.0025094   0.0024394   0.0023159   0.0022137   0.0021334   0.0020712   0.0020245   0.0019908   0.0019677
   0.7715918   0.0025395   0.0027400   0.0026455   0.0024889   0.0023605   0.0022594   0.0021815   0.0021231   0.0020804   0.0020502
   0.7936372   0.0028521   0.0029762   0.0028310   0.0026480   0.0024984   0.0023797   0.0022881   0.0022192   0.0021683   0.0021317
   0.8156827   0.0031715   0.0032050   0.0029915   0.0027909   0.0026259   0.0024931   0.0023902   0.0023124   0.0022545   0.0022121
   0.8377282   0.0036141   0.0034006   0.0031237   0.0029162   0.0027419   0.0025990   0.0024874   0.0024024   0.0023384   0.0022910
   0.8597737   0.0041479   0.0035336   0.0032260   0.0030232   0.0028456   0.0026968   0.0025793   0.0024888   0.0024200   0.0023684
   0.8818192   0.0043994   0.0035834   0.0032992   0.0031119   0.0029365   0.0027859   0.0026654   0.0025714   0.0024991   0.0024441
   0.9038646   0.0041231   0.0035502   0.0033466   0.0031830   0.0030146   0.0028663   0.0027456   0.0026500   0.0025754   0.0025180
   0.9259101   0.0035275   0.0034584   0.0033735   0.0032374   0.0030802   0.0029379   0.0028198   0.0027245   0.0026489   0.0025899
   0.9479556   0.0029777   0.0033509   0.0033865   0.0032768   0.0031339   0.0030012   0.0028881   0.0027949   0.0027195   0.0026598
   0.9700011   0.0026668   0.0032734   0.0033912   0.0033027   0.0031767   0.0030564   0.0029508   0.0028612   0.0027872   0.0027277
   0.9920465   0.0026309   0.0032580   0.0033917   0.0033170   0.0032097   0.0031044   0.0030080   0.0029235   0.0028520   0.0027935
   1.0140920   0.0028625   0.0033111   0.0033891   0.0033213   0.0032344   0.0031457   0.0030602   0.0029821   0.0029141   0.0028573
   1.0361375   0.0033200   0.0034106   0.0033819   0.0033174   0.0032521   0.0031814   0.0031079   0.0030371   0.0029734   0.0029191
   1.0581830   0.0038529   0.0035146   0.0033667   0.0033074   0.0032645   0.0032123   0.0031514   0.0030888   0.0030302   0.0029790
   1.0802285   0.0042121   0.0035756   0.0033402   0.0032932   0.0032734   0.0032395   0.0031915   0.0031375   0.0030846   0.0030371
   1.1022739   0.0042526   0.0035573   0.0033011   0.0032770   0.0032803   0.0032640   0.0032287   0.0031836   0.0031368   0.0030935
   1.1243194   0.0040119   0.0034465   0.0032512   0.0032615   0.0032868   0.0032867   0.0032635   0.0032274   0.0031870   0.0031483
   1.1463649   0.0035663   0.0032589   0.0031962   0.0032490   0.0032944   0.0033085   0.0032966   0.0032692   0.0032355   0.0032017
   1.1684104   0.0029861   0.0030352   0.0031450   0.0032421   0.0033042   0.0033303   0.0033285   0.0033096   0.0032826   0.0032538
   1.1904559   0.0023888   0.0028309   0.0031080   0.0032431   0.0033174   0.0033528   0.0033598   0.0033487   0.0033283   0.0033048
   1.2125013   0.0019429   0.0027012   0.0030945   0.0032536   0.0033347   0.0033765   0.0033908   0.0033870   0.0033731   0.0033548
   1.2345468   0.0018067   0.0026857   0.0031110   0.0032745   0.0033566   0.0034019   0.0034220   0.0034248   0.0034172   0.0034041
   1.2565923   0.0020366   0.0027963   0.0031588   0.0033060   0.0033832   0.0034294   0.0034538   0.0034625   0.0034608   0.0034529
   1.2786378   0.0025713   0.0030127   0.0032345   0.0033471   0.0034143   0.0034590   0.0034865   0.0035003   0.0035041   0.0035013
   1.3006832   0.0033054   0.0032875   0.0033298   0.0033962   0.0034497   0.0034909   0.0035202   0.0035385   0.0035475   0.0035495
   1.3227287   0.0040907   0.0035603   0.0034342   0.0034512   0.0034887   0.0035252   0.0035553   0.0035773   0.0035910   0.0035976
   1.3447742   0.0046476   0.0037765   0.0035366   0.0035095   0.0035308   0.0035616   0.0035918   0.0036170   0.0036350   0.0036459
   1.3668197   0.0047074   0.0039043   0.0036280   0.0035687   0.0035750   0.0036000   0.0036299   0.0036577   0.0036796   0.0036945
   1.3888652   0.0043246   0.0039425   0.0037028   0.0036266   0.0036207   0.0036403   0.0036697   0.0036997   0.0037250   0.0037436
   1.4109106   0.0038209   0.0039167   0.0037596   0.0036819   0.0036673   0.0036824   0.0037111   0.0037430   0.0037714   0.0037933
   1.4329561   0.0034669   0.0038642   0.0038001   0.0037335   0.0037142   0.0037259   0.0037543   0.0037879   0.0038188   0.0038436
   1.4550016   0.0033867   0.0038178   0.0038290   0.0037812   0.0037610   0.0037710   0.0037993   0.0038343   0.0038675   0.0038948
   1.4770471   0.0035863   0.0037947   0.0038518   0.0038253   0.0038076   0.0038174   0.0038462   0.0038825   0.0039175   0.0039469
   1.4990926   0.0039098   0.0037962   0.0038737   0.0038664   0.0038539   0.0038652   0.0038950   0.0039324   0.0039689   0.0040001
   1.5211380   0.0041036   0.0038163   0.0038987   0.0039056   0.0039001   0.0039144   0.0039458   0.0039842   0.0040217   0.0040544
   1.5431835   0.0040044   0.0038513   0.0039287   0.0039439   0.0039466   0.0039653   0.0039986   0.0040379   0.0040761   0.0041098
   1.5652290   0.0036728   0.0039038   0.0039641   0.0039821   0.0039938   0.0040179   0.0040534   0.0040935   0.0041321   0.0041664
   1.5872745   0.0034340   0.0039771   0.0040035   0.0040213   0.0040424   0.0040725   0.0041105   0.0041510   0.0041896   0.0042243
   1.6093200   0.0036706   0.0040664   0.0040449   0.0040623   0.0040929   0.0041294   0.0041697   0.0042105   0.0042487   0.0042835
   1.6313654   0.0043380   0.0041542   0.0040864   0.0041060   0.0041460   0.0041888   0.0042313   0.0042720   0.0043094   0.0043441
   1.6534109   0.0048903   0.0042165   0.0041268   0.0041531   0.0042025   0.0042509   0.0042952   0.0043353   0.0043716   0.0044060
   1.6754564   0.0049270   0.0042361   0.0041666   0.0042047   0.0042628   0.0043161   0.0043614   0.0044005   0.0044353   0.0044692
   1.6975019   0.0045341   0.0042155   0.0042078   0.0042616   0.0043275   0.0043845   0.0044300   0.0044675   0.0045005   0.0045339
   1.7195473   0.0039421   0.0041794   0.0042536   0.0043249   0.0043971   0.0044561   0.0045008   0.0045361   0.0045670   0.0045999
   1.7415928   0.0034468   0.0041629   0.0043079   0.0043954   0.0044719   0.0045310   0.0045737   0.0046064   0.0046349   0.0046675
   1.7636383   0.0034453   0.0041949   0.0043746   0.0044740   0.0045521   0.0046092   0.0046488   0.0046780   0.0047040   0.0047366
   1.7856838   0.0039940   0.0042845   0.0044562   0.0045610   0.0046374   0.0046904   0.0047256   0.0047510   0.0047742   0.0048073
   1.8077293   0.0046334   0.0044199   0.0045540   0.0046567   0.0047278   0.0047744   0.0048041   0.0048250   0.0048456   0.0048798
   1.8297747   0.0049373   0.0045785   0.0046675   0.0047606   0.0048226   0.0048608   0.0048838   0.0049000   0.0049180   0.0049543
   1.8518202   0.0049297   0.0047407   0.0047949   0.0048720   0.0049212   0.0049490   0.0049646   0.0049758   0.0049914   0.0050308
   1.8738657   0.0048483   0.0048981   0.0049334   0.0049894   0.0050227   0.0050386   0.0050461   0.0050521   0.0050657   0.0051099
   1.8959112   0.0048552   0.0050534   0.0050800   0.0051113   0.0051259   0.0051288   0.0051279   0.0051287   0.0051411   0.0051917
   1.9179567   0.0050346   0.0052137   0.0052310   0.0052353   0.0052297   0.0052190   0.0052096   0.0052056   0.0052176   0.0052769
   1.9400021   0.0053389   0.0053836   0.0053830   0.0053593   0.0053327   0.0053085   0.0052909   0.0052825   0.0052953   0.0053661
   1.9620476   0.0056100   0.0055613   0.0055323   0.0054809   0.0054337   0.0053967   0.0053715   0.0053593   0.0053744   0.0054599
   1.9840931   0.0057940   0.0057393   0.0056752   0.0055975   0.0055313   0.0054829   0.0054510   0.0054361   0.0054553   0.0055594
   2.0061386   0.0059684   0.0059077   0.0058081   0.0057069   0.0056245   0.0055665   0.0055291   0.0055126   0.0055383   0.0056656
   2.0281840   0.0061802   0.0060571   0.0059275   0.0058072   0.0057123   0.0056470   0.0056057   0.0055891   0.0056241   0.0057799
   2.0502295   0.0063659   0.0061803   0.0060307   0.0058969   0.0057939   0.0057242   0.0056806   0.0056657   0.0057133   0.0059040
   2.0722750   0.0064362   0.0062733   0.0061154   0.0059749   0.0058689   0.0057978   0.0057538   0.0057426   0.0058070   0.0060398
   2.0943205   0.0064160   0.0063351   0.0061805   0.0060408   0.0059372   0.0058677   0.0058252   0.0058203   0.0059063   0.0061895
   2.1163660   0.0064355   0.0063675   0.0062259   0.0060948   0.0059989   0.0059341   0.0058951   0.0058994   0.0060126   0.0063560
   2.1384114   0.0065211   0.0063746   0.0062527   0.0061378   0.0060544   0.0059971   0.0059637   0.0059805   0.0061278   0.0065422
   2.1604569   0.0065001   0.0063621   0.0062630   0.0061712   0.0061046   0.0060571   0.0060314   0.0060647   0.0062540   0.0067520
   2.1825024   0.0062926   0.0063352   0.0062598   0.0061970   0.0061505   0.0061146   0.0060988   0.0061533   0.0063939   0.0069894
   2.2045479   0.0061278   0.0062971   0.0062471   0.0062177   0.0061932   0.0061701   0.0061664   0.0062479   0.0065505   0.0072593
   2.2265934   0.0062318   0.0062484   0.0062296   0.0062360   0.0062339   0.0062245   0.0062354   0.0063505   0.0067276   0.0075672
   2.2486388   0.0064543   0.0061891   0.0062128   0.0062546   0.0062741   0.0062783   0.0063067   0.0064636   0.0069296   0.0079194
   2.2706843   0.0064306   0.0061239   0.0062021   0.0062762   0.0063150   0.0063326   0.0063818   0.0065902   0.0071616   0.0083230
   2.2927298   0.0060562   0.0060650   0.0062028   0.0063033   0.0063576   0.0063881   0.0064626   0.0067339   0.0074295   0.0087860
   2.3147753   0.0056133   0.0060319   0.0062196   0.0063377   0.0064031   0.0064459   0.0065511   0.0068992   0.0077403   0.0093173
   2.3368208   0.0054620   0.0060439   0.0062556   0.0063807   0.0064521   0.0065071   0.0066502   0.0070914   0.0081018   0.0099269
   2.3588662   0.0057164   0.0061117   0.0063119   0.0064329   0.0065053   0.0065731   0.0067631   0.0073167   0.0085231   0.0106258
   2.3809117   0.0061495   0.0062320   0.0063878   0.0064940   0.0065630   0.0066454   0.0068942   0.0075826   0.0090146   0.0114263
   2.4029572   0.0064506   0.0063882   0.0064803   0.0065632   0.0066255   0.0067261   0.0070485   0.0078978   0.0095879   0.0123417
   2.4250027   0.0066210   0.0065576   0.0065853   0.0066390   0.0066929   0.0068178   0.0072323   0.0082727   0.0102561   0.0133866
   2.4470481   0.0068736   0.0067198   0.0066976   0.0067198   0.0067656   0.0069237   0.0074534   0.0087189   0.0110340   0.0145770
   2.4690936   0.0071608   0.0068634   0.0068116   0.0068034   0.0068441   0.0070484   0.0077211   0.0092503   0.0119378   0.0159300
   2.4911391   0.0072063   0.0069884   0.0069223   0.0068882   0.0069295   0.0071974   0.0080467   0.0098825   0.0129855   0.0174642
   2.5131846   0.0069860   0.0071026   0.0070253   0.0069725   0.0070236   0.0073782   0.0084437   0.0106333   0.0141969   0.0191994
   2.5352301   0.0068268   0.0072133   0.0071172   0.0070555   0.0071293   0.0076002   0.0089281   0.0115229   0.0155936   0.0211564
   2.5572755   0.0070415   0.0073188   0.0071961   0.0071372   0.0072512   0.0078756   0.0095188   0.0125739   0.0171990   0.0233577
   2.5793210   0.0076042   0.0074056   0.0072614   0.0072187   0.0073957   0.0082193   0.0102377   0.0138114   0.0190383   0.0258266
   2.6013665   0.0081219   0.0074547   0.0073147   0.0073027   0.0075722   0.0086501   0.0111101   0.0152630   0.0211384   0.0285874
   2.6234120   0.0081575   0.0074543   0.0073596   0.0073934   0.0077930   0.0091909   0.0121651   0.0169593   0.0235280   0.0316656
   2.6454575   0.0076638   0.0074112   0.0074014   0.0074972   0.0080751   0.0098691   0.0134355   0.0189330   0.0262371   0.0350873
   2.6675029   0.0070398   0.0073526   0.0074471   0.0076234   0.0084403   0.0107177   0.0149581   0.0212198   0.0292974   0.0388792
   2.6895484   0.0067139   0.0073166   0.0075044   0.0077850   0.0089168   0.0117752   0.0167738   0.0238575   0.0327417   0.0430685
   2.7115939   0.0067520   0.0073361   0.0075811   0.0080000   0.0095400   0.0130864   0.0189273   0.0268862   0.0366036   0.0476826
   2.7336394   0.0069840   0.0074254   0.0076853   0.0082932   0.0103538   0.0147024   0.0214672   0.0303477   0.0409176   0.0527489
   2.7556848   0.0073642   0.0075768   0.0078263   0.0086981   0.0114117   0.0166808   0.0244456   0.0342855   0.0457185   0.0582944
   2.7777303   0.0079058   0.0077672   0.0080166   0.0092598   0.0127775   0.0190855   0.0279177   0.0387441   0.0510410   0.0643457
   2.7997758   0.0083805   0.0079720   0.0082762   0.0100374   0.0145260   0.0219865   0.0319409   0.0437686   0.0569195   0.0709284
   2.8218213   0.0084853   0.0081778   0.0086375   0.0111072   0.0167435   0.0254589   0.0365746   0.0494041   0.0633876   0.0780671
   2.8438668   0.0082732   0.0083894   0.0091530   0.0125651   0.0195269   0.0295821   0.0418790   0.0556952   0.0704777   0.0857848
   2.8659122   0.0081447   0.0086293   0.0099032   0.0145285   0.0229834   0.0344385   0.0479144   0.0626850   0.0782205   0.0941027
   2.8879577   0.0084136   0.0089373   0.0110055   0.0171371   0.0272283   0.0401120   0.0547395   0.0704148   0.0866443   0.1030402
   2.9100032   0.0089923   0.0093786   0.0126217   0.0205514   0.0323826   0.0466858   0.0624112   0.0789231   0.0957750   0.1126140
   2.9320487   0.0095452   0.0100682   0.0149637   0.0249506   0.0385701   0.0542407   0.0709824   0.0882450   0.1056355   0.1228382
   2.9540942   0.0098645   0.0112114   0.0182938   0.0305265   0.0459128   0.0628527   0.0805016   0.0984115   0.1162448   0.1337240
   2.9761396   0.0100444   0.0131452   0.0229189   0.0374764   0.0545268   0.0725905   0.0910111   0.1094485   0.1276182   0.1452792
   2.9981851   0.0104360   0.0163621   0.0291763   0.0459933   0.0645174   0.0835139   0.1025463   0.1213768   0.1397668   0.1575085
   3.0202306   0.0116957   0.0214955   0.0374115   0.0562547   0.0759741   0.0956710   0.1151344   0.1342109   0.1526967   0.1704125
   3.0422761   0.0150748   0.0292531   0.0479503   0.0684111   0.0889663   0.1090969   0.1287939   0.1479588   0.1664091   0.1839883
   3.0643216   0.0224456   0.0403090   0.0610667   0.0825743   0.1035388   0.1238122   0.1435333   0.1626216   0.1809003   0.1982288
   3.0863670   0.0356089   0.0551793   0.0769527   0.0988073   0.1197097   0.1398216   0.1593512   0.1781933   0.1961610   0.2131232
   3.1084125   0.0554434   0.0741213   0.0956937   0.1171171   0.1374677   0.1571138   0.1762357   0.1946602   0.2121763   0.2286562
   3.1304580   0.0814035   0.0970880   0.1172535   0.1374507   0.1567727   0.1756617   0.1941642   0.2120012   0.2289260   0.2448087
   3.1525035   0.1114643   0.1237471   0.1414700   0.1596950   0.1775566   0.1954222   0.2131038   0.2301879   0.2463845   0.2615574
   3.1745489   0.1437920   0.1535510   0.1680634   0.1836820   0.1997264   0.2163378   0.2330117   0.2491844   0.2645207   0.2788753
   3.1965944   0.1787804   0.1858284   0.1966537   0.2091978   0.2231679   0.2383379   0.2538352   0.2689478   0.2832983   0.2967312
   3.2186399   0.2168668   0.2198687   0.2267865   0.2359957   0.2477512   0.2613406   0.2755130   0.2894286   0.3026763   0.3150906
   3.2406854   0.2552958   0.2549785   0.2579634   0.2638121   0.2733364   0.2852540   0.2979757   0.3105711   0.3226087   0.3339156
   3.2627309   0.2912722   0.2904982   0.2896758   0.2923843   0.2997790   0.3099790   0.3211467   0.3323140   0.3430458   0.3531649
   3.2847763   0.3264827   0.3257844   0.3214409   0.3214679   0.3269357   0.3354107   0.3449434   0.3545908   0.3639336   0.3727948
   3.3068218   0.3642288   0.3601868   0.3528389   0.3508525   0.3546684   0.3614403   0.3692779   0.3773310   0.3852151   0.3927588
   3.3288673   0.4034303   0.3930619   0.3835494   0.3803736   0.3828475   0.3879562   0.3940584   0.4004602   0.4068303   0.4130084
   3.3509128   0.4385835   0.4238453   0.4133851   0.4099194   0.4113532   0.4148462   0.4191902   0.4239015   0.4287172   0.4334935
   3.3729583   0.4662041   0.4521697   0.4423168   0.4394305   0.4400754   0.4419974   0.4445765   0.4475758   0.4508118   0.4541625
   3.3950037   0.4886460   0.4779813   0.4704840   0.4688930   0.4689120   0.4692977   0.4701196   0.4714029   0.4730492   0.4749632
   3.4170492   0.5092472   0.5016202   0.4981839   0.4983244   0.4977657   0.4966358   0.4957219   0.4953021   0.4953641   0.4958428
   3.4390947   0.5279995   0.5238564   0.5258328   0.5277542   0.5265410   0.5239022   0.5212866   0.5191933   0.5176910   0.5167487
   3.4611402   0.5448919   0.5458872   0.5539001   0.5572014   0.5551398   0.5509891   0.5467191   0.5429975   0.5399656   0.5376285
   3.4831856   0.5611439   0.5692700   0.5828180   0.5866521   0.5834592   0.5777911   0.5719273   0.5666375   0.5621243   0.5584309
   3.5052311   0.5761983   0.5957235   0.6128800   0.6160409   0.6113891   0.6042061   0.5968228   0.5900389   0.5841059   0.5791061
   3.5272766   0.5927020   0.6267448   0.6441474   0.6452390   0.6388122   0.6301357   0.6213214   0.6131306   0.6058512   0.5996057
   3.5493221   0.6220888   0.6630805   0.6763849   0.6740523   0.6656057   0.6554865   0.6453443   0.6358453   0.6273041   0.6198837
   3.5713676   0.6735007   0.7042272   0.7090459   0.7022304   0.6916449   0.6801711   0.6688183   0.6581203   0.6484117   0.6398965
   3.5934130   0.7417906   0.7482155   0.7413184   0.7294866   0.7168082   0.7041097   0.6916766   0.6798978   0.6691249   0.6596035
   3.6154585   0.8136024   0.7918612   0.7722301   0.7555256   0.7409829   0.7272309   0.7138595   0.7011254   0.6893987   0.6789671
   3.6375040   0.8768907   0.8314812   0.8007960   0.7800763   0.7640718   0.7494735   0.7353144   0.7217563   0.7091926   0.6979532
   3.6595495   0.9225780   0.8638466   0.8261819   0.8029240   0.7859983   0.7707869   0.7559968   0.7417498   0.7284708   0.7165315
   3.6815950   0.9447149   0.8870261   0.8478483   0.8239365   0.8067107   0.7911319   0.7758697   0.7610714   0.7472025   0.7346755
   3.7036404   0.9427404   0.9008141   0.8656470   0.8430808   0.8261847   0.8104812   0.7949046   0.7796932   0.7653620   0.7523628
   3.7256859   0.9253912   0.9066199   0.8798493   0.8604262   0.8444226   0.8288190   0.8130806   0.7975934   0.7829289   0.7695752
   3.7477314   0.9071043   0.9069272   0.8911023   0.8761333   0.8614513   0.8461405   0.8303849   0.8147570   0.7998881   0.7862989
   3.7697769   0.8956880   0.9045978   0.9003225   0.8904304   0.8773173   0.8624512   0.8468122   0.8311751   0.8162300   0.8025245
   3.7918224   0.8898374   0.9023046   0.9085472   0.9035806   0.8920808   0.8777651   0.8623647   0.8468454   0.8319502   0.8182467
   3.8138678   0.8873078   0.9022497   0.9167708   0.9158455   0.9058090   0.8921043   0.8770516   0.8617718   0.8470498   0.8334648
   3.8359133   0.8874129   0.9061179   0.9257916   0.9274494   0.9185692   0.9054966   0.8908883   0.8759640   0.8615350   0.8481824
   3.8579588   0.8897581   0.9150849   0.9360922   0.9385519   0.9304235   0.9179752   0.9038968   0.8894377   0.8754173   0.8624072
   3.8800043   0.8971157   0.9297010   0.9477728   0.9492313   0.9414251   0.9295769   0.9161043   0.9022141   0.8887129   0.8761512
   3.9020497   0.9160661   0.9496173   0.9605461   0.9594822   0.9516166   0.9403417   0.9275436   0.9143199   0.9014428   0.8894299
   3.9240952   0.9517739   0.9733126   0.9737991   0.9692265   0.9610304   0.9503122   0.9382524   0.9257866   0.9136327   0.9022629
   3.9461407   1.0025451   0.9980818   0.9867105   0.9783364   0.9696917   0.9595337   0.9482727   0.9366505   0.9253123   0.9146731
   3.9681862   1.0568083   1.0204813   0.9984064   0.9866648   0.9776222   0.9680537   0.9576509   0.9469525   0.9365154   0.9266867
   3.9902317   1.0960841   1.0371973   1.0081253   0.9940771   0.9848450   0.9759229   0.9664377   0.9567374   0.9472793   0.9383326
   4.0122771   1.1066703   1.0460369   1.0153592   1.0004807   0.9913898   0.9831952   0.9746871   0.9660541   0.9576447   0.9496425
   4.0343226   1.0890564   1.0466197   1.0199424   1.0058461   0.9972965   0.9899281   0.9824571   0.9749547   0.9676551   0.9606503
   4.0563681   1.0550634   1.0404525   1.0220708   1.0102176   1.0026183   0.9961834   0.9898088   0.9834944   0.9773564   0.9713917
   4.0784136   1.0196210   1.0303575   1.0222502   1.0137116   1.0074226   1.0020270   0.9968069   0.9917313   0.9867968   0.9819039
   4.1004591   0.9939979   1.0195258   1.0211903   1.0165046   1.0117903   1.0075290   1.0035188   0.9997257   0.9960259   0.9922253
   4.1225045   0.9825318   1.0106065   1.0196711   1.0188131   1.0158140   1.0127641   1.0100147   1.0075396   1.0050944   1.0023948
   4.1445500   0.9838154   1.0051658   1.0184133   1.0208690   1.0195941   1.0178102   1.0163671   1.0152365   1.0140536   1.0124515
   4.1665955   0.9917336   1.0036275   1.0179789   1.0228954   1.0232350   1.0227492   1.0226507   1.0228806   1.0229547   1.0224342
   4.1886410   0.9990702   1.0055755   1.0187160   1.0250861   1.0268415   1.0276655   1.0289419   1.0305361   1.0318487   1.0323812
   4.2106864   1.0050766   1.0101861   1.0207505   1.0275916   1.0305154   1.0326459   1.0353177   1.0382672   1.0407851   1.0423295
   4.2327319   1.0135167   1.0165848   1.0240160   1.0305130   1.0343534   1.0377789   1.0418559   1.0461365   1.0498119   1.0523144
   4.2547774   1.0238880   1.0240292   1.0283075   1.0339038   1.0384463   1.0431542   1.0486338   1.0542048   1.0589748   1.0623692
   4.2768229   1.0324597   1.0319305   1.0333448   1.0377791   1.0428796   1.0488623   1.0557275   1.0625303   1.0683166   1.0725250
   4.2988684   1.0391423   1.0397917   1.0388330   1.0421291   1.0477353   1.0549937   1.0632107   1.0711675   1.0778766   1.0828095
   4.3209138   1.0480618   1.0471535   1.0445116   1.0469355   1.0530948   1.0616385   1.0711539   1.0801667   1.0876901   1.0932477
   4.3429593   1.0610324   1.0536183   1.0501905   1.0521882   1.0590421   1.0688853   1.0796232   1.0895729   1.0977878   1.1038604
   4.3650048   1.0721142   1.0589581   1.0557702   1.0578999   1.0656662   1.0768206   1.0886785   1.0994248   1.1081953   1.1146650
   4.3870503   1.0732413   1.0632383   1.0612489   1.0641183   1.0730638   1.0855265   1.0983725   1.1097545   1.1189327   1.1256744
   4.4090958   1.0655442   1.0668464   1.0667190   1.0709335   1.0813399   1.0950797   1.1087493   1.1205863   1.1300143   1.1368972
   4.4311412   1.0597911   1.0703645   1.0723576   1.0784816   1.0906068   1.1055484   1.1198426   1.1319361   1.1414480   1.1483373
   4.4531867   1.0639277   1.0743374   1.0784147   1.0869432   1.1009812   1.1169901   1.1316745   1.1438110   1.1532354   1.1599940
   4.4752322   1.0746838   1.0790869   1.0852017   1.0965375   1.1125790   1.1294481   1.1442541   1.1562088   1.1653714   1.1718617
   4.4972777   1.0853523   1.0847087   1.0930832   1.1075121   1.1255082   1.1429482   1.1575768   1.1691177   1.1778445   1.1839301
   4.5193232   1.0944583   1.0912663   1.1024695   1.1201282   1.1398600   1.1574957   1.1716229   1.1825161   1.1906363   1.1961843
   4.5413686   1.1005830   1.0990559   1.1138068   1.1346424   1.1556985   1.1730718   1.1863574   1.1963730   1.2037223   1.2086043
   4.5634141   1.1001068   1.1087569   1.1275630   1.1512843   1.1730502   1.1896319   1.2017301   1.2106482   1.2170716   1.2211661
   4.5854596   1.0982205   1.1213538   1.1442044   1.1702310   1.1918941   1.2071028   1.2176756   1.2252927   1.2306476   1.2338413
   4.6075051   1.1085556   1.1378675   1.1641638   1.1915803   1.2121529   1.2253833   1.2341146   1.2402494   1.2444082   1.2465973
   4.6295505   1.1347913   1.1590632   1.1877974   1.2153233   1.2336870   1.2443442   1.2509550   1.2554542   1.2583064   1.2593981
   4.6515960   1.1678233   1.1853157   1.2153323   1.2413204   1.2562919   1.2638308   1.2680941   1.2708370   1.2722910   1.2722041
   4.6736415   1.2020058   1.2167033   1.2468049   1.2692823   1.2796999   1.2836668   1.2854205   1.2863227   1.2863072   1.2849727
   4.6956870   1.2381661   1.2532472   1.2819909   1.2987608   1.3035872   1.3036597   1.3028173   1.3018328   1.3002968   1.2976590
   4.7177325   1.2762132   1.2951023   1.3203355   1.3291531   1.3275856   1.3236071   1.3201645   1.3172864   1.3141996   1.3102155
   4.7397779   1.3171861   1.3425080   1.3608959   1.3597214   1.3512996   1.3433044   1.3373426   1.3326016   1.3279536   1.3225933
   4.7618234   1.3649312   1.3953943   1.4023164   1.3896299   1.3743266   1.3625532   1.3542350   1.3476969   1.3414958   1.3347420
   4.7838689   1.4220168   1.4527008   1.4428609   1.4179994   1.3962808   1.3811688   1.3707314   1.3624922   1.3547628   1.3466103
   4.8059144   1.4916239   1.5116628   1.4805223   1.4439745   1.4168173   1.3989883   1.3867298   1.3769100   1.3676914   1.3581465
   4.8279599   1.5799118   1.5674859   1.5132152   1.4667991   1.4356549   1.4158767   1.4021386   1.3908759   1.3802192   1.3692987
   4.8500053   1.6845685   1.6138281   1.5390353   1.4858917   1.4525958   1.4317319   1.4168780   1.4043195   1.3922850   1.3800155
   4.8720508   1.7773391   1.6442213   1.5565482   1.5009109   1.4675398   1.4464870   1.4308805   1.4171750   1.4038292   1.3902461
   4.8940963   1.8114326   1.6540446   1.5650494   1.5118021   1.4804906   1.4601108   1.4440909   1.4293809   1.4147944   1.3999407
   4.9161418   1.7630775   1.6422207   1.5647399   1.5188175   1.4915539   1.4726058   1.4564658   1.4408805   1.4251251   1.4090510
   4.9381872   1.6605072   1.6118001   1.5567703   1.5225037   1.5009273   1.4840031   1.4679716   1.4516214   1.4347687   1.4175305
   4.9602327   1.5563430   1.5691245   1.5431382   1.5236573   1.5088811   1.4943565   1.4785831   1.4615553   1.4436751   1.4253345
   4.9822782   1.4783497   1.5220083   1.5264526   1.5232505   1.5157329   1.5037334   1.4882808   1.4706378   1.4517968   1.4324206
   5.0043237   1.4235761   1.4778252   1.5096089   1.5223345   1.5218166   1.5122062   1.4970487   1.4788272   1.4590896   1.4387491
   5.0263692   1.3854547   1.4422773   1.4954302   1.5219317   1.5274506   1.5198426   1.5048714   1.4860849   1.4655121   1.4442829
   5.0484146   1.3628200   1.4190883   1.4863308   1.5229292   1.5329062   1.5266966   1.5117319   1.4923743   1.4710261   1.4489878
   5.0704601   1.3522551   1.4103323   1.4840452   1.5259850   1.5383806   1.5328010   1.5176093   1.4976608   1.4755965   1.4528332
   5.0925056   1.3521989   1.4168793   1.4894506   1.5314594   1.5439757   1.5381610   1.5224780   1.5019112   1.4791917   1.4557914
   5.1145511   1.3694845   1.4385692   1.5024936   1.5393772   1.5496867   1.5427517   1.5263061   1.5050941   1.4817834   1.4578384
   5.1365966   1.4107013   1.4740402   1.5222197   1.5494265   1.5553996   1.5465164   1.5290555   1.5071796   1.4833472   1.4589543
   5.1586420   1.4756983   1.5204202   1.5468994   1.5609917   1.5608987   1.5493689   1.5306828   1.5081399   1.4838624   1.4591225
   5.1806875   1.5605337   1.5732139   1.5742333   1.5732174   1.5658838   1.5511983   1.5311403   1.5079495   1.4833123   1.4583309
   5.2027330   1.6543235   1.6266419   1.6016173   1.5850942   1.5699935   1.5518751   1.5303782   1.5065861   1.4816847   1.4565714
   5.2247785   1.7388246   1.6744764   1.6264335   1.5955556   1.5728348   1.5512600   1.5283468   1.5040312   1.4789719   1.4538402
   5.2468240   1.7987682   1.7111733   1.6463327   1.6035770   1.5740138   1.5492130   1.5249994   1.5002709   1.4751712   1.4501379
   5.2688694   1.8255495   1.7329368   1.6594675   1.6082642   1.5731663   1.5456031   1.5202955   1.4952972   1.4702848   1.4454693
   5.2909149   1.8171337   1.7383510   1.6646464   1.6089244   1.5699852   1.5403176   1.5142031   1.4891081   1.4643204   1.4398441
   5.3129604   1.7815954   1.7283626   1.6613907   1.6051128   1.5642418   1.5332697   1.5067021   1.4817091   1.4572913   1.4332760
   5.3350059   1.7325570   1.7056542   1.6498964   1.5966530   1.5558005   1.5244049   1.4977859   1.4731137   1.4492161   1.4257835
   5.3570513   1.6812879   1.6736715   1.6309211   1.5836320   1.5446258   1.5137058   1.4874637   1.4633436   1.4401197   1.4173893
   5.3790968   1.6349175   1.6356807   1.6056276   1.5663717   1.5307810   1.5011935   1.4757609   1.4524295   1.4300321   1.4081202
   5.4011423   1.5949811   1.5941796   1.5754161   1.5453836   1.5144201   1.4869274   1.4627205   1.4404109   1.4189893   1.3980073
   5.4231878   1.5569375   1.5507981   1.5417734   1.5213122   1.4957738   1.4710031   1.4484017   1.4273359   1.4070327   1.3870855
   5.4452333   1.5149563   1.5065989   1.5061508   1.4948743   1.4751317   1.4535480   1.4328798   1.4132612   1.3942086   1.3753933
   5.4672787   1.4659239   1.4625299   1.4698748   1.4667997   1.4528214   1.4347157   1.4162441   1.3982510   1.3805684   1.3629727
   5.4893242   1.4108117   1.4197563   1.4340822   1.4377783   1.4291883   1.4146791   1.3985963   1.3823768   1.3661675   1.3498686
   5.5113697   1.3570798   1.3797108   1.3996719   1.4084185   1.4045759   1.3936238   1.3800474   1.3657157   1.3510652   1.3361286
   5.5334152   1.3145467   1.3438651   1.3672691   1.3792179   1.3793096   1.3717412   1.3607157   1.3483499   1.3353242   1.3218026
   5.5554607   1.2843603   1.3133438   1.3372042   1.3505482   1.3536836   1.3492213   1.3407237   1.3303648   1.3190092   1.3069424
   5.5775061   1.2601476   1.2885359   1.3095123   1.3226535   1.3279525   1.3262478   1.3201953   1.3118486   1.3021873   1.2916012
   5.5995516   1.2420728   1.2688387   1.2839628   1.2956603   1.3023267   1.3029931   1.2992533   1.2928900   1.2849263   1.2758331
   5.6215971   1.2379005   1.2526442   1.2601216   1.2695976   1.2769723   1.2796150   1.2780172   1.2735778   1.2672946   1.2596931
   5.6436426   1.2472468   1.2376476   1.2374411   1.2444224   1.2520134   1.2562543   1.2566009   1.2539989   1.2493603   1.2432359
   5.6656880   1.2547626   1.2214616   1.2153638   1.2200479   1.2275382   1.2330336   1.2351113   1.2342380   1.2311906   1.2265162
   5.6877335   1.2422230   1.2023475   1.1934202   1.1963707   1.2036047   1.2100575   1.2136467   1.2143759   1.2128508   1.2095878
   5.7097790   1.2036861   1.1797391   1.1713014   1.1732940   1.1802487   1.1874128   1.1922962   1.1944890   1.1944045   1.1925035
   5.7318245   1.1513350   1.1542830   1.1488924   1.1507439   1.1574903   1.1651704   1.1711392   1.1746487   1.1759121   1.1753144
   5.7538700   1.1073973   1.1273804   1.1262642   1.1286788   1.1353400   1.1433861   1.1502451   1.1549207   1.1574313   1.1580699
   5.7759154   1.0837103   1.1005208   1.1036296   1.1070917   1.1138034   1.1221030   1.1296733   1.1353647   1.1390160   1.1408174
   5.7979609   1.0715798   1.0747975   1.0812791   1.0860055   1.0928845   1.1013532   1.1094737   1.1160343   1.1207164   1.1236018
   5.8200064   1.0547101   1.0508084   1.0595121   1.0654651   1.0725869   1.0811592   1.0896875   1.0969767   1.1025789   1.1064652
   5.8420519   1.0259783   1.0288302   1.0385803   1.0455264   1.0529149   1.0615357   1.0703471   1.0782332   1.0846454   1.0894473
   5.8640974   0.9924985   1.0089863   1.0186517   1.0262459   1.0338724   1.0424911   1.0514777   1.0598390   1.0669540   1.0725846
   5.8861428   0.9690116   0.9912366   0.9997990   1.0076717   1.0154618   1.0240278   1.0330976   1.0418236   1.0495383   1.0559108
   5.9081883   0.9638815   0.9752560   0.9820105   0.9898370   0.9976828   1.0061439   1.0152191   1.0242111   1.0324279   1.0394565
   5.9302338   0.9679293   0.9604155   0.9652161   0.9727566   0.9805303   0.9888333   0.9978494   1.0070210   1.0156486   1.0232492
   5.9522793   0.9617321   0.9459780   0.9493193   0.9564259   0.9639943   0.9720867   0.9809914   0.9902681   0.9992220   1.0073133
   5.9743248   0.9388957   0.9314147   0.9342258   0.9408218   0.9480585   0.9558919   0.9646445   0.9739632   0.9831663   0.9916702
   5.9963702   0.9123422   0.9166285   0.9198616   0.9259050   0.9327007   0.9402345   0.9488052   0.9581137   0.9674962   0.9763385
   6.0184157   0.8941662   0.9019506   0.9061753   0.9116230   0.9178935   0.9250985   0.9334677   0.9427238   0.9522233   0.9613339
   6.0404612   0.8827466   0.8879447   0.8931271   0.8979133   0.9036054   0.9104669   0.9186246   0.9277951   0.9373562   0.9466692
   6.0625067   0.8703415   0.8751517   0.8806699   0.8847065   0.8898023   0.8963223   0.9042675   0.9133270   0.9229006   0.9323548
   6.0845521   0.8544800   0.8638798   0.8687292   0.8719305   0.8764498   0.8826478   0.8903873   0.8993170   0.9088600   0.9183985
   6.1065976   0.8415832   0.8540730   0.8571927   0.8595140   0.8635150   0.8694273   0.8769744   0.8857610   0.8952356   0.9048058
   6.1286431   0.8386937   0.8452700   0.8459133   0.8473917   0.8509689   0.8566466   0.8640197   0.8726535   0.8820264   0.8915801
   6.1506886   0.8424658   0.8366811   0.8347278   0.8355084   0.8387880   0.8442934   0.8515139   0.8599882   0.8692298   0.8787225
   6.1727341   0.8419930   0.8274037   0.8234861   0.8238241   0.8269559   0.8323581   0.8394482   0.8477574   0.8568413   0.8662326
   6.1947795   0.8316158   0.8167223   0.8120826   0.8123177   0.8154642   0.8208333   0.8278141   0.8359530   0.8448552   0.8541078
   6.2168250   0.8144156   0.8043707   0.8004806   0.8009899   0.8043129   0.8097147   0.8166036   0.8245659   0.8332640   0.8423442
   6.2388705   0.7945378   0.7906322   0.7887234   0.7898636   0.7935101   0.7989998   0.8058088   0.8135864   0.8220594   0.8309364
   6.2609160   0.7733138   0.7762311   0.7769270   0.7789830   0.7830708   0.7886881   0.7954216   0.8030039   0.8112316   0.8198775
   6.2829615   0.7528619   0.7620667   0.7652607   0.7684093   0.7730155   0.7787802   0.7854339   0.7928072   0.8007700   0.8091594
   6.3050069   0.7371582   0.7489065   0.7539191   0.7582159   0.7633678   0.7692769   0.7758369   0.7829842   0.7906629   0.7987732
   6.3270524   0.7271895   0.7371572   0.7430953   0.7484811   0.7541517   0.7601784   0.7666210   0.7735220   0.7808978   0.7887087
   6.3490979   0.7206127   0.7268006   0.7329611   0.7392810   0.7453892   0.7514831   0.7577752   0.7644067   0.7714612   0.7789551
   6.3711434   0.7169981   0.7175199   0.7236559   0.7306815   0.7370974   0.7431869   0.7492871   0.7556233   0.7623389   0.7695007
   6.3931889   0.7151516   0.7089615   0.7152830   0.7227319   0.7292860   0.7352822   0.7411426   0.7471562   0.7535162   0.7603334
   6.4152343   0.7077179   0.7010074   0.7079082   0.7154597   0.7219555   0.7277575   0.7333256   0.7389884   0.7449776   0.7514404
   6.4372798   0.6901587   0.6939040   0.7015577   0.7088664   0.7150955   0.7205966   0.7258177   0.7311022   0.7367072   0.7428088
   6.4593253   0.6715334   0.6881558   0.6962115   0.7029267   0.7086843   0.7137783   0.7185988   0.7234786   0.7286888   0.7344254
   6.4813708   0.6646699   0.6842300   0.6917971   0.6975886   0.7026890   0.7072769   0.7116463   0.7160983   0.7209058   0.7262767
   6.5034162   0.6704039   0.6822425   0.6881845   0.6927766   0.6970663   0.7010621   0.7049359   0.7089409   0.7133415   0.7183495
   6.5254617   0.6803588   0.6818109   0.6851908   0.6883960   0.6917638   0.6950994   0.6984418   0.7019857   0.7059792   0.7106306
   6.5475072   0.6881624   0.6821542   0.6825943   0.6843390   0.6867225   0.6893515   0.6921366   0.6952116   0.6988025   0.7031072
   6.5695527   0.6913402   0.6823618   0.6801587   0.6804915   0.6818790   0.6837784   0.6859921   0.6885977   0.6917952   0.6957668
   6.5915982   0.6896236   0.6816797   0.6776606   0.6767401   0.6771680   0.6783389   0.6799800   0.6821232   0.6849418   0.6885975
   6.6136436   0.6855771   0.6796882   0.6749150   0.6729785   0.6725253   0.6729916   0.6740716   0.6757677   0.6782274   0.6815879
   6.6356891   0.6817998   0.6763413   0.6717912   0.6691128   0.6678896   0.6676960   0.6682394   0.6695120   0.6716381   0.6747278
   6.6577346   0.6770804   0.6719042   0.6682156   0.6650648   0.6632051   0.6624135   0.6624569   0.6633380   0.6651609   0.6680074
   6.6797801   0.6685247   0.6668279   0.6641637   0.6607749   0.6584227   0.6571081   0.6566995   0.6572289   0.6587843   0.6614181
   6.7018256   0.6567971   0.6615808   0.6596438   0.6562018   0.6535010   0.6517477   0.6509448   0.6511700   0.6524982   0.6549524
   6.7238710   0.6474487   0.6564636   0.6546804   0.6513220   0.6484073   0.6463043   0.6451735   0.6451486   0.6462939   0.6486040
   6.7459165   0.6460039   0.6514741   0.6493023   0.6461273   0.6431170   0.6407549   0.6393694   0.6391545   0.6401647   0.6423677
   6.7679620   0.6512601   0.6463099   0.6435386   0.6406225   0.6376134   0.6350816   0.6335201   0.6331800   0.6341054   0.6362395
   6.7900075   0.6541219   0.6405364   0.6374209   0.6348219   0.6318873   0.6292721   0.6276172   0.6272202   0.6281129   0.6302170
   6.8120529   0.6459437   0.6338428   0.6309900   0.6287459   0.6259358   0.6233195   0.6216565   0.6212730   0.6221860   0.6242987
   6.8340984   0.6287433   0.6262345   0.6242999   0.6224176   0.6197615   0.6172229   0.6156381   0.6153396   0.6163254   0.6184846
   6.8561439   0.6127841   0.6180489   0.6174156   0.6158598   0.6133718   0.6109869   0.6095667   0.6094239   0.6105337   0.6127761
   6.8781894   0.6038199   0.6098003   0.6104051   0.6090926   0.6067783   0.6046220   0.6034515   0.6035328   0.6048155   0.6071755
   6.9002349   0.5984451   0.6019624   0.6033248   0.6021313   0.5999967   0.5981442   0.5973060   0.5976761   0.5991768   0.6016865
   6.9222803   0.5919313   0.5948043   0.5962053   0.5949864   0.5930469   0.5915751   0.5911477   0.5918661   0.5936256   0.5963137
   6.9443258   0.5845673   0.5883272   0.5890410   0.5876640   0.5859534   0.5849419   0.5849984   0.5861177   0.5881712   0.5910628
   6.9663713   0.5793083   0.5822881   0.5817886   0.5801683   0.5787462   0.5782768   0.5788829   0.5804475   0.5828240   0.5859403
   6.9884168   0.5773603   0.5762791   0.5743741   0.5725057   0.5714617   0.5716171   0.5728294   0.5748742   0.5775957   0.5809534
   7.0104623   0.5765341   0.5698473   0.5667096   0.5646891   0.5641435   0.5650045   0.5668684   0.5694176   0.5724987   0.5761101
   7.0325077   0.5722734   0.5626309   0.5587134   0.5567441   0.5568431   0.5584847   0.5610323   0.5640985   0.5675457   0.5714188
   7.0545532   0.5615094   0.5544611   0.5503324   0.5487140   0.5496202   0.5521066   0.5553544   0.5589378   0.5627501   0.5668881
   7.0765987   0.5461271   0.5453702   0.5415615   0.5406641   0.5425428   0.5459210   0.5498684   0.5539567   0.5581249   0.5625270
   7.0986442   0.5319506   0.5354987   0.5324580   0.5326844   0.5356857   0.5399799   0.5446074   0.5491756   0.5536833   0.5583448
   7.1206897   0.5233292   0.5249762   0.5231507   0.5248891   0.5291291   0.5343347   0.5396031   0.5446137   0.5494376   0.5543505
   7.1427351   0.5187880   0.5138861   0.5138409   0.5174144   0.5229559   0.5290347   0.5348848   0.5402890   0.5453998   0.5505532
   7.1647806   0.5119090   0.5023652   0.5047950   0.5104113   0.5172482   0.5241258   0.5304786   0.5362173   0.5415810   0.5469621
   7.1868261   0.4964432   0.4907725   0.4963286   0.5040376   0.5120840   0.5196481   0.5264069   0.5324124   0.5379911   0.5435858
   7.2088716   0.4736580   0.4797852   0.4887808   0.4984467   0.5075326   0.5156352   0.5226872   0.5288854   0.5346393   0.5404330
   7.2309170   0.4531533   0.4703124   0.4824813   0.4937753   0.5036506   0.5121117   0.5193319   0.5256447   0.5315333   0.5375121
   7.2529625   0.4428949   0.4632499   0.4777144   0.4901322   0.5004784   0.5090929   0.5163481   0.5226960   0.5286800   0.5348315
   7.2750080   0.4423407   0.4592119   0.4746845   0.4875876   0.4980368   0.5065830   0.5137369   0.5200422   0.5260853   0.5323992
   7.2970535   0.4469668   0.4583863   0.4734897   0.4861654   0.4963248   0.5045755   0.5114936   0.5176836   0.5237540   0.5302233
   7.3190990   0.4532254   0.4605672   0.4741066   0.4858394   0.4953191   0.5030523   0.5096081   0.5156180   0.5216903   0.5283120
   7.3411444   0.4589863   0.4652987   0.4763907   0.4865334   0.4949740   0.5019846   0.5080653   0.5138413   0.5198979   0.5266734
   7.3631899   0.4652619   0.4720197   0.4800895   0.4881251   0.4952230   0.5013339   0.5068455   0.5123478   0.5183801   0.5253162
   7.3852354   0.4749672   0.4801366   0.4848668   0.4904546   0.4959819   0.5010533   0.5059259   0.5111307   0.5171405   0.5242492
   7.4072809   0.4877052   0.4890304   0.4903352   0.4933350   0.4971524   0.5010893   0.5052811   0.5101831   0.5161829   0.5234819
   7.4293264   0.5007369   0.4980533   0.4960909   0.4965651   0.4986268   0.5013841   0.5048845   0.5094980   0.5155119   0.5230244
   7.4513718   0.5129370   0.5065571   0.5017494   0.4999424   0.5002928   0.5018781   0.5047100   0.5090696   0.5151332   0.5228877
   7.4734173   0.5228637   0.5139577   0.5069764   0.5032748   0.5020388   0.5025126   0.5047330   0.5088941   0.5150539   0.5230835
   7.4954628   0.5283103   0.5198043   0.5115125   0.5063909   0.5037589   0.5032327   0.5049323   0.5089700   0.5152828   0.5236246
   7.5175083   0.5309251   0.5238279   0.5151887   0.5091462   0.5053572   0.5039896   0.5052910   0.5092990   0.5158308   0.5245250
   7.5395537   0.5338284   0.5259670   0.5179295   0.5114277   0.5067523   0.5047437   0.5057986   0.5098868   0.5167110   0.5257997
   7.5615992   0.5353000   0.5263818   0.5197433   0.5131539   0.5078806   0.5054664   0.5064513   0.5107435   0.5179390   0.5274647
   7.5836447   0.5318899   0.5254548   0.5207008   0.5142736   0.5086987   0.5061427   0.5072541   0.5118838   0.5195329   0.5295371
   7.6056902   0.5242820   0.5237501   0.5209042   0.5147631   0.5091862   0.5067723   0.5082205   0.5133279   0.5215134   0.5320351
   7.6277357   0.5162256   0.5218990   0.5204534   0.5146232   0.5093466   0.5073710   0.5093740   0.5151011   0.5239038   0.5349776
   7.6497811   0.5113907   0.5204195   0.5194166   0.5138777   0.5092087   0.5079714   0.5107477   0.5172339   0.5267297   0.5383840
   7.6718266   0.5122816   0.5195317   0.5178126   0.5125729   0.5088268   0.5086232   0.5123847   0.5197621   0.5300189   0.5422743
   7.6938721   0.5180516   0.5190485   0.5156119   0.5107803   0.5082807   0.5093921   0.5143374   0.5227260   0.5338009   0.5466685
   7.7159176   0.5236111   0.5183971   0.5127577   0.5086002   0.5076747   0.5103599   0.5166667   0.5261701   0.5381067   0.5515863
   7.7379631   0.5253071   0.5167670   0.5092046   0.5061659   0.5071363   0.5116223   0.5194416   0.5301425   0.5429679   0.5570466
   7.7600085   0.5249179   0.5133408   0.5049684   0.5036482   0.5068138   0.5132869   0.5227371   0.5346937   0.5484165   0.5630677
   7.7820540   0.5234051   0.5075528   0.5001730   0.5012566   0.5068731   0.5154714   0.5266332   0.5398756   0.5544839   0.5696657
   7.8040995   0.5160975   0.4993202   0.4950847   0.4992374   0.5074936   0.5183002   0.5312129   0.5457405   0.5612001   0.5768552
   7.8261450   0.4992572   0.4891877   0.4901210   0.4978676   0.5088636   0.5219016   0.5365602   0.5523400   0.5685934   0.5846480
   7.8481905   0.4761282   0.4783271   0.4858305   0.4974438   0.5111744   0.5264046   0.5427580   0.5597232   0.5766889   0.5930529
   7.8702359   0.4538479   0.4683637   0.4828425   0.4982677   0.5146149   0.5319351   0.5498861   0.5679356   0.5855079   0.6020751
   7.8922814   0.4380061   0.4610690   0.4817962   0.5006294   0.5193654   0.5386127   0.5580186   0.5770177   0.5950674   0.6117158
   7.9143269   0.4307616   0.4580133   0.4832623   0.5047908   0.5255922   0.5465475   0.5672222   0.5870035   0.6053786   0.6219716
   7.9363724   0.4324528   0.4602836   0.4876715   0.5109713   0.5334421   0.5558366   0.5775536   0.5979195   0.6164468   0.6328341
   7.9584178   0.4427330   0.4683266   0.4952660   0.5193374   0.5430384   0.5665616   0.5890580   0.6097828   0.6282699   0.6442894
   7.9804633   0.4599107   0.4819187   0.5060828   0.5299988   0.5544775   0.5787855   0.6017671   0.6226009   0.6408387   0.6563181
   8.0025088   0.4828009   0.5002362   0.5199731   0.5430089   0.5678267   0.5925508   0.6156973   0.6363697   0.6541353   0.6688946
   8.0245543   0.5124548   0.5220125   0.5366535   0.5583718   0.5831225   0.6078778   0.6308488   0.6510736   0.6681335   0.6819870
   8.0465998   0.5475633   0.5457815   0.5557774   0.5760515   0.6003708   0.6247632   0.6472045   0.6666840   0.6827978   0.6955573
   8.0686452   0.5813058   0.5701966   0.5770131   0.5959829   0.6195460   0.6431790   0.6647289   0.6831595   0.6980839   0.7095609
   8.0906907   0.6070115   0.5943582   0.6001090   0.6180816   0.6405926   0.6630722   0.6833683   0.7004455   0.7139378   0.7239469
   8.1127362   0.6243284   0.6180417   0.6249351   0.6422495   0.6634247   0.6843649   0.7030501   0.7184740   0.7302966   0.7386581
   8.1347817   0.6380922   0.6417327   0.6514889   0.6683774   0.6879276   0.7069546   0.7236836   0.7371640   0.7470883   0.7536316
   8.1568272   0.6537656   0.6664512   0.6798671   0.6963414   0.7139580   0.7307150   0.7451603   0.7564220   0.7642326   0.7687985
   8.1788726   0.6754773   0.6934393   0.7102085   0.7259960   0.7413451   0.7554973   0.7673548   0.7761424   0.7816409   0.7840851
   8.2009181   0.7040685   0.7238270   0.7426218   0.7571653   0.7698913   0.7811318   0.7901262   0.7962088   0.7992173   0.7994129
   8.2229636   0.7372137   0.7583607   0.7771131   0.7896341   0.7993743   0.8074300   0.8133191   0.8164946   0.8168595   0.8146991
   8.2450091   0.7755984   0.7972291   0.8135306   0.8231409   0.8295486   0.8341865   0.8367660   0.8368648   0.8344596   0.8298578
   8.2670545   0.8224589   0.8399830   0.8515364   0.8573764   0.8601488   0.8611820   0.8602889   0.8571770   0.8519050   0.8448005
   8.2891000   0.8767050   0.8855555   0.8906114   0.8919865   0.8908930   0.8881860   0.8837011   0.8772833   0.8690800   0.8594368
   8.3111455   0.9346612   0.9324011   0.9300926   0.9265818   0.9214877   0.9149598   0.9068103   0.8970319   0.8858665   0.8736755
   8.3331910   0.9930346   0.9787543   0.9692327   0.9607514   0.9516323   0.9412595   0.9294201   0.9162688   0.9021458   0.8874253
   8.3552365   1.0457202   1.0229521   1.0072724   0.9940802   0.9810249   0.9668398   0.9513334   0.9348401   0.9177996   0.9005959
   8.3772819   1.0867678   1.0637149   1.0435105   1.0261665   1.0093674   0.9914563   0.9723543   0.9525934   0.9327116   0.9130987
   8.3993274   1.1181717   1.1002845   1.0773616   1.0566389   1.0363706   1.0148699   0.9922909   0.9693800   0.9467686   0.9248481
   8.4213729   1.1468373   1.1323896   1.1083928   1.0851683   1.0617581   1.0368488   1.0109581   0.9850570   0.9598622   0.9357622
   8.4434184   1.1751057   1.1600984   1.1363386   1.1114749   1.0852703   1.0571722   1.0281795   0.9994887   0.9718898   0.9457635
   8.4654639   1.2001324   1.1836618   1.1610924   1.1353295   1.1066664   1.0756330   1.0437907   1.0125489   0.9827561   0.9547803
   8.4875093   1.2192194   1.2034187   1.1826808   1.1565474   1.1257259   1.0920404   1.0576407   1.0241224   0.9923740   0.9627468
   8.5095548   1.2319232   1.2197666   1.2012233   1.1749791   1.1422501   1.1062224   1.0695946   1.0341065   1.0006660   0.9696042
   8.5316003   1.2406859   1.2331595   1.2168826   1.1904972   1.1560620   1.1180284   1.0795357   1.0424122   1.0075648   0.9753016
   8.5536458   1.2498848   1.2441023   1.2298095   1.2029825   1.1670075   1.1273311   1.0873665   1.0489659   1.0130144   0.9797957
   8.5756913   1.2602174   1.2531321   1.2400870   1.2123138   1.1749563   1.1340289   1.0930110   1.0537100   1.0169703   0.9830520
   8.5977367   1.2671535   1.2607729   1.2476812   1.2183611   1.1798036   1.1380476   1.0964154   1.0566038   1.0194008   0.9850449
   8.6197822   1.2681341   1.2674187   1.2524066   1.2209861   1.1814731   1.1393421   1.0975494   1.0576238   1.0202863   0.9857578
   8.6418277   1.2675320   1.2731121   1.2539180   1.2200496   1.1799199   1.1378978   1.0964063   1.0567644   1.0196203   0.9851832
   8.6638732   1.2732311   1.2772560   1.2517359   1.2154266   1.1751348   1.1337312   1.0930034   1.0540373   1.0174089   0.9833228
   8.6859186   1.2882681   1.2784143   1.2453100   1.2070256   1.1671485   1.1268913   1.0873818   1.0494717   1.0136707   0.9801873
   8.7079641   1.3061297   1.2744006   1.2341147   1.1948115   1.1560348   1.1174584   1.0796057   1.0431134   1.0084363   0.9757960
   8.7300096   1.3158149   1.2627630   1.2177628   1.1788266   1.1419139   1.1055444   1.0697614   1.0350242   1.0017480   0.9701767
   8.7520551   1.3068998   1.2415635   1.1961121   1.1592078   1.1249532   1.0912906   1.0579557   1.0252806   0.9936586   0.9633652
   8.7741006   1.2702046   1.2101496   1.1693415   1.1361956   1.1053664   1.0748660   1.0443143   1.0139729   0.9842312   0.9554044
   8.7961460   1.2051463   1.1695584   1.1379754   1.1101334   1.0834105   1.0564642   1.0289793   1.0012029   0.9735375   0.9463440
   8.8181915   1.1267231   1.1223442   1.1028478   1.0814571   1.0593802   1.0362994   1.0121070   0.9870831   0.9616571   0.9362396
   8.8402370   1.0546483   1.0718955   1.0650113   1.0506745   1.0336003   1.0146025   0.9938649   0.9717344   0.9486763   0.9251520
   8.8622825   0.9967327   1.0215449   1.0256126   1.0183383   1.0064165   0.9916162   0.9744287   0.9552840   0.9346865   0.9131465
   8.8843280   0.9492007   0.9738338   0.9857602   0.9850159   0.9781847   0.9675894   0.9539792   0.9378639   0.9197831   0.9002917
   8.9063734   0.9081384   0.9301571   0.9464126   0.9512588   0.9492601   0.9427724   0.9326993   0.9196084   0.9040643   0.8866587
   8.9284189   0.8733290   0.8908099   0.9083072   0.9175764   0.9199869   0.9174114   0.9107706   0.9006521   0.8876295   0.8723205
   8.9504644   0.8442813   0.8553040   0.8719368   0.8844152   0.8906885   0.8917437   0.8883709   0.8811284   0.8705781   0.8573509
   8.9725099   0.8187944   0.8227825   0.8375699   0.8521459   0.8616590   0.8659929   0.8656706   0.8611671   0.8530082   0.8418235
   8.9945553   0.7932350   0.7923947   0.8053006   0.8210592   0.8331578   0.8403649   0.8428308   0.8408928   0.8350152   0.8258111
   9.0166008   0.7633099   0.7635445   0.7751102   0.7913662   0.8054046   0.8150453   0.8200011   0.8204235   0.8166912   0.8093851
   9.0386463   0.7299417   0.7359760   0.7469248   0.7632060   0.7785779   0.7901963   0.7973169   0.7998691   0.7981236   0.7926142
   9.0606918   0.7002501   0.7097208   0.7206571   0.7366552   0.7528147   0.7659552   0.7748989   0.7793300   0.7793941   0.7755643
   9.0827373   0.6774746   0.6849751   0.6962282   0.7117386   0.7282118   0.7424341   0.7528514   0.7588965   0.7605784   0.7582978
   9.1047827   0.6569303   0.6619851   0.6735711   0.6884401   0.7048290   0.7197194   0.7312619   0.7386479   0.7417452   0.7408730
   9.1268282   0.6341953   0.6409723   0.6526218   0.6667123   0.6826925   0.6978724   0.7102004   0.7186519   0.7229560   0.7233436
   9.1488737   0.6108877   0.6220786   0.6333048   0.6464841   0.6617994   0.6769309   0.6897202   0.6989648   0.7042645   0.7057589
   9.1709192   0.5920844   0.6053043   0.6155220   0.6276673   0.6421220   0.6569105   0.6698574   0.6796308   0.6857166   0.6881632
   9.1929647   0.5810139   0.5904523   0.5991467   0.6101617   0.6236121   0.6378067   0.6506325   0.6606826   0.6673506   0.6705956
   9.2150101   0.5750305   0.5771276   0.5840277   0.5938591   0.6062055   0.6195970   0.6320506   0.6421421   0.6491969   0.6530903
   9.2370556   0.5676018   0.5648254   0.5699996   0.5786472   0.5898250   0.6022433   0.6141034   0.6240202   0.6312785   0.6356764
   9.2591011   0.5557760   0.5530777   0.5568979   0.5644117   0.5743841   0.5856938   0.5967695   0.6063183   0.6136114   0.6183784
   9.2811466   0.5420414   0.5415802   0.5445732   0.5510393   0.5597895   0.5698856   0.5800170   0.5890288   0.5962050   0.6012159
   9.3031921   0.5287958   0.5302362   0.5329007   0.5384189   0.5459429   0.5547468   0.5638042   0.5721362   0.5790626   0.5842044
   9.3252375   0.5163153   0.5191082   0.5217839   0.5264424   0.5327426   0.5401979   0.5480816   0.5556180   0.5621822   0.5673554
   9.3472830   0.5052875   0.5083300   0.5111492   0.5150049   0.5200851   0.5261545   0.5327935   0.5394463   0.5455574   0.5506767
   9.3693285   0.4961827   0.4980351   0.5009361   0.5040036   0.5078652   0.5125282   0.5178798   0.5235888   0.5291776   0.5341731
   9.3913740   0.4872888   0.4883251   0.4910840   0.4933374   0.4959773   0.4992286   0.5032772   0.5080097   0.5130293   0.5178468
   9.4134194   0.4770035   0.4792564   0.4815209   0.4829046   0.4843152   0.4861648   0.4889211   0.4926713   0.4970969   0.5016978
   9.4354649   0.4661664   0.4708089   0.4721556   0.4726023   0.4727729   0.4732468   0.4747473   0.4775354   0.4813632   0.4857244
   9.4575104   0.4575688   0.4628322   0.4628775   0.4623247   0.4612454   0.4603871   0.4606932   0.4625639   0.4658104   0.4699236
   9.4795559   0.4536789   0.4550082   0.4535616   0.4519624   0.4496289   0.4475019   0.4466994   0.4477202   0.4504209   0.4542919
   9.5016014   0.4525361   0.4468881   0.4440783   0.4414023   0.4378226   0.4345130   0.4327109   0.4329704   0.4351777   0.4388256
   9.5236468   0.4482292   0.4380228   0.4343020   0.4305276   0.4257299   0.4213490   0.4186784   0.4182840   0.4200657   0.4235209
   9.5456923   0.4374370   0.4281387   0.4241162   0.4192192   0.4132603   0.4079471   0.4045598   0.4036345   0.4050714   0.4083749
   9.5677378   0.4219044   0.4172595   0.4134105   0.4073574   0.4003322   0.3942545   0.3903205   0.3890008   0.3901842   0.3933854
   9.5897833   0.4049195   0.4056941   0.4020697   0.3948252   0.3868752   0.3802298   0.3759347   0.3743671   0.3753963   0.3785515
   9.6118288   0.3889775   0.3938720   0.3899607   0.3815132   0.3728335   0.3658445   0.3613860   0.3597235   0.3607034   0.3638737
   9.6338742   0.3758378   0.3820906   0.3769207   0.3673257   0.3581686   0.3510840   0.3466679   0.3450666   0.3461044   0.3493544
   9.6559197   0.3664504   0.3702770   0.3627579   0.3521878   0.3428623   0.3359487   0.3317838   0.3303991   0.3316020   0.3349973
   9.6779652   0.3603126   0.3578706   0.3472675   0.3360545   0.3269194   0.3204541   0.3167471   0.3157301   0.3172028   0.3208085
   9.7000107   0.3550459   0.3438908   0.3302651   0.3189185   0.3103693   0.3046314   0.3015811   0.3010750   0.3029167   0.3067955
   9.7220561   0.3471926   0.3271959   0.3116311   0.3008173   0.2932672   0.2885265   0.2863186   0.2864547   0.2887570   0.2929678
   9.7441016   0.3331529   0.3068702   0.2913560   0.2818382   0.2756934   0.2722001   0.2710006   0.2718958   0.2747406   0.2793366
   9.7661471   0.3087925   0.2826088   0.2695732   0.2621196   0.2577527   0.2557253   0.2556761   0.2574293   0.2608869   0.2659147
   9.7881926   0.2713254   0.2549417   0.2465684   0.2418478   0.2395711   0.2391867   0.2404004   0.2430905   0.2472179   0.2527163
   9.8102381   0.2245202   0.2251746   0.2227618   0.2212504   0.2212922   0.2226777   0.2252340   0.2289178   0.2337578   0.2397566
   9.8322835   0.1789859   0.1950428   0.1986649   0.2005851   0.2030725   0.2062977   0.2102409   0.2149521   0.2205321   0.2270520
   9.8543290   0.1442344   0.1662119   0.1748225   0.1801261   0.1850754   0.1901500   0.1954874   0.2012357   0.2075676   0.2146191
   9.8763745   0.1214164   0.1398434   0.1517533   0.1601490   0.1674654   0.1743380   0.1810401   0.1878114   0.1948914   0.2024754
   9.8984200   0.1050359   0.1164066   0.1299024   0.1409159   0.1504019   0.1589629   0.1669644   0.1747218   0.1825309   0.1906379
   9.9204655   0.0900329   0.0957820   0.1096126   0.1226625   0.1340333   0.1441202   0.1533233   0.1620080   0.1705126   0.1791237
   9.9425109   0.0746180   0.0775578   0.0911172   0.1055870   0.1184917   0.1298975   0.1401751   0.1497090   0.1588620   0.1679492
   9.9645564   0.0582222   0.0613463   0.0745492   0.0898434   0.1038890   0.1163722   0.1275732   0.1378610   0.1476033   0.1571299
   9.9866019   0.0409189   0.0469757   0.0599593   0.0755378   0.0903134   0.1036092   0.1155639   0.1264965   0.1367584   0.1466804
  10.0086474   0.0245831   0.0345060   0.0473346   0.0627279   0.0778276   0.0916601   0.1041863   0.1156439   0.1263471   0.1366136
  10.0306929   0.0120231   0.0241089   0.0366142   0.0514259   0.0664685   0.0805621   0.0934713   0.1053266   0.1163862   0.1269411
  10.0527383   0.0045875   0.0159049   0.0276976   0.0416026   0.0562473   0.0703375   0.0834413   0.0955635   0.1068899   0.1176726
  10.0747838   0.0013178   0.0098464   0.0204509   0.0331939   0.0471516   0.0609944   0.0741100   0.0863678   0.0978690   0.1088160
  10.0968293   0.0002772   0.0056910   0.0147106   0.0261078   0.0391477   0.0525270   0.0654825   0.0777476   0.0893311   0.1003770
  10.1188748   0.0000418   0.0030580   0.0102897   0.0202310   0.0321838   0.0449169   0.0575555   0.0697057   0.0812804   0.0923593
  10.1409202   0.0000045   0.0015224   0.0069873   0.0154369   0.0261938   0.0381346   0.0503184   0.0622398   0.0737177   0.0847644
  10.1629657   0.0000003   0.0007001   0.0045993   0.0115920   0.0211006   0.0321410   0.0437530   0.0553427   0.0666408   0.0775918
  10.1850112   0.0000000   0.0002967   0.0029306   0.0085620   0.0168204   0.0268893   0.0378354   0.0490025   0.0600441   0.0708386
  10.2070567   0.0000000   0.0001157   0.0018056   0.0062169   0.0132657   0.0223272   0.0325360   0.0432034   0.0539191   0.0645000
  10.2291022   0.0000000   0.0000414   0.0010745   0.0044353   0.0103487   0.0183981   0.0278212   0.0379259   0.0482545   0.0585693
  10.2511476   0.0000000   0.0000136   0.0006171   0.0031076   0.0079839   0.0150437   0.0236539   0.0331475   0.0430367   0.0530378
  10.2731931   0.0000000   0.0000041   0.0003417   0.0021372   0.0060901   0.0122048   0.0199947   0.0288431   0.0382497   0.0478953
  10.2952386   0.0000000   0.0000011   0.0001824   0.0014422   0.0045923   0.0098233   0.0168030   0.0249854   0.0338759   0.0431297
  10.3172841   0.0000000   0.0000003   0.0000937   0.0009545   0.0034225   0.0078432   0.0140375   0.0215460   0.0298957   0.0387280
  10.3393296   0.0000000   0.0000001   0.0000464   0.0006193   0.0025205   0.0062115   0.0116574   0.0184953   0.0262887   0.0346757
  10.3613750   0.0000000   0.0000000   0.0000221   0.0003939   0.0018338   0.0048790   0.0096226   0.0158036   0.0230333   0.0309574
  10.3834205   0.0000000   0.0000000   0.0000101   0.0002454   0.0013180   0.0038005   0.0078948   0.0134410   0.0201074   0.0275570
  10.4054660   0.0000000   0.0000000   0.0000044   0.0001497   0.0009355   0.0029357   0.0064376   0.0113781   0.0174887   0.0244578
  10.4275115   0.0000000   0.0000000   0.0000019   0.0000895   0.0006557   0.0022484   0.0052170   0.0095865   0.0151546   0.0216425
  10.4495569   0.0000000   0.0000000   0.0000008   0.0000523   0.0004537   0.0017073   0.0042014   0.0080386   0.0130830   0.0190939
  10.4716024   0.0000000   0.0000000   0.0000003   0.0000300   0.0003099   0.0012853   0.0033624   0.0067083   0.0112521   0.0167945
  10.4936479   0.0000000   0.0000000   0.0000001   0.0000168   0.0002090   0.0009591   0.0026739   0.0055713   0.0096408   0.0147271
  10.5156934   0.0000000   0.0000000   0.0000000   0.0000092   0.0001390   0.0007094   0.0021128   0.0046045   0.0082288   0.0128747
  10.5377389   0.0000000   0.0000000   0.0000000   0.0000049   0.0000913   0.0005201   0.0016588   0.0037869   0.0069966   0.0112205
  10.5597843   0.0000000   0.0000000   0.0000000   0.0000026   0.0000591   0.0003779   0.0012939   0.0030992   0.0059259   0.0097485
  10.5818298   0.0000000   0.0000000   0.0000000   0.0000013   0.0000378   0.0002721   0.0010027   0.0025239   0.0049996   0.0084432
  10.6038753   0.0000000   0.0000000   0.0000000   0.0000007   0.0000238   0.0001941   0.0007720   0.0020451   0.0042017   0.0072898
  10.6259208   0.0000000   0.0000000   0.0000000   0.0000003   0.0000148   0.0001372   0.0005904   0.0016489   0.0035172   0.0062740
  10.6479663   0.0000000   0.0000000   0.0000000   0.0000002   0.0000091   0.0000961   0.0004486   0.0013228   0.0029326   0.0053826
  10.6700117   0.0000000   0.0000000   0.0000000   0.0000001   0.0000055   0.0000667   0.0003385   0.0010558   0.0024355   0.0046032
  10.6920572   0.0000000   0.0000000   0.0000000   0.0000000   0.0000033   0.0000458   0.0002538   0.0008384   0.0020146   0.0039240
  10.7141027   0.0000000   0.0000000   0.0000000   0.0000000   0.0000019   0.0000312   0.0001889   0.0006624   0.0016598   0.0033343
  10.7361482   0.0000000   0.0000000   0.0000000   0.0000000   0.0000011   0.0000211   0.0001397   0.0005206   0.0013620   0.0028240
  10.7581937   0.0000000   0.0000000   0.0000000   0.0000000   0.0000006   0.0000141   0.0001026   0.0004071   0.0011131   0.0023840
  10.7802391   0.0000000   0.0000000   0.0000000   0.0000000   0.0000004   0.0000093   0.0000749   0.0003167   0.0009060   0.0020061
  10.8022846   0.0000000   0.0000000   0.0000000   0.0000000   0.0000002   0.0000061   0.0000542   0.0002451   0.0007344   0.0016825
  10.8243301   0.0000000   0.0000000   0.0000000   0.0000000   0.0000001   0.0000040   0.0000390   0.0001887   0.0005929   0.0014065
  10.8463756   0.0000000   0.0000000   0.0000000   0.0000000   0.0000001   0.0000025   0.0000279   0.0001445   0.0004767   0.0011718
  10.8684210   0.0000000   0.0000000   0.0000000   0.0000000   0.0000000   0.0000016   0.0000198   0.0001101   0.0003817   0.0009731
  10.8904665   0.0000000   0.0000000   0.0000000   0.0000000   0.0000000   0.0000010   0.0000139   0.0000834   0.0003043   0.0008054
  10.9125120   0.0000000   0.0000000   0.0000000   0.0000000   0.0000000   0.0000006   0.0000097   0.0000629   0.0002417   0.0006644
  10.9345575   0.0000000   0.0000000   0.0000000   0.0000000   0.0000000   0.0000004   0.0000068   0.0000471   0.0001911   0.0005462
  10.9566030   0.0000000   0.0000000   0.0000000   0.0000000   0.0000000   0.0000002   0.0000047   0.0000352   0.0001505   0.0004476
  10.9786484   0.0000000   0.0000000   0.0000000   0.0000000   0.0000000   0.0000001   0.0000032   0.0000261   0.0001180   0.0003655
  11.0006939   0.0000000   0.0000000   0.0000000   0.0000000   0.0000000   0.0000001   0.0000022   0.0000192   0.0000922   0.0002975
  11.0227394   0.0000000   0.0000000   0.0000000   0.0000000   0.0000000   0.0000001   0.0000015   0.0000141   0.0000717   0.0002413
 Integrated el-ph coupling
  #            2.0306817   2.0310073   2.0315527   2.0323227   2.0333278   2.0345861   2.0361124   2.0379081   2.0399630   2.0422621
 Phonon smearing (meV)
  #            0.0500000   0.1000000   0.1500000   0.2000000   0.2500000   0.3000000   0.3500000   0.4000000   0.4500000   0.5000000
 Electron smearing (eV)   0.0500000
 Fermi window (eV)   0.2000000
 Summed el-ph coupling    2.0305734
