   0.0220053   0.0000000   0.0000000   0.0000000   0.0000000   0.0000000   0.0000000   0.0000001   0.0000003   0.0000007   0.0000014
   0.0440106   0.0000000   0.0000000   0.0000000   0.0000000   0.0000000   0.0000000   0.0000001   0.0000004   0.0000009   0.0000016
   0.0660159   0.0000000   0.0000000   0.0000000   0.0000000   0.0000000   0.0000000   0.0000002   0.0000005   0.0000011   0.0000019
   0.0880211   0.0000000   0.0000000   0.0000000   0.0000000   0.0000000   0.0000001   0.0000002   0.0000006   0.0000013   0.0000022
   0.1100264   0.0000000   0.0000000   0.0000000   0.0000000   0.0000000   0.0000001   0.0000003   0.0000008   0.0000015   0.0000025
   0.1320317   0.0000000   0.0000000   0.0000000   0.0000000   0.0000000   0.0000001   0.0000004   0.0000009   0.0000018   0.0000029
   0.1540370   0.0000000   0.0000000   0.0000000   0.0000000   0.0000000   0.0000002   0.0000005   0.0000011   0.0000021   0.0000033
   0.1760423   0.0000000   0.0000000   0.0000000   0.0000000   0.0000000   0.0000002   0.0000007   0.0000014   0.0000024   0.0000038
   0.1980476   0.0000000   0.0000000   0.0000000   0.0000000   0.0000001   0.0000003   0.0000008   0.0000017   0.0000028   0.0000044
   0.2200529   0.0000000   0.0000000   0.0000000   0.0000000   0.0000001   0.0000004   0.0000010   0.0000020   0.0000033   0.0000050
   0.2420582   0.0000000   0.0000000   0.0000000   0.0000000   0.0000001   0.0000005   0.0000013   0.0000024   0.0000038   0.0000057
   0.2640634   0.0000000   0.0000000   0.0000000   0.0000000   0.0000002   0.0000007   0.0000016   0.0000028   0.0000045   0.0000064
   0.2860687   0.0000000   0.0000000   0.0000000   0.0000000   0.0000003   0.0000009   0.0000020   0.0000034   0.0000051   0.0000073
   0.3080740   0.0000000   0.0000000   0.0000000   0.0000001   0.0000004   0.0000012   0.0000024   0.0000040   0.0000059   0.0000083
   0.3300793   0.0000000   0.0000000   0.0000000   0.0000001   0.0000006   0.0000015   0.0000029   0.0000046   0.0000068   0.0000093
   0.3520846   0.0000000   0.0000000   0.0000000   0.0000002   0.0000008   0.0000020   0.0000035   0.0000054   0.0000077   0.0000105
   0.3740899   0.0000000   0.0000000   0.0000000   0.0000002   0.0000011   0.0000025   0.0000042   0.0000063   0.0000088   0.0000117
   0.3960952   0.0000000   0.0000000   0.0000000   0.0000004   0.0000015   0.0000031   0.0000050   0.0000073   0.0000100   0.0000131
   0.4181004   0.0000000   0.0000000   0.0000000   0.0000006   0.0000020   0.0000038   0.0000059   0.0000084   0.0000113   0.0000147
   0.4401057   0.0000000   0.0000000   0.0000001   0.0000009   0.0000026   0.0000046   0.0000070   0.0000096   0.0000127   0.0000164
   0.4621110   0.0000000   0.0000000   0.0000002   0.0000014   0.0000034   0.0000056   0.0000081   0.0000110   0.0000143   0.0000182
   0.4841163   0.0000000   0.0000000   0.0000004   0.0000020   0.0000043   0.0000068   0.0000095   0.0000125   0.0000160   0.0000202
   0.5061216   0.0000000   0.0000000   0.0000007   0.0000028   0.0000054   0.0000081   0.0000109   0.0000142   0.0000179   0.0000224
   0.5281269   0.0000000   0.0000000   0.0000011   0.0000039   0.0000067   0.0000095   0.0000126   0.0000160   0.0000200   0.0000248
   0.5501322   0.0000000   0.0000001   0.0000019   0.0000052   0.0000083   0.0000112   0.0000144   0.0000181   0.0000223   0.0000274
   0.5721374   0.0000000   0.0000002   0.0000031   0.0000069   0.0000100   0.0000131   0.0000165   0.0000203   0.0000247   0.0000302
   0.5941427   0.0000000   0.0000006   0.0000047   0.0000089   0.0000120   0.0000151   0.0000187   0.0000227   0.0000274   0.0000332
   0.6161480   0.0000000   0.0000015   0.0000070   0.0000112   0.0000143   0.0000174   0.0000211   0.0000253   0.0000303   0.0000365
   0.6381533   0.0000000   0.0000032   0.0000099   0.0000139   0.0000167   0.0000199   0.0000237   0.0000281   0.0000334   0.0000401
   0.6601586   0.0000000   0.0000064   0.0000135   0.0000168   0.0000194   0.0000227   0.0000266   0.0000312   0.0000368   0.0000439
   0.6821639   0.0000003   0.0000113   0.0000177   0.0000200   0.0000223   0.0000256   0.0000297   0.0000345   0.0000404   0.0000481
   0.7041692   0.0000021   0.0000183   0.0000224   0.0000234   0.0000254   0.0000288   0.0000331   0.0000380   0.0000444   0.0000526
   0.7261745   0.0000095   0.0000270   0.0000272   0.0000269   0.0000287   0.0000323   0.0000367   0.0000419   0.0000487   0.0000575
   0.7481797   0.0000298   0.0000362   0.0000319   0.0000305   0.0000323   0.0000360   0.0000405   0.0000460   0.0000533   0.0000627
   0.7701850   0.0000633   0.0000444   0.0000363   0.0000341   0.0000361   0.0000400   0.0000446   0.0000504   0.0000582   0.0000684
   0.7921903   0.0000913   0.0000501   0.0000400   0.0000377   0.0000401   0.0000443   0.0000490   0.0000551   0.0000635   0.0000745
   0.8141956   0.0000896   0.0000525   0.0000431   0.0000413   0.0000445   0.0000489   0.0000537   0.0000602   0.0000693   0.0000810
   0.8362009   0.0000606   0.0000521   0.0000455   0.0000451   0.0000491   0.0000537   0.0000587   0.0000657   0.0000755   0.0000881
   0.8582062   0.0000312   0.0000500   0.0000474   0.0000492   0.0000542   0.0000589   0.0000640   0.0000715   0.0000822   0.0000957
   0.8802115   0.0000202   0.0000480   0.0000491   0.0000537   0.0000596   0.0000643   0.0000697   0.0000778   0.0000894   0.0001039
   0.9022167   0.0000275   0.0000469   0.0000511   0.0000588   0.0000654   0.0000701   0.0000757   0.0000846   0.0000972   0.0001127
   0.9242220   0.0000459   0.0000468   0.0000539   0.0000646   0.0000717   0.0000761   0.0000821   0.0000919   0.0001056   0.0001221
   0.9462273   0.0000657   0.0000473   0.0000581   0.0000713   0.0000783   0.0000824   0.0000889   0.0000998   0.0001147   0.0001322
   0.9682326   0.0000727   0.0000479   0.0000642   0.0000790   0.0000853   0.0000891   0.0000962   0.0001084   0.0001244   0.0001431
   0.9902379   0.0000583   0.0000497   0.0000729   0.0000877   0.0000926   0.0000960   0.0001040   0.0001176   0.0001349   0.0001547
   1.0122432   0.0000328   0.0000548   0.0000842   0.0000971   0.0001000   0.0001033   0.0001125   0.0001276   0.0001462   0.0001671
   1.0342485   0.0000134   0.0000665   0.0000982   0.0001072   0.0001077   0.0001109   0.0001217   0.0001384   0.0001584   0.0001804
   1.0562537   0.0000088   0.0000874   0.0001145   0.0001175   0.0001153   0.0001190   0.0001316   0.0001501   0.0001715   0.0001945
   1.0782590   0.0000286   0.0001180   0.0001321   0.0001276   0.0001229   0.0001277   0.0001424   0.0001628   0.0001855   0.0002096
   1.1002643   0.0000971   0.0001555   0.0001498   0.0001370   0.0001305   0.0001370   0.0001543   0.0001766   0.0002005   0.0002257
   1.1222696   0.0002284   0.0001938   0.0001659   0.0001454   0.0001380   0.0001471   0.0001673   0.0001915   0.0002166   0.0002427
   1.1442749   0.0003657   0.0002257   0.0001788   0.0001523   0.0001456   0.0001583   0.0001816   0.0002076   0.0002338   0.0002608
   1.1662802   0.0004016   0.0002453   0.0001872   0.0001575   0.0001536   0.0001708   0.0001972   0.0002249   0.0002521   0.0002800
   1.1882855   0.0003177   0.0002498   0.0001903   0.0001611   0.0001622   0.0001847   0.0002145   0.0002436   0.0002716   0.0003004
   1.2102908   0.0002237   0.0002400   0.0001877   0.0001634   0.0001719   0.0002006   0.0002333   0.0002637   0.0002923   0.0003219
   1.2322960   0.0002061   0.0002190   0.0001799   0.0001650   0.0001833   0.0002185   0.0002540   0.0002851   0.0003142   0.0003445
   1.2543013   0.0002245   0.0001906   0.0001682   0.0001669   0.0001971   0.0002388   0.0002765   0.0003080   0.0003374   0.0003685
   1.2763066   0.0001986   0.0001582   0.0001544   0.0001705   0.0002139   0.0002617   0.0003008   0.0003324   0.0003618   0.0003937
   1.2983119   0.0001236   0.0001251   0.0001406   0.0001772   0.0002346   0.0002875   0.0003271   0.0003581   0.0003876   0.0004202
   1.3203172   0.0000525   0.0000945   0.0001296   0.0001889   0.0002598   0.0003163   0.0003553   0.0003853   0.0004146   0.0004481
   1.3423225   0.0000152   0.0000699   0.0001244   0.0002075   0.0002901   0.0003481   0.0003852   0.0004139   0.0004430   0.0004774
   1.3643278   0.0000031   0.0000540   0.0001281   0.0002347   0.0003260   0.0003828   0.0004169   0.0004437   0.0004727   0.0005082
   1.3863330   0.0000011   0.0000494   0.0001442   0.0002722   0.0003674   0.0004202   0.0004502   0.0004749   0.0005038   0.0005405
   1.4083383   0.0000048   0.0000577   0.0001764   0.0003211   0.0004144   0.0004601   0.0004848   0.0005074   0.0005363   0.0005744
   1.4303436   0.0000207   0.0000808   0.0002281   0.0003819   0.0004665   0.0005020   0.0005206   0.0005411   0.0005702   0.0006100
   1.4523489   0.0000613   0.0001222   0.0003024   0.0004543   0.0005226   0.0005453   0.0005574   0.0005759   0.0006056   0.0006473
   1.4743542   0.0001243   0.0001882   0.0004014   0.0005368   0.0005818   0.0005895   0.0005950   0.0006119   0.0006426   0.0006865
   1.4963595   0.0001763   0.0002897   0.0005250   0.0006271   0.0006423   0.0006338   0.0006332   0.0006490   0.0006811   0.0007277
   1.5183648   0.0001973   0.0004405   0.0006705   0.0007218   0.0007024   0.0006777   0.0006717   0.0006874   0.0007214   0.0007709
   1.5403700   0.0002505   0.0006532   0.0008316   0.0008164   0.0007604   0.0007205   0.0007105   0.0007269   0.0007635   0.0008163
   1.5623753   0.0004504   0.0009311   0.0009983   0.0009061   0.0008142   0.0007617   0.0007496   0.0007678   0.0008075   0.0008640
   1.5843806   0.0008464   0.0012585   0.0011573   0.0009858   0.0008623   0.0008009   0.0007890   0.0008102   0.0008536   0.0009143
   1.6063859   0.0014432   0.0015957   0.0012936   0.0010507   0.0009034   0.0008380   0.0008287   0.0008541   0.0009020   0.0009672
   1.6283912   0.0023155   0.0018824   0.0013929   0.0010969   0.0009366   0.0008729   0.0008691   0.0009000   0.0009528   0.0010231
   1.6503965   0.0033140   0.0020537   0.0014435   0.0011218   0.0009616   0.0009061   0.0009104   0.0009479   0.0010063   0.0010820
   1.6724018   0.0037221   0.0020628   0.0014391   0.0011246   0.0009790   0.0009380   0.0009530   0.0009982   0.0010626   0.0011442
   1.6944071   0.0030044   0.0019014   0.0013798   0.0011064   0.0009901   0.0009695   0.0009974   0.0010512   0.0011221   0.0012100
   1.7164123   0.0016790   0.0016043   0.0012728   0.0010705   0.0009966   0.0010015   0.0010442   0.0011073   0.0011849   0.0012797
   1.7384176   0.0006410   0.0012368   0.0011308   0.0010220   0.0010012   0.0010355   0.0010941   0.0011668   0.0012514   0.0013535
   1.7604229   0.0001665   0.0008704   0.0009704   0.0009673   0.0010069   0.0010726   0.0011476   0.0012301   0.0013219   0.0014318
   1.7824282   0.0000294   0.0005598   0.0008095   0.0009143   0.0010171   0.0011143   0.0012054   0.0012976   0.0013966   0.0015150
   1.8044335   0.0000035   0.0003318   0.0006650   0.0008711   0.0010352   0.0011620   0.0012683   0.0013697   0.0014758   0.0016036
   1.8264388   0.0000003   0.0001880   0.0005514   0.0008455   0.0010643   0.0012170   0.0013368   0.0014467   0.0015598   0.0016979
   1.8484441   0.0000003   0.0001157   0.0004800   0.0008449   0.0011075   0.0012804   0.0014116   0.0015290   0.0016490   0.0017986
   1.8704493   0.0000024   0.0000994   0.0004591   0.0008750   0.0011667   0.0013532   0.0014930   0.0016169   0.0017438   0.0019062
   1.8924546   0.0000121   0.0001286   0.0004945   0.0009402   0.0012436   0.0014361   0.0015816   0.0017107   0.0018445   0.0020215
   1.9144599   0.0000434   0.0002002   0.0005906   0.0010421   0.0013386   0.0015293   0.0016776   0.0018107   0.0019515   0.0021454
   1.9364652   0.0001145   0.0003185   0.0007497   0.0011803   0.0014512   0.0016330   0.0017811   0.0019170   0.0020652   0.0022788
   1.9584705   0.0002407   0.0004949   0.0009724   0.0013518   0.0015803   0.0017470   0.0018924   0.0020300   0.0021862   0.0024229
   1.9804758   0.0004422   0.0007474   0.0012554   0.0015511   0.0017238   0.0018709   0.0020114   0.0021497   0.0023150   0.0025790
   2.0024811   0.0007344   0.0011000   0.0015907   0.0017705   0.0018790   0.0020041   0.0021379   0.0022764   0.0024524   0.0027487
   2.0244863   0.0010593   0.0015769   0.0019633   0.0020009   0.0020431   0.0021458   0.0022719   0.0024103   0.0025992   0.0029339
   2.0464916   0.0013188   0.0021879   0.0023517   0.0022324   0.0022132   0.0022953   0.0024131   0.0025516   0.0027563   0.0031367
   2.0684969   0.0016872   0.0029078   0.0027279   0.0024555   0.0023869   0.0024517   0.0025612   0.0027006   0.0029251   0.0033598
   2.0905022   0.0028210   0.0036593   0.0030614   0.0026621   0.0025619   0.0026143   0.0027160   0.0028577   0.0031069   0.0036061
   2.1125075   0.0052005   0.0043166   0.0033233   0.0028465   0.0027372   0.0027824   0.0028773   0.0030234   0.0033035   0.0038791
   2.1345128   0.0078433   0.0047376   0.0034921   0.0030067   0.0029122   0.0029556   0.0030449   0.0031985   0.0035172   0.0041831
   2.1565181   0.0085749   0.0048170   0.0035592   0.0031446   0.0030875   0.0031333   0.0032186   0.0033839   0.0037505   0.0045227
   2.1785234   0.0066484   0.0045322   0.0035324   0.0032660   0.0032641   0.0033153   0.0033985   0.0035809   0.0040066   0.0049034
   2.2005286   0.0038456   0.0039568   0.0034366   0.0033804   0.0034437   0.0035013   0.0035849   0.0037911   0.0042894   0.0053317
   2.2225339   0.0020341   0.0032344   0.0033118   0.0034995   0.0036282   0.0036912   0.0037781   0.0040167   0.0046033   0.0058149
   2.2445392   0.0012949   0.0025303   0.0032074   0.0036355   0.0038191   0.0038847   0.0039789   0.0042605   0.0049537   0.0063613
   2.2665445   0.0009004   0.0019901   0.0031742   0.0037996   0.0040176   0.0040819   0.0041885   0.0045257   0.0053471   0.0069805
   2.2885498   0.0005728   0.0017211   0.0032566   0.0039999   0.0042241   0.0042827   0.0044084   0.0048167   0.0057909   0.0076834
   2.3105551   0.0004079   0.0017946   0.0034842   0.0042398   0.0044378   0.0044873   0.0046410   0.0051386   0.0062939   0.0084822
   2.3325604   0.0004721   0.0022510   0.0038660   0.0045170   0.0046572   0.0046962   0.0048892   0.0054978   0.0068661   0.0093908
   2.3545656   0.0008978   0.0030945   0.0043874   0.0048234   0.0048796   0.0049101   0.0051569   0.0059018   0.0075195   0.0104245
   2.3765709   0.0021224   0.0042776   0.0050104   0.0051459   0.0051020   0.0051304   0.0054492   0.0063598   0.0082675   0.0116008
   2.3985762   0.0046621   0.0056877   0.0056779   0.0054674   0.0053213   0.0053594   0.0057722   0.0068827   0.0091256   0.0129387
   2.4205815   0.0081940   0.0071509   0.0063214   0.0057696   0.0055348   0.0056004   0.0061340   0.0074832   0.0101114   0.0144596
   2.4425868   0.0110592   0.0084577   0.0068711   0.0060354   0.0057410   0.0058579   0.0065441   0.0081763   0.0112448   0.0161867
   2.4645921   0.0120091   0.0094035   0.0072669   0.0062515   0.0059402   0.0061386   0.0070143   0.0089793   0.0125482   0.0181456
   2.4865974   0.0121808   0.0098305   0.0074687   0.0064104   0.0061351   0.0064508   0.0075587   0.0099125   0.0140468   0.0203643
   2.5086026   0.0129155   0.0096627   0.0074636   0.0065124   0.0063314   0.0068053   0.0081942   0.0109990   0.0157685   0.0228730
   2.5306079   0.0126854   0.0089290   0.0072693   0.0065659   0.0065380   0.0072159   0.0089407   0.0122652   0.0177444   0.0257044
   2.5526132   0.0096654   0.0077669   0.0069315   0.0065871   0.0067674   0.0076992   0.0098216   0.0137410   0.0200085   0.0288935
   2.5746185   0.0052902   0.0064008   0.0065182   0.0065991   0.0070359   0.0082756   0.0108642   0.0154602   0.0225984   0.0324778
   2.5966238   0.0021748   0.0050926   0.0061084   0.0066296   0.0073636   0.0089692   0.0120999   0.0174608   0.0255547   0.0364972
   2.6186291   0.0009998   0.0040782   0.0057815   0.0067095   0.0077744   0.0098084   0.0135649   0.0197849   0.0289215   0.0409936
   2.6406344   0.0009570   0.0035146   0.0056057   0.0068702   0.0082962   0.0108264   0.0153003   0.0224793   0.0327465   0.0460111
   2.6626397   0.0013159   0.0034564   0.0056301   0.0071432   0.0089611   0.0120618   0.0173530   0.0255954   0.0370804   0.0515957
   2.6846449   0.0020713   0.0038690   0.0058801   0.0075591   0.0098056   0.0135587   0.0197754   0.0291893   0.0419771   0.0577950
   2.7066502   0.0037326   0.0046659   0.0063580   0.0081483   0.0108711   0.0153679   0.0226265   0.0333222   0.0474935   0.0646581
   2.7286555   0.0061442   0.0057540   0.0070469   0.0089434   0.0122046   0.0175470   0.0259715   0.0380598   0.0536893   0.0722349
   2.7506608   0.0077458   0.0070603   0.0079200   0.0099806   0.0138594   0.0201612   0.0298828   0.0434723   0.0606263   0.0805760
   2.7726661   0.0074974   0.0085256   0.0089527   0.0113033   0.0158962   0.0232844   0.0344393   0.0496343   0.0683685   0.0897323
   2.7946714   0.0071668   0.0100647   0.0101373   0.0129644   0.0183839   0.0269990   0.0397271   0.0566245   0.0769808   0.0997541
   2.8166767   0.0098196   0.0115295   0.0114989   0.0150287   0.0214013   0.0313976   0.0458390   0.0645246   0.0865292   0.1106909
   2.8386819   0.0158722   0.0127254   0.0131082   0.0175733   0.0250378   0.0365825   0.0528742   0.0734191   0.0970794   0.1225907
   2.8606872   0.0211453   0.0135099   0.0150888   0.0206884   0.0293953   0.0426667   0.0609378   0.0833944   0.1086965   0.1354994
   2.8826925   0.0204635   0.0139467   0.0176130   0.0244762   0.0345896   0.0497736   0.0701398   0.0945373   0.1214437   0.1494599
   2.9046978   0.0141738   0.0144367   0.0208861   0.0290502   0.0407515   0.0580368   0.0805943   0.1069345   0.1353816   0.1645118
   2.9267031   0.0077921   0.0157379   0.0251183   0.0345351   0.0480285   0.0675996   0.0924177   0.1206709   0.1505671   0.1806902
   2.9487084   0.0053696   0.0188302   0.0304919   0.0410679   0.0565856   0.0786133   0.1057272   0.1358279   0.1670525   0.1980256
   2.9707137   0.0073134   0.0246353   0.0371328   0.0488019   0.0666057   0.0912358   0.1206386   0.1524824   0.1848838   0.2165426
   2.9927190   0.0130803   0.0336564   0.0450987   0.0579122   0.0782897   0.1056290   0.1372642   0.1707045   0.2041004   0.2362594
   3.0147242   0.0239922   0.0456587   0.0543922   0.0686039   0.0918543   0.1219553   0.1557099   0.1905562   0.2247335   0.2571875
   3.0367295   0.0461257   0.0595656   0.0650029   0.0811202   0.1075294   0.1403743   0.1760728   0.2120891   0.2468052   0.2793307
   3.0587348   0.0845598   0.0737423   0.0769707   0.0957492   0.1255534   0.1610376   0.1984377   0.2353431   0.2703274   0.3026845
   3.0807401   0.1250658   0.0866871   0.0904573   0.1128270   0.1461656   0.1840844   0.2228743   0.2603447   0.2953009   0.3272360
   3.1027454   0.1377106   0.0978722   0.1058073   0.1327333   0.1695985   0.2096355   0.2494344   0.2871048   0.3217147   0.3529635
   3.1247507   0.1150826   0.1082547   0.1235837   0.1558793   0.1960662   0.2377882   0.2781484   0.3156180   0.3495453   0.3798357
   3.1467560   0.0839843   0.1200615   0.1445657   0.1826851   0.2257535   0.2686100   0.3090233   0.3458608   0.3787561   0.4078123
   3.1687612   0.0737463   0.1358894   0.1697057   0.2135489   0.2588029   0.3021340   0.3420397   0.3777909   0.4092972   0.4368434
   3.1907665   0.1000964   0.1576907   0.2000470   0.2488090   0.2953027   0.3383534   0.3771504   0.4113465   0.4411052   0.4668699
   3.2127718   0.1650344   0.1863917   0.2366037   0.2887038   0.3352762   0.3772182   0.4142788   0.4464462   0.4741033   0.4978234
   3.2347771   0.2402528   0.2224934   0.2802116   0.3333349   0.3786726   0.4186323   0.4533181   0.4829886   0.5082015   0.5296270
   3.2567824   0.2771914   0.2672247   0.3313600   0.3826388   0.4253617   0.4624515   0.4941316   0.5208531   0.5432976   0.5621954
   3.2787877   0.2698154   0.3232422   0.3900310   0.4363735   0.4751313   0.5084841   0.5365530   0.5599006   0.5792773   0.5954360
   3.3007930   0.2744098   0.3939686   0.4555840   0.4941212   0.5276889   0.5564919   0.5803885   0.5999751   0.6160158   0.6292490
   3.3227982   0.3413686   0.4814806   0.5267366   0.5553099   0.5826667   0.6061935   0.6254184   0.6409048   0.6533785   0.6635288
   3.3448035   0.4716526   0.5839101   0.6016775   0.6192487   0.6396308   0.6572689   0.6714005   0.6825048   0.6912228   0.6981649
   3.3668088   0.6524647   0.6939749   0.6783235   0.6851727   0.6980921   0.7093650   0.7180739   0.7245789   0.7293995   0.7330427
   3.3888141   0.8822270   0.8000411   0.7546763   0.7522887   0.7575194   0.7621031   0.7651627   0.7669225   0.7677546   0.7680451
   3.4108194   1.1204977   0.8899793   0.8291912   0.8198142   0.8173543   0.8150868   0.8123812   0.8093256   0.8061309   0.8030534
   3.4328247   1.2489555   0.9564314   0.9010388   0.8870036   0.8770254   0.8679104   0.8594386   0.8515755   0.8443703   0.8379486
   3.4548300   1.1752859   1.0008474   0.9701583   0.9531599   0.9359637   0.9201679   0.9060443   0.8934602   0.8823154   0.8726129
   3.4768353   0.9715674   1.0337660   1.0370619   1.0176320   0.9936157   0.9714620   0.9519132   0.9347714   0.9198119   0.9069307
   3.4988405   0.8180746   1.0706252   1.1024323   1.0798056   1.0494574   1.0214130   0.9967706   0.9753076   0.9567099   0.9407902
   3.5208458   0.8393634   1.1249495   1.1666425   1.1390935   1.1030060   1.0696662   1.0403569   1.0148771   0.9928666   0.9740845
   3.5428511   1.0373145   1.2023365   1.2293640   1.1949340   1.1538310   1.1158996   1.0824327   1.0533007   1.0281473   1.0067128
   3.5648564   1.3045949   1.2980976   1.2894155   1.2468029   1.2015634   1.1598299   1.1227818   1.0904141   1.0624276   1.0385816
   3.5868617   1.5108760   1.3991988   1.3449230   1.2942391   1.2459038   1.2012174   1.1612150   1.1260702   1.0955947   1.0696057
   3.6088670   1.6311503   1.4890050   1.3937596   1.3368798   1.2866276   1.2398693   1.1975725   1.1601411   1.1275489   1.0997091
   3.6308723   1.7286237   1.5526433   1.4341284   1.3744970   1.3235882   1.2756421   1.2317258   1.1925191   1.1582042   1.1288261
   3.6528775   1.8185034   1.5814265   1.4650989   1.4070255   1.3567170   1.3084419   1.2635788   1.2231184   1.1874899   1.1569015
   3.6748828   1.8233521   1.5755652   1.4869182   1.4345730   1.3860205   1.3382237   1.2930679   1.2518750   1.2153510   1.1838919
   3.6968881   1.6673860   1.5445692   1.5009884   1.4574081   1.4115749   1.3649894   1.3201617   1.2787476   1.2417483   1.2097654
   3.7188934   1.4018856   1.5047352   1.5095162   1.4759266   1.4335175   1.3887848   1.3448601   1.3037172   1.2666594   1.2345025
   3.7408987   1.1953117   1.4738544   1.5149457   1.4906018   1.4520368   1.4096949   1.3671925   1.3267868   1.2900780   1.2580958
   3.7629040   1.1752858   1.4647933   1.5193557   1.5019300   1.4673616   1.4278399   1.3872153   1.3479804   1.3120143   1.2805504
   3.7849093   1.3226342   1.4807711   1.5240050   1.5103806   1.4797495   1.4433690   1.4050102   1.3673421   1.3324944   1.3018837
   3.8069145   1.5301408   1.5147348   1.5291572   1.5163623   1.4894770   1.4564556   1.4206805   1.3849350   1.3515595   1.3221248
   3.8289198   1.7068680   1.5531822   1.5342092   1.5202098   1.4968300   1.4672912   1.4343488   1.4008395   1.3692660   1.3413148
   3.8509251   1.7959478   1.5823915   1.5380576   1.5221907   1.5020961   1.4760803   1.4461536   1.4151521   1.3856838   1.3595056
   3.8729304   1.7612782   1.5938602   1.5395614   1.5225281   1.5055593   1.4830350   1.4562467   1.4279835   1.4008960   1.3767599
   3.8949357   1.6297668   1.5865125   1.5379514   1.5214307   1.5074949   1.4883710   1.4647899   1.4394572   1.4149977   1.3931500
   3.9169410   1.5057392   1.5652796   1.5330725   1.5191205   1.5081662   1.4923030   1.4719534   1.4497079   1.4280949   1.4087575
   3.9389463   1.4710094   1.5376277   1.5254173   1.5158507   1.5078216   1.4950419   1.4779125   1.4588799   1.4403036   1.4236719
   3.9609516   1.4955064   1.5102880   1.5159768   1.5119087   1.5066923   1.4967925   1.4828468   1.4671259   1.4517480   1.4379901
   3.9829568   1.4941311   1.4876335   1.5059865   1.5076043   1.5049895   1.4977514   1.4869380   1.4746052   1.4625601   1.4518148
   4.0049621   1.4454150   1.4716791   1.4966560   1.5032455   1.5029029   1.4981067   1.4903693   1.4814831   1.4728779   1.4652542
   4.0269674   1.4041863   1.4627547   1.4889540   1.4991082   1.5005988   1.4980378   1.4933245   1.4879290   1.4828443   1.4784201
   4.0489727   1.4132662   1.4600440   1.4834865   1.4954072   1.4982204   1.4977165   1.4959880   1.4941160   1.4926057   1.4914272
   4.0709780   1.4558066   1.4619069   1.4804662   1.4922733   1.4958892   1.4973083   1.4985444   1.5002197   1.5023110   1.5043915
   4.0929833   1.4918046   1.4663601   1.4797492   1.4897447   1.4937081   1.4969750   1.5011790   1.5064170   1.5121098   1.5174293
   4.1149886   1.5044551   1.4718566   1.4809050   1.4877705   1.4917670   1.4968771   1.5040778   1.5128854   1.5221513   1.5306557
   4.1369938   1.4953840   1.4779566   1.4832937   1.4862318   1.4901507   1.4971769   1.5074283   1.5198016   1.5325828   1.5441837
   4.1589991   1.4645954   1.4852721   1.4861397   1.4849729   1.4889475   1.4980415   1.5114193   1.5273411   1.5435484   1.5581223
   4.1810044   1.4316840   1.4944822   1.4886085   1.4838422   1.4882590   1.4996458   1.5162413   1.5356761   1.5551872   1.5725756
   4.2030097   1.4481173   1.5049703   1.4898994   1.4827353   1.4882095   1.5021748   1.5220861   1.5449748   1.5676319   1.5876414
   4.2250150   1.5319491   1.5140898   1.4893619   1.4816350   1.4889544   1.5058255   1.5291459   1.5553994   1.5810075   1.6034099
   4.2470203   1.6167373   1.5177771   1.4866303   1.4806427   1.4906859   1.5108078   1.5376127   1.5671046   1.5954290   1.6199625
   4.2690256   1.6245800   1.5123473   1.4817501   1.4799951   1.4936361   1.5173444   1.5476761   1.5802357   1.6110008   1.6373707
   4.2910308   1.5603368   1.4964834   1.4752615   1.4800650   1.4980770   1.5256694   1.5595212   1.5949261   1.6278142   1.6556949
   4.3130361   1.4840761   1.4722882   1.4682038   1.4813438   1.5043167   1.5360256   1.5733255   1.6112954   1.6459463   1.6749835
   4.3350414   1.4222339   1.4448580   1.4620248   1.4844089   1.5126935   1.5486605   1.5892556   1.6294466   1.6654585   1.6952717
   4.3570467   1.3622721   1.4206740   1.4584006   1.4898797   1.5235665   1.5638206   1.6074627   1.6494638   1.6863947   1.7165810
   4.3790520   1.3135100   1.4056129   1.4590003   1.4983706   1.5373057   1.5817450   1.6280785   1.6714099   1.7087808   1.7389188
   4.4010573   1.3114749   1.4034115   1.4652431   1.5104469   1.5542811   1.6026575   1.6512100   1.6953236   1.7326227   1.7622772
   4.4230626   1.3566694   1.4151148   1.4780945   1.5265933   1.5748511   1.6267572   1.6769343   1.7212176   1.7579060   1.7866332
   4.4450679   1.4133355   1.4396045   1.4979413   1.5471998   1.5993505   1.6542093   1.7052942   1.7490762   1.7845951   1.8119486
   4.4670731   1.4693576   1.4748262   1.5245660   1.5725676   1.6280795   1.6851347   1.7362925   1.7788539   1.8126330   1.8381696
   4.4890784   1.5225352   1.5189436   1.5572298   1.6029328   1.6612903   1.7195998   1.7698887   1.8104743   1.8419410   1.8652276
   4.5110837   1.5462876   1.5706037   1.5948599   1.6385017   1.6991736   1.7576063   1.8059947   1.8438289   1.8724191   1.8930393
   4.5330890   1.5483794   1.6280242   1.6363295   1.6794872   1.7418423   1.7990825   1.8444726   1.8787777   1.9039467   1.9215076
   4.5550943   1.6069030   1.6875812   1.6807987   1.7261320   1.7893135   1.8438753   1.8851333   1.9151492   1.9363835   1.9505223
   4.5770996   1.7697216   1.7433323   1.7280619   1.7787081   1.8414890   1.8917448   1.9277366   1.9527423   1.9695708   1.9799614
   4.5991049   1.9586218   1.7887002   1.7788194   1.8374808   1.8981347   1.9423611   1.9719927   1.9913283   2.0033335   2.0096920
   4.6211101   2.0390082   1.8201644   1.8347724   1.9026365   1.9588617   1.9953048   2.0175657   2.0306533   2.0374818   2.0395723
   4.6431154   1.9631204   1.8411116   1.8984555   1.9741773   2.0231122   2.0500710   2.0640784   2.0704425   2.0718138   2.0694526
   4.6651207   1.7971819   1.8633104   1.9727648   2.0517984   2.0901520   2.1060772   2.1111189   2.1104036   2.1061181   2.0991774
   4.6871260   1.6493136   1.9045153   2.0602214   2.1347690   2.1590741   2.1626760   2.1582485   2.1502320   2.1401766   2.1285870
   4.7091313   1.6228142   1.9828570   2.1621025   2.2218443   2.2288148   2.2191706   2.2050108   2.1896159   2.1737678   2.1575195
   4.7311366   1.7731851   2.1104175   2.2776414   2.3112324   2.2981854   2.2748353   2.2509425   2.2282415   2.2066693   2.1858128
   4.7531419   2.0633145   2.2885795   2.4035256   2.4006368   2.3659163   2.3289370   2.2955832   2.2657987   2.2386615   2.2133062
   4.7751471   2.4031517   2.5064998   2.5338797   2.4873819   2.4307153   2.3807595   2.3384868   2.3019864   2.2695304   2.2398424
   4.7971524   2.7440432   2.7425482   2.6608180   2.5686146   2.4913326   2.4296276   2.3792318   2.3365182   2.2990707   2.2652696
   4.8191577   3.1009403   2.9678954   2.7755145   2.6415599   2.5466295   2.4749302   2.4174312   2.3691267   2.3270883   2.2894427
   4.8411630   3.4776797   3.1516711   2.8695978   2.7037966   2.5956437   2.5161407   2.4527412   2.3995685   2.3534033   2.3122253
   4.8631683   3.7891612   3.2673551   2.9365795   2.7535122   2.6376434   2.5528336   2.4848681   2.4276275   2.3778518   2.3334909
   4.8851736   3.8884928   3.2994946   2.9729969   2.7896971   2.6721674   2.5846962   2.5135738   2.4531183   2.4002879   2.3531242
   4.9071789   3.7043475   3.2487328   2.9790059   2.8122457   2.6990429   2.6115348   2.5386793   2.4758881   2.4205852   2.3710223
   4.9291842   3.3120572   3.1326843   2.9582908   2.8219479   2.7183826   2.6332745   2.5600656   2.4958182   2.4386379   2.3870951
   4.9511894   2.8662641   2.9813589   2.9173221   2.8203726   2.7305589   2.6499539   2.5776736   2.5128243   2.4543615   2.4012663
   4.9731947   2.5099633   2.8282939   2.8641505   2.8096592   2.7361590   2.6617138   2.5915007   2.5268561   2.4676928   2.4134740
   4.9952000   2.3254513   2.7008404   2.8070254   2.7922518   2.7359264   2.6687823   2.6015969   2.5378964   2.4785902   2.4236702
   5.0172053   2.3297730   2.6136314   2.7531393   2.7706149   2.7306942   2.6714566   2.6080591   2.5459587   2.4870326   2.4318212
   5.0392106   2.4679691   2.5676618   2.7077317   2.7469714   2.7213178   2.6700832   2.6110240   2.5510850   2.4930188   2.4379074
   5.0612159   2.6089142   2.5545252   2.6736655   2.7230967   2.7086139   2.6650380   2.6106606   2.5533429   2.4965665   2.4419229
   5.0832212   2.6328486   2.5628663   2.6514568   2.7001935   2.6933115   2.6567077   2.6071625   2.5528217   2.4977102   2.4438744
   5.1052264   2.5591186   2.5834738   2.6396492   2.6788533   2.6760180   2.6454730   2.6007403   2.5496292   2.4965004   2.4437812
   5.1272317   2.5198906   2.6108954   2.6353806   2.6591035   2.6572029   2.6316957   2.5916139   2.5438881   2.4930011   2.4416737
   5.1492370   2.5823448   2.6418825   2.6350120   2.6405203   2.6371978   2.6157083   2.5800063   2.5357321   2.4872882   2.4375929
   5.1712423   2.6830255   2.6726986   2.6347254   2.6223858   2.6162110   2.5978080   2.5661371   2.5253024   2.4794478   2.4315892
   5.1932476   2.7541755   2.6974452   2.6310459   2.6038608   2.5943522   2.5782534   2.5502186   2.5127446   2.4695736   2.4237212
   5.2152529   2.8055172   2.7084381   2.6212659   2.5841482   2.5716622   2.5572648   2.5324510   2.4982058   2.4577659   2.4140548
   5.2372582   2.8501948   2.6983689   2.6037482   2.5626248   2.5481442   2.5350260   2.5130204   2.4818319   2.4441293   2.4026618
   5.2592635   2.8471014   2.6631971   2.5780801   2.5389279   2.5237910   2.5116877   2.4920971   2.4637656   2.4287713   2.3896195
   5.2812687   2.7555463   2.6044639   2.5450496   2.5129898   2.4986055   2.4873723   2.4698344   2.4441446   2.4118007   2.3750087
   5.3032740   2.5816982   2.5298309   2.5064346   2.4850220   2.4726132   2.4621782   2.4463687   2.4231005   2.3933264   2.3589135
   5.3252793   2.3654211   2.4511802   2.4646384   2.4554585   2.4458651   2.4361840   2.4218204   2.4007578   2.3734567   2.3414201
   5.3472846   2.1800662   2.3806866   2.4222388   2.4248700   2.4184339   2.4094521   2.3962951   2.3772337   2.3522975   2.3226159
   5.3692899   2.1146411   2.3265157   2.3815512   2.3938654   2.3904031   2.3820322   2.3698846   2.3526376   2.3299524   2.3025888
   5.3912952   2.1961649   2.2903473   2.3442947   2.3629965   2.3618543   2.3539634   2.3426695   2.3270714   2.3065218   2.2814266
   5.4133005   2.3333927   2.2680815   2.3114172   2.3326778   2.3328532   2.3252768   2.3147206   2.3006300   2.2821027   2.2592163
   5.4353057   2.3807103   2.2531675   2.2830872   2.3031318   2.3034390   2.2959969   2.2861011   2.2734019   2.2567881   2.2360436
   5.4573110   2.2902917   2.2403404   2.2588105   2.2743647   2.2736174   2.2661442   2.2568687   2.2454695   2.2306673   2.2119929
   5.4793163   2.1618563   2.2274931   2.2376069   2.2461724   2.2433605   2.2357370   2.2270773   2.2169102   2.2038255   2.1871461
   5.5013216   2.1199656   2.2150090   2.2181868   2.2181749   2.2126116   2.2047938   2.1967788   2.1877970   2.1763444   2.1615833
   5.5233269   2.1796932   2.2037584   2.1990926   2.1898720   2.1812962   2.1733365   2.1660247   2.1581992   2.1483016   2.1353819
   5.5453322   2.2494355   2.1935422   2.1788028   2.1607145   2.1493365   2.1413927   2.1348671   2.1281831   2.1197712   2.1086168
   5.5673375   2.2425135   2.1827848   2.1558228   2.1301801   2.1166681   2.1089984   2.1033597   2.0978124   2.0908242   2.0813600
   5.5893427   2.1671788   2.1689474   2.1287924   2.0978478   2.0832564   2.0762004   2.0715586   2.0671488   2.0615280   2.0536811
   5.6113480   2.1113096   2.1488182   2.0966291   2.0634606   2.0491101   2.0430574   2.0395224   2.0362524   2.0319472   2.0256467
   5.6333533   2.1399713   2.1186286   2.0586993   2.0269695   2.0142901   2.0096411   2.0073120   2.0051815   2.0021435   1.9973206
   5.6553586   2.2087613   2.0746918   2.0149874   1.9885543   1.9789133   1.9760351   1.9749902   1.9739932   1.9721760   1.9687638
   5.6773639   2.1948055   2.0149493   1.9662104   1.9486158   1.9431490   1.9423334   1.9426213   1.9427430   1.9421011   1.9400348
   5.6993692   2.0384185   1.9407296   1.9138296   1.9077403   1.9072096   1.9086373   1.9102697   1.9114849   1.9119727   1.9111891
   5.7213745   1.8204100   1.8574064   1.8599263   1.8666402   1.8713360   1.8750517   1.8779993   1.8802712   1.8818425   1.8822796
   5.7433798   1.6635854   1.7732597   1.8069401   1.8260770   1.8357791   1.8416809   1.8458716   1.8491522   1.8517596   1.8533566
   5.7653850   1.6017042   1.6971341   1.7573088   1.7867770   1.8007800   1.8086232   1.8139454   1.8181762   1.8217711   1.8244678
   5.7873903   1.5710078   1.6361977   1.7130746   1.7493513   1.7665510   1.7759671   1.7822750   1.7873891   1.7919216   1.7956581
   5.8093956   1.5165481   1.5946782   1.6755409   1.7142314   1.7332590   1.7437869   1.7509097   1.7568343   1.7622534   1.7669702
   5.8314009   1.4642497   1.5735014   1.6450569   1.6816293   1.7010136   1.7121398   1.7198931   1.7265528   1.7328068   1.7384438
   5.8534062   1.4647127   1.5703026   1.6209820   1.6515269   1.6698608   1.6810645   1.6892626   1.6965827   1.7036194   1.7101163
   5.8754115   1.5279996   1.5796066   1.6018426   1.6236957   1.6397828   1.6505804   1.6590500   1.6669596   1.6747268   1.6820223
   5.8974168   1.6270730   1.5934957   1.5856501   1.5977400   1.6107036   1.6206891   1.6292812   1.6377163   1.6461621   1.6541939
   5.9194220   1.7090019   1.6031070   1.5703072   1.5731573   1.5824997   1.5913768   1.5999775   1.6088834   1.6179559   1.6266606
   5.9414273   1.7234172   1.6007994   1.5540081   1.5494040   1.5550145   1.5626182   1.5711563   1.5804890   1.5901366   1.5994490
   5.9634326   1.6782531   1.5823121   1.5355348   1.5259559   1.5280747   1.5343811   1.5428322   1.5525590   1.5627299   1.5725831
   5.9854379   1.6212200   1.5481326   1.5143817   1.5023567   1.5015078   1.5066314   1.5150186   1.5251172   1.5357589   1.5460840
   6.0074432   1.5524741   1.5035282   1.4906854   1.4782495   1.4751577   1.4793385   1.4877289   1.4981857   1.5092439   1.5199702
   6.0294485   1.4323366   1.4570162   1.4649945   1.4533907   1.4488989   1.4524799   1.4609771   1.4717843   1.4832027   1.4942571
   6.0514538   1.2836986   1.4174261   1.4379656   1.4276501   1.4226473   1.4260457   1.4347793   1.4459312   1.4576498   1.4689571
   6.0734590   1.2008290   1.3903271   1.4100899   1.4010029   1.3963677   1.4000410   1.4091540   1.4206426   1.4325970   1.4440799
   6.0954643   1.2497006   1.3753026   1.3815428   1.3735168   1.3700768   1.3744885   1.3841222   1.3959320   1.4080524   1.4196320
   6.1174696   1.4006422   1.3657127   1.3521993   1.3453407   1.3438438   1.3494281   1.3597070   1.3718108   1.3840211   1.3956170
   6.1394749   1.5412550   1.3515968   1.3217961   1.3166949   1.3177860   1.3249159   1.3359328   1.3482870   1.3605046   1.3720356
   6.1614802   1.5499304   1.3245558   1.2901647   1.2878644   1.2920626   1.3010215   1.3128243   1.3253652   1.3375006   1.3488854
   6.1834855   1.4005561   1.2820341   1.2574368   1.2591906   1.2668656   1.2778238   1.2904045   1.3030457   1.3150030   1.3261613
   6.2054908   1.1938001   1.2285821   1.2241420   1.2310616   1.2424081   1.2554061   1.2686930   1.2813241   1.2930020   1.3038554
   6.2274961   1.0450885   1.1734375   1.1911631   1.2038969   1.2189120   1.2338497   1.2477036   1.2601908   1.2714838   1.2819573
   6.2495013   0.9808234   1.1259122   1.1595781   1.1781272   1.1965938   1.2132278   1.2274422   1.2396301   1.2504308   1.2604540
   6.2715066   0.9773158   1.0912056   1.1304523   1.1541696   1.1756509   1.1935988   1.2079049   1.2196202   1.2298217   1.2393306
   6.2935119   1.0242399   1.0687988   1.1046591   1.1324004   1.1562471   1.1750001   1.1890755   1.2001326   1.2096316   1.2185700
   6.3155172   1.1033561   1.0539989   1.0827791   1.1131287   1.1385002   1.1574427   1.1709248   1.1811324   1.1898323   1.1981539
   6.3375225   1.1548010   1.0414748   1.0650893   1.0965733   1.1224704   1.1409065   1.1534088   1.1625780   1.1703930   1.1780627
   6.3595278   1.1103235   1.0286105   1.0516160   1.0828437   1.1081510   1.1253379   1.1364690   1.1444219   1.1512804   1.1582757
   6.3815331   0.9779804   1.0166958   1.0422114   1.0719279   1.0954626   1.1106480   1.1200324   1.1266111   1.1324594   1.1387724
   6.4035383   0.8654565   1.0093484   1.0366176   1.0636849   1.0842497   1.0967132   1.1040125   1.1090882   1.1138939   1.1195321
   6.4255436   0.8691536   1.0093849   1.0345019   1.0578418   1.0742828   1.0833782   1.0883115   1.0917926   1.0955478   1.1005349
   6.4475489   0.9799177   1.0164448   1.0354650   1.0539961   1.0652631   1.0704598   1.0728225   1.0746618   1.0773851   1.0817620
   6.4695542   1.1165737   1.0271265   1.0390304   1.0516211   1.0568325   1.0577537   1.0574330   1.0576333   1.0593718   1.0631964
   6.4915595   1.1789919   1.0374830   1.0446185   1.0500776   1.0485878   1.0450421   1.0420282   1.0406460   1.0414758   1.0448232
   6.5135648   1.1082244   1.0458936   1.0515072   1.0486318   1.0400982   1.0321025   1.0264954   1.0236422   1.0236688   1.0266303
   6.5355701   0.9730779   1.0540446   1.0587787   1.0464826   1.0309262   1.0187177   1.0107280   1.0065698   1.0059265   1.0086089
   6.5575753   0.9192531   1.0652690   1.0652688   1.0427989   1.0206507   1.0046857   0.9946295   0.9893837   0.9882298   0.9907538
   6.5795806   0.9996045   1.0815295   1.0695449   1.0367680   1.0088901   0.9898290   0.9781178   0.9720476   0.9705657   0.9730636
   6.6015859   1.1298829   1.1012066   1.0699510   1.0276516   0.9953252   0.9740036   0.9611286   0.9545358   0.9529275   0.9555416
   6.6235912   1.2074253   1.1190022   1.0647459   1.0148469   0.9797188   0.9571064   0.9436182   0.9368341   0.9353160   0.9381955
   6.6455965   1.2144794   1.1276501   1.0523353   0.9979452   0.9619319   0.9390801   0.9255660   0.9189411   0.9177396   0.9210380
   6.6676018   1.1972320   1.1201719   1.0315620   0.9767802   0.9419333   0.9199171   0.9069760   0.9008687   0.9002144   0.9040864
   6.6896071   1.1890349   1.0916972   1.0019883   0.9514573   0.9198035   0.8996600   0.8878767   0.8826425   0.8827649   0.8873631
   6.7116124   1.1733236   1.0406683   0.9640914   0.9223600   0.8957303   0.8784003   0.8683217   0.8643017   0.8654232   0.8708953
   6.7336176   1.1007418   0.9695997   0.9193041   0.8901258   0.8699981   0.8562742   0.8483876   0.8458985   0.8482294   0.8547145
   6.7556229   0.9424480   0.8852176   0.8698728   0.8555969   0.8429709   0.8334573   0.8281727   0.8274975   0.8312309   0.8388570
   6.7776282   0.7348670   0.7974547   0.8185469   0.8197478   0.8150699   0.8101565   0.8077939   0.8091747   0.8144816   0.8233627
   6.7996335   0.5615512   0.7170811   0.7681677   0.7835991   0.7867488   0.7866021   0.7873835   0.7910159   0.7980417   0.8082751
   6.8216388   0.4831520   0.6526419   0.7212453   0.7481308   0.7584678   0.7630379   0.7670859   0.7731151   0.7819764   0.7936407
   6.8436441   0.4941158   0.6080557   0.6796213   0.7142033   0.7306692   0.7397130   0.7470536   0.7555731   0.7663551   0.7795082
   6.8656494   0.5423387   0.5820321   0.6442844   0.6824987   0.7037565   0.7168724   0.7274436   0.7384950   0.7512502   0.7659283
   6.8876546   0.5804129   0.5694778   0.6153652   0.6534871   0.6780780   0.6947503   0.7084136   0.7219887   0.7367364   0.7529525
   6.9096599   0.5951429   0.5640086   0.5922875   0.6274198   0.6539167   0.6735634   0.6901187   0.7061630   0.7228887   0.7406327
   6.9316652   0.5911318   0.5602715   0.5740183   0.6043484   0.6314863   0.6535071   0.6727085   0.6911252   0.7097822   0.7290203
   6.9536705   0.5724313   0.5551526   0.5593450   0.5841623   0.6109328   0.6347524   0.6563244   0.6769800   0.6974899   0.7181654
   6.9756758   0.5461134   0.5477167   0.5471148   0.5666387   0.5923415   0.6174448   0.6410978   0.6638270   0.6860825   0.7081162
   6.9976811   0.5261497   0.5383608   0.5363970   0.5514946   0.5757479   0.6017054   0.6271482   0.6517599   0.6756264   0.6989184
   7.0196864   0.5225173   0.5278757   0.5265574   0.5384360   0.5611498   0.5876319   0.6145825   0.6408647   0.6661834   0.6906141
   7.0416916   0.5256594   0.5169069   0.5172562   0.5271969   0.5485219   0.5753013   0.6034938   0.6312184   0.6578091   0.6832416
   7.0636969   0.5181439   0.5058999   0.5083981   0.5175670   0.5378281   0.5647736   0.5939616   0.6228884   0.6505526   0.6768344
   7.0857022   0.4962083   0.4952820   0.5000603   0.5094067   0.5290332   0.5560941   0.5860513   0.6159312   0.6444552   0.6714211
   7.1077075   0.4694563   0.4855641   0.4924222   0.5026509   0.5221115   0.5492969   0.5798143   0.6103919   0.6395503   0.6670249
   7.1297128   0.4546595   0.4772378   0.4857112   0.4973052   0.5170527   0.5444071   0.5752879   0.6063037   0.6358626   0.6636629
   7.1517181   0.4613194   0.4705882   0.4801680   0.4934349   0.5138646   0.5414423   0.5724957   0.6036875   0.6334077   0.6613463
   7.1737234   0.4728345   0.4656259   0.4760322   0.4911527   0.5125730   0.5404138   0.5714476   0.6025515   0.6321922   0.6600801
   7.1957287   0.4660659   0.4622103   0.4735408   0.4906042   0.5132191   0.5413259   0.5721394   0.6028915   0.6322130   0.6598629
   7.2177339   0.4488118   0.4602570   0.4729341   0.4919545   0.5158540   0.5441750   0.5745529   0.6046904   0.6334581   0.6606872
   7.2397392   0.4457895   0.4598813   0.4744597   0.4953754   0.5205331   0.5489477   0.5786559   0.6079190   0.6359066   0.6625394
   7.2617445   0.4570771   0.4614243   0.4783703   0.5010342   0.5273074   0.5556182   0.5844013   0.6125358   0.6395284   0.6654000
   7.2837498   0.4626125   0.4654111   0.4849114   0.5090840   0.5362159   0.5641455   0.5917279   0.6184881   0.6442859   0.6692443
   7.3057551   0.4562896   0.4724933   0.4943008   0.5196539   0.5472768   0.5744705   0.6005597   0.6257119   0.6501334   0.6740422
   7.3277604   0.4558518   0.4833706   0.5067063   0.5328406   0.5604789   0.5865133   0.6108060   0.6341338   0.6570189   0.6797595
   7.3497657   0.4774756   0.4986555   0.5222293   0.5486997   0.5757743   0.6001705   0.6223625   0.6436709   0.6648840   0.6863577
   7.3717709   0.5064431   0.5186547   0.5409023   0.5672356   0.5930708   0.6153142   0.6351115   0.6542329   0.6736659   0.6937953
   7.3937762   0.5211883   0.5430974   0.5627037   0.5883912   0.6122277   0.6317914   0.6489235   0.6657232   0.6832974   0.7020281
   7.4157815   0.5379604   0.5709495   0.5875825   0.6120366   0.6330516   0.6494245   0.6636588   0.6780403   0.6937090   0.7110101
   7.4377868   0.5876693   0.6005797   0.6154788   0.6379570   0.6552961   0.6680138   0.6791698   0.6910797   0.7048295   0.7206943
   7.4597921   0.6632747   0.6305000   0.6463213   0.6658417   0.6786639   0.6873409   0.6953037   0.7047358   0.7165872   0.7310333
   7.4817974   0.7235231   0.6605093   0.6799847   0.6952762   0.7028121   0.7071732   0.7119053   0.7189036   0.7289116   0.7419801
   7.5038027   0.7249844   0.6924940   0.7162058   0.7257406   0.7273615   0.7272707   0.7288206   0.7334810   0.7417343   0.7534893
   7.5258079   0.6604478   0.7299612   0.7544762   0.7566158   0.7519090   0.7473926   0.7459006   0.7483705   0.7549901   0.7655170
   7.5478132   0.6110889   0.7760567   0.7939474   0.7872021   0.7760430   0.7673055   0.7630044   0.7634812   0.7686185   0.7780221
   7.5698185   0.6981197   0.8310504   0.8333918   0.8167500   0.7993623   0.7867912   0.7800035   0.7787307   0.7825641   0.7909667
   7.5918238   0.9172840   0.8910029   0.8712526   0.8445031   0.8214949   0.8056554   0.7967847   0.7940468   0.7967782   0.8043166
   7.6138291   1.1024522   0.9487247   0.9057920   0.8697501   0.8421181   0.8237342   0.8132533   0.8093687   0.8112193   0.8180418
   7.6358344   1.1370568   0.9965431   0.9353137   0.8918812   0.8609772   0.8409016   0.8293359   0.8246484   0.8258537   0.8321168
   7.6578397   1.0962524   1.0291398   0.9584120   0.9104438   0.8779005   0.8570737   0.8449820   0.8398516   0.8406558   0.8465207
   7.6798450   1.0844499   1.0448611   0.9741889   0.9251879   0.8928109   0.8722123   0.8601653   0.8549581   0.8556088   0.8612378
   7.7018502   1.0859854   1.0451842   0.9823925   0.9360977   0.9057315   0.8863257   0.8748842   0.8699623   0.8707044   0.8762568
   7.7238555   1.0615595   1.0332426   0.9834512   0.9434029   0.9167849   0.8994684   0.8891614   0.8848726   0.8859430   0.8915714
   7.7458608   1.0317109   1.0125640   0.9784103   0.9475676   0.9261861   0.9117374   0.9030429   0.8997116   0.9013332   0.9071798
   7.7678661   1.0098006   0.9865357   0.9687954   0.9492574   0.9342298   0.9232679   0.9165960   0.9145146   0.9168911   0.9230842
   7.7898714   0.9692952   0.9583503   0.9564407   0.9492875   0.9412712   0.9342266   0.9299070   0.9293289   0.9326402   0.9392905
   7.8118767   0.9009205   0.9309266   0.9433119   0.9485566   0.9477051   0.9448040   0.9430784   0.9442121   0.9486099   0.9558078
   7.8338820   0.8451673   0.9066135   0.9313449   0.9479740   0.9539412   0.9552066   0.9562251   0.9592308   0.9648350   0.9726474
   7.8558872   0.8458925   0.8869713   0.9223038   0.9483871   0.9603813   0.9656481   0.9694718   0.9744585   0.9813542   0.9898223
   7.8778925   0.8830601   0.8730602   0.9176543   0.9505171   0.9673976   0.9763417   0.9829484   0.9899737   0.9982089   1.0073463
   7.8998978   0.8912208   0.8662282   0.9184468   0.9549095   0.9753154   0.9874931   0.9967874   1.0058578   1.0154418   1.0252329
   7.9219031   0.8436452   0.8687388   0.9252145   0.9619046   0.9844013   0.9992946   1.0111201   1.0221932   1.0330958   1.0434946
   7.9439084   0.7783484   0.8833927   0.9379024   0.9716306   0.9948566   1.0119205   1.0260739   1.0390607   1.0512118   1.0621419
   7.9659137   0.7640605   0.9119340   0.9558571   0.9840201   1.0068182   1.0255246   1.0417693   1.0565378   1.0698280   1.0811820
   7.9879190   0.8506653   0.9530937   0.9779030   0.9988473   1.0203633   1.0402388   1.0583181   1.0746966   1.0889775   1.1006182
   8.0099243   1.0108872   1.0016955   1.0025168   1.0157803   1.0355204   1.0561733   1.0758208   1.0936016   1.1086877   1.1204487
   8.0319295   1.1518908   1.0497580   1.0280826   1.0344413   1.0522816   1.0734178   1.0943656   1.1133078   1.1289781   1.1406656
   8.0539348   1.2178806   1.0892819   1.0531790   1.0544669   1.0706179   1.0920434   1.1140268   1.1338592   1.1498592   1.1612543
   8.0759401   1.2305417   1.1153239   1.0768335   1.0755599   1.0904928   1.1121053   1.1348634   1.1552868   1.1713315   1.1821926
   8.0979454   1.2028951   1.1277707   1.0986770   1.0975259   1.1118747   1.1336446   1.1569186   1.1776071   1.1933836   1.2034497
   8.1199507   1.1217035   1.1309957   1.1189625   1.1202926   1.1347464   1.1566907   1.1802182   1.2008208   1.2159920   1.2249863
   8.1419560   1.0428089   1.1317421   1.1384459   1.1439081   1.1591105   1.1812623   1.2047698   1.2249114   1.2391196   1.2467536
   8.1639613   1.0498738   1.1364253   1.1581725   1.1685243   1.1849906   1.2073674   1.2305616   1.2498438   1.2627153   1.2686931
   8.1859665   1.1166011   1.1491343   1.1792307   1.1943669   1.2124292   1.2350027   1.2575611   1.2755639   1.2867134   1.2907367
   8.2079718   1.1567229   1.1709931   1.2025423   1.2217010   1.2414820   1.2641511   1.2857135   1.3019971   1.3110333   1.3128065
   8.2299771   1.1697229   1.2007239   1.2287356   1.2507960   1.2722093   1.2947791   1.3149404   1.3290482   1.3355798   1.3348152
   8.2519824   1.2136227   1.2357949   1.2581159   1.2818962   1.3046654   1.3268322   1.3451378   1.3566008   1.3602427   1.3566662
   8.2739877   1.2893052   1.2735919   1.2907191   1.3151993   1.3388880   1.3602303   1.3761751   1.3845175   1.3848978   1.3782545
   8.2959930   1.3475920   1.3123220   1.3264108   1.3508434   1.3748857   1.3948621   1.4078936   1.4126400   1.4094075   1.3994675
   8.3179983   1.3686244   1.3514740   1.3649918   1.3889018   1.4126271   1.4305807   1.4401053   1.4407899   1.4336218   1.4201853
   8.3400035   1.3717866   1.3916908   1.4062773   1.4293817   1.4520290   1.4671974   1.4725927   1.4687700   1.4573797   1.4402826
   8.3620088   1.3823558   1.4340931   1.4501363   1.4722258   1.4929470   1.5044784   1.5051088   1.4963654   1.4805107   1.4596296
   8.3840141   1.4308795   1.4794740   1.4964902   1.5173107   1.5351655   1.5421413   1.5373778   1.5233459   1.5028371   1.4780935
   8.4060194   1.5319649   1.5279558   1.5452849   1.5644430   1.5783903   1.5798530   1.5690975   1.5494687   1.5241756   1.4955397
   8.4280247   1.6316137   1.5793356   1.5964514   1.6133490   1.6222424   1.6172307   1.5999417   1.5744809   1.5443398   1.5118341
   8.4500300   1.6555511   1.6336604   1.6498698   1.6636603   1.6662538   1.6538433   1.6295641   1.5981234   1.5631432   1.5268442
   8.4720353   1.6279843   1.6912774   1.7053406   1.7148943   1.7098669   1.6892169   1.6576036   1.6201349   1.5804012   1.5404412
   8.4940406   1.6549181   1.7521463   1.7625637   1.7664334   1.7524371   1.7228411   1.6836902   1.6402557   1.5959347   1.5525017
   8.5160458   1.7878531   1.8151282   1.8211108   1.8175063   1.7932403   1.7541793   1.7074518   1.6582327   1.6095723   1.5629094
   8.5380511   1.9604856   1.8782564   1.8803798   1.8671747   1.8314858   1.7826802   1.7285223   1.6738243   1.6211536   1.5715572
   8.5600564   2.0556889   1.9401373   1.9395191   1.9143316   1.8663347   1.8077922   1.7465500   1.6868046   1.6305317   1.5783482
   8.5820617   2.0290028   2.0013425   1.9973264   1.9577154   1.8969246   1.8289791   1.7612061   1.6969687   1.6375763   1.5831977
   8.6040670   1.9660084   2.0642636   2.0521458   1.9959437   1.9223994   1.8457370   1.7721935   1.7041370   1.6421757   1.5860346
   8.6260723   1.9900634   2.1309867   2.1018060   2.0275689   1.9419430   1.8576118   1.7792554   1.7081597   1.6442393   1.5868022
   8.6480776   2.1339049   2.2004233   2.1436511   2.0511546   1.9548170   1.8642158   1.7821830   1.7089204   1.6436995   1.5854598
   8.6700828   2.3320433   2.2666923   2.1747034   2.0653675   1.9603973   1.8652439   1.7808229   1.7063391   1.6405130   1.5819829
   8.6920881   2.4876489   2.3199238   2.1919647   2.0690788   1.9582096   1.8604871   1.7750820   1.7003751   1.6346621   1.5763640
   8.7140934   2.5407908   2.3490292   2.1928196   2.0614621   1.9479598   1.8498435   1.7649325   1.6910280   1.6261553   1.5686129
   8.7360987   2.5141376   2.3449572   2.1754602   2.0420774   1.9295576   1.8333254   1.7504137   1.6783391   1.6150274   1.5587565
   8.7581040   2.4683664   2.3031378   2.1392350   2.0109294   1.9031295   1.8110629   1.7316329   1.6623908   1.6013393   1.5468385
   8.7801093   2.4061936   2.2246481   2.0848277   1.9684921   1.8690223   1.7833026   1.7087638   1.6433057   1.5851770   1.5329192
   8.8021146   2.2648051   2.1161443   2.0142174   1.9156945   1.8277937   1.7504021   1.6820434   1.6212441   1.5666503   1.5170742
   8.8241198   2.0191638   1.9885466   1.9304253   1.8538689   1.7801930   1.7128202   1.6517666   1.5964016   1.5458912   1.4993935
   8.8461251   1.7451385   1.8544316   1.8371105   1.7846682   1.7271302   1.6711032   1.6182791   1.5690050   1.5230516   1.4799803
   8.8681304   1.5517211   1.7246452   1.7381146   1.7099602   1.6696381   1.6258682   1.5819696   1.5393077   1.4983006   1.4589493
   8.8901357   1.4857287   1.6054601   1.6370593   1.6317127   1.6088288   1.5777834   1.5432598   1.5075849   1.4718219   1.4364251
   8.9121410   1.4952433   1.4977546   1.5370706   1.5518798   1.5458473   1.5275481   1.5025945   1.4741281   1.4438102   1.4125405
   8.9341463   1.4708902   1.3986854   1.4406580   1.4722999   1.4818259   1.4758709   1.4604306   1.4392390   1.4144687   1.3874342
   8.9561516   1.3560054   1.3048160   1.3497235   1.3946131   1.4178420   1.4234491   1.4172266   1.4032238   1.3840049   1.3612494
   8.9781569   1.1973930   1.2148323   1.2656437   1.3202019   1.3548820   1.3709500   1.3734321   1.3663874   1.3526277   1.3341310
   9.0001621   1.0668086   1.1304517   1.1893623   1.2501556   1.2938116   1.3189932   1.3294781   1.3290276   1.3205438   1.3062244
   9.0221674   0.9814066   1.0554059   1.1214485   1.1852581   1.2353564   1.2681372   1.2857680   1.2914299   1.2879546   1.2776731
   9.0441727   0.9146691   0.9934263   1.0621113   1.1259953   1.1800898   1.2188677   1.2426706   1.2538625   1.2550535   1.2486169
   9.0661780   0.8543867   0.9464024   1.0111909   1.0725790   1.1284303   1.1715906   1.2005131   1.2165725   1.2220225   1.2191904
   9.0881833   0.8330489   0.9135017   0.9681602   1.0249828   1.0806464   1.1266280   1.1595773   1.1797817   1.1890304   1.1895211
   9.1101886   0.8732438   0.8914710   0.9321702   0.9829866   1.0368677   1.0842171   1.1200956   1.1436842   1.1562307   1.1597283
   9.1321939   0.9220314   0.8758499   0.9021489   0.9462249   0.9971007   1.0445124   1.0822500   1.1084445   1.1237595   1.1299221
   9.1541991   0.9088677   0.8624656   0.8769410   0.9142353   0.9612476   1.0075904   1.0461715   1.0741956   1.0917350   1.1002018
   9.1762044   0.8471663   0.8485017   0.8554576   0.8865038   0.9291265   0.9734559   1.0119414   1.0410393   1.0602560   1.0706560
   9.1982097   0.8078172   0.8327716   0.8367990   0.8625032   0.9004913   0.9420497   0.9795932   1.0090458   1.0294023   1.0413615
   9.2202150   0.8162476   0.8153903   0.8203209   0.8417231   0.8750504   0.9132575   0.9491163   0.9782550   0.9992339   1.0123835
   9.2422203   0.8280445   0.7973430   0.8056346   0.8236894   0.8524829   0.8869186   0.9204600   0.9486779   0.9697922   0.9837753
   9.2642256   0.7966854   0.7802163   0.7925484   0.8079748   0.8324525   0.8628349   0.8935374   0.9202988   0.9411006   0.9555790
   9.2862309   0.7337911   0.7658976   0.7809756   0.7942006   0.8146173   0.8407791   0.8682313   0.8930777   0.9131654   0.9278253
   9.3082361   0.6885923   0.7559404   0.7708410   0.7820318   0.7986375   0.8205027   0.8443989   0.8669535   0.8859777   0.9005345
   9.3302414   0.6922421   0.7507012   0.7620146   0.7711691   0.7841802   0.8017432   0.8218771   0.8418469   0.8595148   0.8737174
   9.3522467   0.7400118   0.7488443   0.7542870   0.7613387   0.7709214   0.7842297   0.8004883   0.8176638   0.8337419   0.8473760
   9.3742520   0.7963954   0.7477706   0.7473873   0.7522817   0.7585471   0.7676891   0.7800447   0.7942993   0.8086148   0.8215047
   9.3962573   0.8132653   0.7448932   0.7410255   0.7437453   0.7467533   0.7518501   0.7603543   0.7716403   0.7840813   0.7960914
   9.4182626   0.7749369   0.7389830   0.7349361   0.7354747   0.7352448   0.7364482   0.7412246   0.7495699   0.7600835   0.7711187
   9.4402679   0.7145016   0.7306841   0.7289012   0.7272076   0.7237357   0.7212289   0.7224677   0.7279701   0.7365604   0.7465651
   9.4622732   0.6746014   0.7218873   0.7227420   0.7186694   0.7119490   0.7059516   0.7039037   0.7067251   0.7134493   0.7224063
   9.4842784   0.6747265   0.7144603   0.7162814   0.7095716   0.6996183   0.6903929   0.6853647   0.6857243   0.6906882   0.6986163
   9.5062837   0.7047530   0.7092029   0.7092961   0.6996116   0.6864906   0.6743496   0.6666982   0.6648648   0.6682176   0.6751686
   9.5282890   0.7279908   0.7055895   0.7014749   0.6884763   0.6723301   0.6576425   0.6477693   0.6440537   0.6459819   0.6520374
   9.5502943   0.7180731   0.7022101   0.6924021   0.6758497   0.6569237   0.6401188   0.6284638   0.6232102   0.6239310   0.6291983
   9.5722996   0.6968118   0.6974071   0.6815716   0.6614235   0.6400867   0.6216554   0.6086894   0.6022670   0.6020218   0.6066295
   9.5943049   0.6964129   0.6896931   0.6684274   0.6449123   0.6216706   0.6021614   0.5883778   0.5811715   0.5802187   0.5843123
   9.6163102   0.7055097   0.6778967   0.6524194   0.6260716   0.6015691   0.5815801   0.5674852   0.5598869   0.5584946   0.5622317
   9.6383154   0.6955115   0.6612200   0.6330615   0.6047170   0.5797252   0.5598910   0.5459927   0.5383919   0.5368315   0.5403771
   9.6603207   0.6671371   0.6393164   0.6099825   0.5807435   0.5561363   0.5371097   0.5239064   0.5166815   0.5152206   0.5187426
   9.6823260   0.6324443   0.6122959   0.5829655   0.5541424   0.5308579   0.5132885   0.5012563   0.4947660   0.4936622   0.4973268
   9.7043313   0.5888155   0.5805199   0.5519774   0.5250134   0.5040052   0.4885152   0.4780952   0.4726708   0.4721659   0.4761334
   9.7263366   0.5408094   0.5442302   0.5171910   0.4935705   0.4757516   0.4629103   0.4544970   0.4504348   0.4507496   0.4551707
   9.7483419   0.5104301   0.5032972   0.4790008   0.4601402   0.4463248   0.4366244   0.4305543   0.4281096   0.4294392   0.4344516
   9.7703472   0.4976582   0.4573916   0.4380280   0.4251516   0.4160000   0.4098333   0.4063756   0.4057574   0.4082679   0.4139933
   9.7923524   0.4627968   0.4066046   0.3951064   0.3891178   0.3850904   0.3827333   0.3820822   0.3834495   0.3872750   0.3938168
   9.8143577   0.3807303   0.3521401   0.3512422   0.3526106   0.3539358   0.3555350   0.3578052   0.3612646   0.3665050   0.3739464
   9.8363630   0.2771659   0.2965422   0.3075437   0.3162307   0.3228897   0.3284570   0.3336814   0.3392859   0.3460062   0.3544092
   9.8583683   0.1907854   0.2431724   0.2651256   0.2805746   0.2923054   0.3017194   0.3098502   0.3176001   0.3258301   0.3352342
   9.8803736   0.1374354   0.1951657   0.2250057   0.2462024   0.2625229   0.2755373   0.2864499   0.2962946   0.3060295   0.3164523
   9.9023789   0.1117015   0.1544485   0.1880106   0.2136100   0.2338564   0.2501145   0.2636142   0.2754554   0.2866579   0.2980950
   9.9243842   0.0984920   0.1213457   0.1547139   0.1832060   0.2065834   0.2256382   0.2414690   0.2551660   0.2677680   0.2801940
   9.9463895   0.0853872   0.0948941   0.1254142   0.1552972   0.1809362   0.2022740   0.2201299   0.2355047   0.2494107   0.2627805
   9.9683947   0.0691317   0.0735721   0.1001565   0.1300826   0.1570965   0.1801622   0.1996997   0.2165436   0.2316339   0.2458846
   9.9904000   0.0509085   0.0560034   0.0787831   0.1076551   0.1351920   0.1594155   0.1802664   0.1983473   0.2144820   0.2295347
  10.0124053   0.0322053   0.0413283   0.0609994   0.0880104   0.1152966   0.1401169   0.1619019   0.1809715   0.1979949   0.2137572
  10.0344106   0.0161970   0.0291973   0.0464367   0.0710609   0.0974325   0.1223201   0.1446613   0.1644626   0.1822072   0.1985755
  10.0564159   0.0060852   0.0195338   0.0347013   0.0566532   0.0815750   0.1060495   0.1285825   0.1488569   0.1671480   0.1840101
  10.0784212   0.0016446   0.0122694   0.0254056   0.0445853   0.0676582   0.0913024   0.1136862   0.1341803   0.1528404   0.1700781
  10.1004265   0.0003132   0.0071870   0.0181829   0.0346249   0.0555827   0.0780514   0.0999770   0.1204486   0.1393010   0.1567931
  10.1224317   0.0000416   0.0039058   0.0126932   0.0265245   0.0452230   0.0662471   0.0874440   0.1076674   0.1265405   0.1441646
  10.1444370   0.0000038   0.0019614   0.0086237   0.0200344   0.0364354   0.0558221   0.0760625   0.0958327   0.1145631   0.1321985
  10.1664423   0.0000002   0.0009073   0.0056903   0.0149129   0.0290651   0.0466945   0.0657956   0.0849317   0.1033668   0.1208965
  10.1884476   0.0000000   0.0003856   0.0036399   0.0109339   0.0229533   0.0387715   0.0565958   0.0749432   0.0929441   0.1102568
  10.2104529   0.0000000   0.0001502   0.0022535   0.0078918   0.0179422   0.0319533   0.0484072   0.0658388   0.0832818   0.1002735
  10.2324582   0.0000000   0.0000536   0.0013484   0.0056043   0.0138803   0.0261363   0.0411672   0.0575840   0.0743621   0.0909374
  10.2544635   0.0000000   0.0000175   0.0007788   0.0039134   0.0106253   0.0212161   0.0348088   0.0501389   0.0661623   0.0822358
  10.2764687   0.0000000   0.0000052   0.0004338   0.0026855   0.0080469   0.0170904   0.0292619   0.0434595   0.0586562   0.0741531
  10.2984740   0.0000000   0.0000014   0.0002328   0.0018102   0.0060282   0.0136606   0.0244553   0.0374988   0.0518142   0.0666708
  10.3204793   0.0000000   0.0000003   0.0001203   0.0011978   0.0044662   0.0108341   0.0203180   0.0322075   0.0456039   0.0597680
  10.3424846   0.0000000   0.0000001   0.0000598   0.0007777   0.0032719   0.0085249   0.0167807   0.0275353   0.0399910   0.0534217
  10.3644899   0.0000000   0.0000000   0.0000286   0.0004952   0.0023696   0.0066546   0.0137765   0.0234317   0.0349396   0.0476072
  10.3864952   0.0000000   0.0000000   0.0000131   0.0003091   0.0016963   0.0051531   0.0112423   0.0198466   0.0304130   0.0422984
  10.4085005   0.0000000   0.0000000   0.0000058   0.0001891   0.0012000   0.0039581   0.0091189   0.0167311   0.0263740   0.0374681
  10.4305058   0.0000000   0.0000000   0.0000025   0.0001133   0.0008388   0.0030155   0.0073515   0.0140380   0.0227854   0.0330886
  10.4525110   0.0000000   0.0000000   0.0000010   0.0000665   0.0005792   0.0022784   0.0058905   0.0117225   0.0196107   0.0291316
  10.4745163   0.0000000   0.0000000   0.0000004   0.0000382   0.0003950   0.0017073   0.0046908   0.0097422   0.0168143   0.0255690
  10.4965216   0.0000000   0.0000000   0.0000001   0.0000215   0.0002660   0.0012685   0.0037123   0.0080576   0.0143615   0.0223726
  10.5185269   0.0000000   0.0000000   0.0000001   0.0000118   0.0001769   0.0009346   0.0029196   0.0066322   0.0122195   0.0195149
  10.5405322   0.0000000   0.0000000   0.0000000   0.0000064   0.0001161   0.0006827   0.0022819   0.0054325   0.0103569   0.0169691
  10.5625375   0.0000000   0.0000000   0.0000000   0.0000033   0.0000752   0.0004944   0.0017722   0.0044282   0.0087442   0.0147090
  10.5845428   0.0000000   0.0000000   0.0000000   0.0000017   0.0000481   0.0003549   0.0013676   0.0035919   0.0073539   0.0127097
  10.6065480   0.0000000   0.0000000   0.0000000   0.0000009   0.0000304   0.0002526   0.0010487   0.0028992   0.0061606   0.0109473
  10.6285533   0.0000000   0.0000000   0.0000000   0.0000004   0.0000189   0.0001781   0.0007990   0.0023286   0.0051406   0.0093993
  10.6505586   0.0000000   0.0000000   0.0000000   0.0000002   0.0000116   0.0001245   0.0006048   0.0018610   0.0042726   0.0080445
  10.6725639   0.0000000   0.0000000   0.0000000   0.0000001   0.0000070   0.0000863   0.0004549   0.0014800   0.0035372   0.0068628
  10.6945692   0.0000000   0.0000000   0.0000000   0.0000000   0.0000042   0.0000592   0.0003399   0.0011711   0.0029167   0.0058359
  10.7165745   0.0000000   0.0000000   0.0000000   0.0000000   0.0000025   0.0000403   0.0002523   0.0009220   0.0023956   0.0049466
  10.7385798   0.0000000   0.0000000   0.0000000   0.0000000   0.0000014   0.0000272   0.0001860   0.0007222   0.0019596   0.0041792
  10.7605851   0.0000000   0.0000000   0.0000000   0.0000000   0.0000008   0.0000181   0.0001363   0.0005629   0.0015966   0.0035194
  10.7825903   0.0000000   0.0000000   0.0000000   0.0000000   0.0000005   0.0000120   0.0000992   0.0004365   0.0012957   0.0029541
  10.8045956   0.0000000   0.0000000   0.0000000   0.0000000   0.0000003   0.0000079   0.0000717   0.0003368   0.0010472   0.0024714
  10.8266009   0.0000000   0.0000000   0.0000000   0.0000000   0.0000001   0.0000051   0.0000515   0.0002585   0.0008429   0.0020609
  10.8486062   0.0000000   0.0000000   0.0000000   0.0000000   0.0000001   0.0000033   0.0000367   0.0001974   0.0006758   0.0017129
  10.8706115   0.0000000   0.0000000   0.0000000   0.0000000   0.0000000   0.0000021   0.0000260   0.0001500   0.0005395   0.0014189
  10.8926168   0.0000000   0.0000000   0.0000000   0.0000000   0.0000000   0.0000013   0.0000183   0.0001133   0.0004290   0.0011715
  10.9146221   0.0000000   0.0000000   0.0000000   0.0000000   0.0000000   0.0000008   0.0000128   0.0000852   0.0003398   0.0009641
  10.9366273   0.0000000   0.0000000   0.0000000   0.0000000   0.0000000   0.0000005   0.0000089   0.0000637   0.0002680   0.0007907
  10.9586326   0.0000000   0.0000000   0.0000000   0.0000000   0.0000000   0.0000003   0.0000061   0.0000474   0.0002105   0.0006464
  10.9806379   0.0000000   0.0000000   0.0000000   0.0000000   0.0000000   0.0000002   0.0000042   0.0000351   0.0001646   0.0005266
  11.0026432   0.0000000   0.0000000   0.0000000   0.0000000   0.0000000   0.0000001   0.0000028   0.0000258   0.0001282   0.0004276
 Integrated el-ph coupling
  #            3.1843503   3.1848235   3.1856133   3.1867216   3.1881512   3.1899057   3.1919896   3.1944081   3.1971665   3.2002695
 Phonon smearing (meV)
  #            0.0500000   0.1000000   0.1500000   0.2000000   0.2500000   0.3000000   0.3500000   0.4000000   0.4500000   0.5000000
 Electron smearing (eV)   0.0500000
 Fermi window (eV)   0.5000000
 Summed el-ph coupling    3.4942442
