   0.0220405   0.0000000   0.0000000   0.0000000   0.0000000   0.0000001   0.0000015   0.0000075   0.0000229   0.0000517   0.0000953
   0.0440810   0.0000000   0.0000000   0.0000000   0.0000000   0.0000002   0.0000022   0.0000099   0.0000287   0.0000621   0.0001112
   0.0661214   0.0000000   0.0000000   0.0000000   0.0000000   0.0000004   0.0000031   0.0000131   0.0000356   0.0000743   0.0001292
   0.0881619   0.0000000   0.0000000   0.0000000   0.0000000   0.0000006   0.0000044   0.0000170   0.0000441   0.0000885   0.0001496
   0.1102024   0.0000000   0.0000000   0.0000000   0.0000000   0.0000009   0.0000062   0.0000221   0.0000543   0.0001050   0.0001727
   0.1322429   0.0000000   0.0000000   0.0000000   0.0000001   0.0000014   0.0000085   0.0000284   0.0000665   0.0001241   0.0001986
   0.1542834   0.0000000   0.0000000   0.0000000   0.0000001   0.0000022   0.0000117   0.0000363   0.0000810   0.0001461   0.0002278
   0.1763238   0.0000000   0.0000000   0.0000000   0.0000002   0.0000033   0.0000159   0.0000461   0.0000982   0.0001713   0.0002604
   0.1983643   0.0000000   0.0000000   0.0000000   0.0000004   0.0000049   0.0000214   0.0000582   0.0001185   0.0002000   0.0002967
   0.2204048   0.0000000   0.0000000   0.0000000   0.0000008   0.0000072   0.0000286   0.0000730   0.0001423   0.0002326   0.0003369
   0.2424453   0.0000000   0.0000000   0.0000000   0.0000013   0.0000104   0.0000379   0.0000910   0.0001700   0.0002695   0.0003814
   0.2644858   0.0000000   0.0000000   0.0000001   0.0000022   0.0000150   0.0000497   0.0001126   0.0002021   0.0003110   0.0004303
   0.2865262   0.0000000   0.0000000   0.0000001   0.0000037   0.0000213   0.0000647   0.0001386   0.0002391   0.0003575   0.0004840
   0.3085667   0.0000000   0.0000000   0.0000003   0.0000059   0.0000298   0.0000835   0.0001694   0.0002815   0.0004093   0.0005427
   0.3306072   0.0000000   0.0000000   0.0000006   0.0000094   0.0000413   0.0001068   0.0002059   0.0003298   0.0004669   0.0006065
   0.3526477   0.0000000   0.0000000   0.0000013   0.0000146   0.0000565   0.0001355   0.0002486   0.0003846   0.0005305   0.0006758
   0.3746882   0.0000000   0.0000000   0.0000026   0.0000223   0.0000763   0.0001706   0.0002984   0.0004463   0.0006004   0.0007505
   0.3967287   0.0000000   0.0000000   0.0000049   0.0000334   0.0001020   0.0002130   0.0003560   0.0005154   0.0006769   0.0008309
   0.4187691   0.0000000   0.0000001   0.0000089   0.0000491   0.0001347   0.0002637   0.0004221   0.0005924   0.0007603   0.0009171
   0.4408096   0.0000000   0.0000005   0.0000157   0.0000707   0.0001760   0.0003240   0.0004975   0.0006777   0.0008508   0.0010091
   0.4628501   0.0000000   0.0000014   0.0000267   0.0001002   0.0002272   0.0003949   0.0005828   0.0007717   0.0009484   0.0011069
   0.4848906   0.0000000   0.0000037   0.0000438   0.0001396   0.0002902   0.0004775   0.0006788   0.0008747   0.0010533   0.0012105
   0.5069311   0.0000000   0.0000092   0.0000696   0.0001911   0.0003666   0.0005729   0.0007860   0.0009867   0.0011655   0.0013198
   0.5289715   0.0000000   0.0000208   0.0001072   0.0002573   0.0004581   0.0006822   0.0009047   0.0011081   0.0012848   0.0014346
   0.5510120   0.0000001   0.0000431   0.0001600   0.0003411   0.0005665   0.0008062   0.0010354   0.0012387   0.0014112   0.0015547
   0.5730525   0.0000015   0.0000823   0.0002321   0.0004451   0.0006933   0.0009455   0.0011781   0.0013784   0.0015443   0.0016799
   0.5950930   0.0000103   0.0001452   0.0003279   0.0005721   0.0008399   0.0011007   0.0013329   0.0015269   0.0016839   0.0018098
   0.6171335   0.0000496   0.0002383   0.0004519   0.0007245   0.0010073   0.0012721   0.0014996   0.0016840   0.0018296   0.0019441
   0.6391739   0.0001652   0.0003662   0.0006086   0.0009044   0.0011963   0.0014595   0.0016776   0.0018490   0.0019808   0.0020823
   0.6612144   0.0003845   0.0005317   0.0008019   0.0011133   0.0014072   0.0016625   0.0018665   0.0020212   0.0021369   0.0022240
   0.6832549   0.0006502   0.0007371   0.0010354   0.0013518   0.0016395   0.0018805   0.0020651   0.0022000   0.0022974   0.0023687
   0.7052954   0.0008786   0.0009867   0.0013110   0.0016198   0.0018927   0.0021122   0.0022726   0.0023843   0.0024615   0.0025157
   0.7273359   0.0010932   0.0012891   0.0016288   0.0019162   0.0021651   0.0023561   0.0024874   0.0025730   0.0026283   0.0026645
   0.7493763   0.0013548   0.0016566   0.0019865   0.0022387   0.0024548   0.0026103   0.0027081   0.0027650   0.0027970   0.0028144
   0.7714168   0.0016640   0.0021008   0.0023788   0.0025844   0.0027590   0.0028726   0.0029328   0.0029591   0.0029667   0.0029648
   0.7934573   0.0020829   0.0026231   0.0027982   0.0029494   0.0030744   0.0031402   0.0031598   0.0031539   0.0031365   0.0031150
   0.8154978   0.0027173   0.0032048   0.0032355   0.0033288   0.0033972   0.0034104   0.0033871   0.0033481   0.0033054   0.0032644
   0.8375383   0.0036073   0.0038020   0.0036815   0.0037174   0.0037231   0.0036799   0.0036124   0.0035402   0.0034725   0.0034122
   0.8595787   0.0048321   0.0043534   0.0041284   0.0041091   0.0040472   0.0039456   0.0038337   0.0037289   0.0036368   0.0035579
   0.8816192   0.0062117   0.0048039   0.0045708   0.0044975   0.0043645   0.0042041   0.0040489   0.0039128   0.0037975   0.0037007
   0.9036597   0.0068874   0.0051363   0.0050057   0.0048757   0.0046699   0.0044522   0.0042560   0.0040906   0.0039535   0.0038401
   0.9257002   0.0061982   0.0053928   0.0054310   0.0052364   0.0049581   0.0046867   0.0044531   0.0042611   0.0041043   0.0039754
   0.9477407   0.0046859   0.0056675   0.0058435   0.0055719   0.0052244   0.0049047   0.0046384   0.0044232   0.0042489   0.0041063
   0.9697812   0.0035251   0.0060629   0.0062359   0.0058745   0.0054642   0.0051037   0.0048104   0.0045759   0.0043867   0.0042321
   0.9918216   0.0038170   0.0066278   0.0065958   0.0061368   0.0056736   0.0052816   0.0049679   0.0047185   0.0045171   0.0043525
   1.0138621   0.0062100   0.0073128   0.0069055   0.0063523   0.0058495   0.0054367   0.0051100   0.0048502   0.0046398   0.0044671
   1.0359026   0.0097955   0.0079743   0.0071450   0.0065154   0.0059897   0.0055682   0.0052361   0.0049707   0.0047542   0.0045756
   1.0579431   0.0122231   0.0084318   0.0072956   0.0066226   0.0060933   0.0056756   0.0053457   0.0050795   0.0048602   0.0046779
   1.0799836   0.0121366   0.0085507   0.0073454   0.0066725   0.0061604   0.0057590   0.0054391   0.0051767   0.0049576   0.0047737
   1.1020240   0.0102020   0.0083051   0.0072917   0.0066665   0.0061926   0.0058195   0.0055164   0.0052623   0.0050463   0.0048629
   1.1240645   0.0076431   0.0077856   0.0071426   0.0066086   0.0061923   0.0058584   0.0055785   0.0053366   0.0051265   0.0049456
   1.1461050   0.0054894   0.0071521   0.0069157   0.0065053   0.0061634   0.0058777   0.0056262   0.0053999   0.0051982   0.0050219
   1.1681455   0.0045055   0.0065587   0.0066340   0.0063654   0.0061106   0.0058798   0.0056607   0.0054528   0.0052617   0.0050918
   1.1901860   0.0047155   0.0060933   0.0063223   0.0061992   0.0060391   0.0058675   0.0056833   0.0054960   0.0053175   0.0051555
   1.2122264   0.0055935   0.0057584   0.0060035   0.0060180   0.0059548   0.0058435   0.0056955   0.0055302   0.0053659   0.0052133
   1.2342669   0.0064817   0.0054965   0.0056963   0.0058334   0.0058636   0.0058110   0.0056988   0.0055564   0.0054073   0.0052655
   1.2563074   0.0065700   0.0052399   0.0054155   0.0056561   0.0057713   0.0057728   0.0056947   0.0055752   0.0054425   0.0053124
   1.2783479   0.0055474   0.0049543   0.0051721   0.0054961   0.0056831   0.0057316   0.0056849   0.0055878   0.0054719   0.0053544
   1.3003884   0.0041816   0.0046553   0.0049749   0.0053615   0.0056035   0.0056900   0.0056706   0.0055950   0.0054961   0.0053919
   1.3224288   0.0033380   0.0043938   0.0048308   0.0052584   0.0055362   0.0056499   0.0056534   0.0055978   0.0055159   0.0054255
   1.3444693   0.0031335   0.0042249   0.0047454   0.0051909   0.0054834   0.0056129   0.0056343   0.0055970   0.0055319   0.0054555
   1.3665098   0.0034070   0.0041809   0.0047221   0.0051602   0.0054463   0.0055801   0.0056143   0.0055936   0.0055447   0.0054824
   1.3885503   0.0040015   0.0042612   0.0047615   0.0051655   0.0054248   0.0055521   0.0055944   0.0055883   0.0055551   0.0055068
   1.4105908   0.0045746   0.0044413   0.0048602   0.0052033   0.0054177   0.0055292   0.0055753   0.0055820   0.0055637   0.0055291
   1.4326312   0.0048326   0.0046900   0.0050110   0.0052678   0.0054227   0.0055109   0.0055574   0.0055752   0.0055710   0.0055498
   1.4546717   0.0048539   0.0049841   0.0052025   0.0053517   0.0054367   0.0054968   0.0055412   0.0055688   0.0055777   0.0055695
   1.4767122   0.0049866   0.0053120   0.0054198   0.0054459   0.0054560   0.0054860   0.0055271   0.0055632   0.0055845   0.0055886
   1.4987527   0.0054305   0.0056672   0.0056450   0.0055406   0.0054769   0.0054777   0.0055152   0.0055591   0.0055918   0.0056075
   1.5207932   0.0059703   0.0060388   0.0058584   0.0056261   0.0054956   0.0054711   0.0055058   0.0055569   0.0056001   0.0056267
   1.5428336   0.0064077   0.0064023   0.0060392   0.0056932   0.0055088   0.0054653   0.0054990   0.0055571   0.0056099   0.0056466
   1.5648741   0.0069151   0.0067179   0.0061682   0.0057343   0.0055139   0.0054599   0.0054953   0.0055602   0.0056218   0.0056677
   1.5869146   0.0075951   0.0069354   0.0062290   0.0057439   0.0055095   0.0054548   0.0054947   0.0055665   0.0056359   0.0056902
   1.6089551   0.0081498   0.0070061   0.0062107   0.0057196   0.0054951   0.0054501   0.0054977   0.0055764   0.0056527   0.0057145
   1.6309956   0.0081419   0.0068967   0.0061096   0.0056621   0.0054716   0.0054462   0.0055046   0.0055903   0.0056726   0.0057409
   1.6530361   0.0074811   0.0066006   0.0059309   0.0055752   0.0054409   0.0054443   0.0055159   0.0056084   0.0056957   0.0057698
   1.6750765   0.0065520   0.0061422   0.0056885   0.0054662   0.0054063   0.0054454   0.0055321   0.0056310   0.0057223   0.0058013
   1.6971170   0.0056985   0.0055729   0.0054043   0.0053448   0.0053716   0.0054511   0.0055538   0.0056583   0.0057525   0.0058357
   1.7191575   0.0048812   0.0049618   0.0051058   0.0052223   0.0053416   0.0054630   0.0055813   0.0056904   0.0057866   0.0058733
   1.7411980   0.0039653   0.0043841   0.0048229   0.0051112   0.0053209   0.0054827   0.0056152   0.0057276   0.0058245   0.0059143
   1.7632385   0.0030640   0.0039101   0.0045843   0.0050235   0.0053143   0.0055117   0.0056558   0.0057698   0.0058663   0.0059588
   1.7852789   0.0024725   0.0035939   0.0044148   0.0049700   0.0053261   0.0055514   0.0057034   0.0058171   0.0059121   0.0060071
   1.8073194   0.0023460   0.0034647   0.0043323   0.0049595   0.0053594   0.0056029   0.0057582   0.0058692   0.0059618   0.0060595
   1.8293599   0.0026589   0.0035226   0.0043467   0.0049977   0.0054166   0.0056666   0.0058200   0.0059262   0.0060155   0.0061162
   1.8514004   0.0033388   0.0037423   0.0044597   0.0050870   0.0054987   0.0057426   0.0058887   0.0059877   0.0060730   0.0061776
   1.8734409   0.0041225   0.0040850   0.0046655   0.0052264   0.0056052   0.0058305   0.0059638   0.0060534   0.0061343   0.0062440
   1.8954813   0.0046320   0.0045122   0.0049521   0.0054115   0.0057342   0.0059294   0.0060447   0.0061230   0.0061994   0.0063159
   1.9175218   0.0048964   0.0049973   0.0053031   0.0056350   0.0058827   0.0060378   0.0061307   0.0061960   0.0062683   0.0063938
   1.9395623   0.0052595   0.0055266   0.0056990   0.0058873   0.0060465   0.0061538   0.0062207   0.0062721   0.0063411   0.0064785
   1.9616028   0.0057607   0.0060912   0.0061187   0.0061571   0.0062207   0.0062752   0.0063137   0.0063509   0.0064178   0.0065708
   1.9836433   0.0063305   0.0066752   0.0065404   0.0064327   0.0063997   0.0063995   0.0064086   0.0064318   0.0064989   0.0066719
   2.0056837   0.0072079   0.0072483   0.0069430   0.0067020   0.0065780   0.0065242   0.0065043   0.0065145   0.0065845   0.0067829
   2.0277242   0.0084076   0.0077677   0.0073074   0.0069542   0.0067500   0.0066468   0.0065995   0.0065989   0.0066753   0.0069055
   2.0497647   0.0093603   0.0081911   0.0076174   0.0071798   0.0069110   0.0067648   0.0066934   0.0066847   0.0067720   0.0070414
   2.0718052   0.0095104   0.0084903   0.0078607   0.0073717   0.0070567   0.0068761   0.0067850   0.0067719   0.0068756   0.0071930
   2.0938457   0.0089404   0.0086582   0.0080304   0.0075250   0.0071840   0.0069790   0.0068736   0.0068607   0.0069874   0.0073629
   2.1158861   0.0084734   0.0087046   0.0081249   0.0076375   0.0072906   0.0070722   0.0069589   0.0069518   0.0071092   0.0075542
   2.1379266   0.0087746   0.0086461   0.0081481   0.0077097   0.0073757   0.0071549   0.0070405   0.0070457   0.0072429   0.0077705
   2.1599671   0.0092571   0.0084985   0.0081088   0.0077443   0.0074393   0.0072269   0.0071189   0.0071438   0.0073910   0.0080161
   2.1820076   0.0089643   0.0082779   0.0080201   0.0077457   0.0074826   0.0072884   0.0071944   0.0072474   0.0075568   0.0082957
   2.2040481   0.0080771   0.0080055   0.0078975   0.0077201   0.0075077   0.0073404   0.0072682   0.0073587   0.0077439   0.0086151
   2.2260886   0.0073453   0.0077106   0.0077577   0.0076739   0.0075173   0.0073841   0.0073417   0.0074803   0.0079566   0.0089807
   2.2481290   0.0069964   0.0074275   0.0076164   0.0076142   0.0075147   0.0074215   0.0074167   0.0076153   0.0082002   0.0093996
   2.2701695   0.0069296   0.0071909   0.0074865   0.0075474   0.0075035   0.0074549   0.0074959   0.0077677   0.0084807   0.0098803
   2.2922100   0.0069587   0.0070311   0.0073769   0.0074794   0.0074876   0.0074868   0.0075821   0.0079422   0.0088051   0.0104318
   2.3142505   0.0066915   0.0069695   0.0072912   0.0074153   0.0074709   0.0075205   0.0076791   0.0081443   0.0091815   0.0110647
   2.3362910   0.0060458   0.0070099   0.0072284   0.0073591   0.0074572   0.0075592   0.0077912   0.0083807   0.0096192   0.0117905
   2.3583314   0.0058528   0.0071274   0.0071839   0.0073141   0.0074502   0.0076069   0.0079237   0.0086592   0.0101288   0.0126221
   2.3803719   0.0070490   0.0072642   0.0071521   0.0072827   0.0074536   0.0076678   0.0080826   0.0089888   0.0107222   0.0135736
   2.4024124   0.0089857   0.0073444   0.0071284   0.0072673   0.0074710   0.0077465   0.0082753   0.0093799   0.0114129   0.0146606
   2.4244529   0.0096484   0.0073073   0.0071120   0.0072699   0.0075058   0.0078485   0.0085100   0.0098448   0.0122161   0.0159003
   2.4464934   0.0082622   0.0071431   0.0071065   0.0072924   0.0075617   0.0079797   0.0087967   0.0103971   0.0131486   0.0173112
   2.4685338   0.0063039   0.0069078   0.0071189   0.0073369   0.0076424   0.0081472   0.0091470   0.0110527   0.0142292   0.0189135
   2.4905743   0.0052928   0.0067056   0.0071578   0.0074058   0.0077523   0.0083595   0.0095743   0.0118295   0.0154784   0.0207289
   2.5126148   0.0051446   0.0066462   0.0072304   0.0075016   0.0078961   0.0086262   0.0100943   0.0127475   0.0169191   0.0227809
   2.5346553   0.0052476   0.0067968   0.0073398   0.0076275   0.0080797   0.0089592   0.0107251   0.0138295   0.0185759   0.0250943
   2.5566958   0.0057475   0.0071504   0.0074844   0.0077869   0.0083102   0.0093728   0.0114877   0.0151006   0.0204757   0.0276957
   2.5787362   0.0071279   0.0076227   0.0076593   0.0079839   0.0085963   0.0098839   0.0124064   0.0165889   0.0226477   0.0306131
   2.6007767   0.0092500   0.0080801   0.0078596   0.0082239   0.0089493   0.0105131   0.0135084   0.0183253   0.0251230   0.0338761
   2.6228172   0.0110175   0.0083931   0.0080842   0.0085132   0.0093831   0.0112847   0.0148252   0.0203436   0.0279350   0.0375156
   2.6448577   0.0111007   0.0084937   0.0083399   0.0088598   0.0099159   0.0122278   0.0163920   0.0226805   0.0311190   0.0415637
   2.6668982   0.0094161   0.0084142   0.0086412   0.0092737   0.0105703   0.0133766   0.0182481   0.0253760   0.0347125   0.0460536
   2.6889386   0.0072768   0.0082866   0.0090088   0.0097680   0.0113748   0.0147706   0.0204371   0.0284728   0.0387544   0.0510195
   2.7109791   0.0058622   0.0082992   0.0094646   0.0103597   0.0123650   0.0164560   0.0230073   0.0320163   0.0432855   0.0564961
   2.7330196   0.0055602   0.0086291   0.0100252   0.0110716   0.0135847   0.0184852   0.0260109   0.0360546   0.0483479   0.0625189
   2.7550601   0.0064883   0.0093775   0.0106978   0.0119348   0.0150869   0.0209171   0.0295044   0.0406384   0.0539847   0.0691233
   2.7771006   0.0086016   0.0105331   0.0114795   0.0129915   0.0169350   0.0238179   0.0335484   0.0458199   0.0602399   0.0763448
   2.7991410   0.0115139   0.0119721   0.0123627   0.0142985   0.0192035   0.0272599   0.0382066   0.0516534   0.0671576   0.0842183
   2.8211815   0.0145143   0.0134909   0.0133471   0.0159303   0.0219784   0.0313216   0.0435460   0.0581939   0.0747822   0.0927782
   2.8432220   0.0169717   0.0148596   0.0144572   0.0179827   0.0253568   0.0360871   0.0496357   0.0654973   0.0831573   0.1020575
   2.8652625   0.0187297   0.0158825   0.0157615   0.0205740   0.0294465   0.0416449   0.0565464   0.0736191   0.0923257   0.1120880
   2.8873030   0.0195854   0.0164606   0.0173892   0.0238454   0.0343643   0.0480865   0.0643495   0.0826145   0.1023288   0.1228994
   2.9093435   0.0191879   0.0166533   0.0195406   0.0279593   0.0402343   0.0555055   0.0731157   0.0925369   0.1132056   0.1345191
   2.9313839   0.0176876   0.0167387   0.0224849   0.0330951   0.0471849   0.0639951   0.0829145   0.1034376   0.1249929   0.1469720
   2.9534244   0.0154624   0.0172610   0.0265449   0.0394432   0.0553456   0.0736470   0.0938128   0.1153650   0.1377241   0.1602795
   2.9754649   0.0128310   0.0190339   0.0320692   0.0471974   0.0648433   0.0845491   0.1058735   0.1283637   0.1514288   0.1744600
   2.9975054   0.0104470   0.0230575   0.0393968   0.0565462   0.0757986   0.0967835   0.1191549   0.1424735   0.1661325   0.1895276
   3.0195459   0.0098453   0.0303148   0.0488224   0.0676644   0.0883217   0.1104249   0.1337091   0.1577291   0.1818556   0.2054922
   3.0415863   0.0146641   0.0414778   0.0605708   0.0807046   0.1025089   0.1255385   0.1495812   0.1741588   0.1986132   0.2223593
   3.0636268   0.0307948   0.0566335   0.0747872   0.0957911   0.1184391   0.1421790   0.1668079   0.1917842   0.2164145   0.2401294
   3.0856673   0.0616091   0.0752011   0.0915447   0.1130138   0.1361717   0.1603886   0.1854171   0.2106193   0.2352623   0.2587976
   3.1077078   0.1008828   0.0961614   0.1108644   0.1324253   0.1557447   0.1801970   0.2054269   0.2306697   0.2551528   0.2783540
   3.1297483   0.1343575   0.1185580   0.1327382   0.1540385   0.1771738   0.2016199   0.2268447   0.2519326   0.2760748   0.2987826
   3.1517887   0.1521136   0.1420346   0.1571422   0.1778269   0.2004531   0.2246593   0.2496669   0.2743958   0.2980101   0.3200621
   3.1738292   0.1579006   0.1670990   0.1840346   0.2037258   0.2255564   0.2493029   0.2738782   0.2980376   0.3209326   0.3421653
   3.1958697   0.1661264   0.1949173   0.2133361   0.2316365   0.2524390   0.2755248   0.2994514   0.3228263   0.3448086   0.3650592
   3.2179102   0.1901249   0.2267105   0.2449025   0.2614322   0.2810408   0.3032855   0.3263472   0.3487204   0.3695969   0.3887050
   3.2399507   0.2325418   0.2630470   0.2785028   0.2929659   0.3112894   0.3325322   0.3545137   0.3756681   0.3952483   0.4130586
   3.2619911   0.2872332   0.3033900   0.3138172   0.3260811   0.3431032   0.3631996   0.3838869   0.4036078   0.4217064   0.4380703
   3.2840316   0.3464396   0.3461288   0.3504627   0.3606232   0.3763944   0.3952094   0.4143904   0.4324678   0.4489075   0.4636855
   3.3060721   0.4053324   0.3890976   0.3880441   0.3964516   0.4110705   0.4284712   0.4459355   0.4621672   0.4767812   0.4898447
   3.3281126   0.4608176   0.4303772   0.4262180   0.4334498   0.4470357   0.4628820   0.4784217   0.4926158   0.5052505   0.5164841
   3.3501531   0.5034725   0.4690279   0.4647534   0.4715330   0.4841899   0.4983259   0.5117371   0.5237151   0.5342328   0.5435364
   3.3721935   0.5207422   0.5053931   0.5035735   0.5106493   0.5224272   0.5346743   0.5457587   0.5553590   0.5636404   0.5709307
   3.3942340   0.5196879   0.5407867   0.5427679   0.5507755   0.5616319   0.5717852   0.5803536   0.5874344   0.5933813   0.5985936
   3.4162745   0.5341557   0.5767211   0.5825764   0.5919056   0.6016748   0.6095029   0.6153795   0.6198227   0.6233602   0.6264497
   3.4383150   0.5899022   0.6141591   0.6233476   0.6340323   0.6424081   0.6476585   0.6506861   0.6524005   0.6534789   0.6544223
   3.4603555   0.6675193   0.6532980   0.6654796   0.6771243   0.6836604   0.6860701   0.6861168   0.6850413   0.6836382   0.6824342
   3.4823960   0.7231954   0.6940233   0.7093484   0.7211011   0.7252331   0.7245440   0.7215096   0.7176168   0.7137381   0.7104084
   3.5044364   0.7433099   0.7366446   0.7552277   0.7658087   0.7668976   0.7628759   0.7566997   0.7499982   0.7436796   0.7382688
   3.5264769   0.7531757   0.7822847   0.8032025   0.8110015   0.8083962   0.8008541   0.7915217   0.7820582   0.7733652   0.7659414
   3.5485174   0.7816466   0.8325469   0.8530883   0.8563327   0.8494439   0.8382619   0.8258112   0.8136724   0.8027005   0.7933544
   3.5705579   0.8391954   0.8886198   0.9043683   0.9013562   0.8897349   0.8748821   0.8594083   0.8447207   0.8315953   0.8204397
   3.5925984   0.9203358   0.9503585   0.9561712   0.9455425   0.9289513   0.9105010   0.8921594   0.8750897   0.8599644   0.8471330
   3.6146388   1.0120725   1.0158461   1.0073054   0.9883070   0.9667736   0.9449136   0.9239204   0.9046735   0.8877289   0.8733750
   3.6366793   1.1016028   1.0815970   1.0563600   1.0290489   1.0028939   0.9779288   0.9545590   0.9333760   0.9148170   0.8991118
   3.6587198   1.1819690   1.1432356   1.1018649   1.0671967   1.0370289   1.0093741   0.9839571   0.9611114   0.9411652   0.9242954
   3.6807603   1.2515403   1.1963814   1.1424843   1.1022533   1.0689327   1.0391005   1.0120135   0.9878065   0.9667185   0.9488844
   3.7028008   1.3089360   1.2375411   1.1772091   1.1338367   1.0984082   1.0669867   1.0386454   1.0134009   0.9914320   0.9728443
   3.7248412   1.3476511   1.2648868   1.2055051   1.1617085   1.1253149   1.0929424   1.0637899   1.0378485   1.0152704   0.9961483
   3.7468817   1.3538189   1.2787494   1.2273845   1.1857880   1.1495747   1.1169108   1.0874056   1.0611175   1.0382092   1.0187767
   3.7689222   1.3185665   1.2815992   1.2433843   1.2061498   1.1711732   1.1388694   1.1094730   1.0831917   1.0602346   1.0407178
   3.7909627   1.2624392   1.2773862   1.2544551   1.2230044   1.1901580   1.1588305   1.1299947   1.1040696   1.0813435   1.0619679
   3.8130032   1.2281175   1.2704265   1.2617855   1.2366682   1.2066328   1.1768400   1.1489949   1.1237652   1.1015440   1.0825307
   3.8350436   1.2347587   1.2643164   1.2665987   1.2475248   1.2207506   1.1929754   1.1665189   1.1423069   1.1208544   1.1024179
   3.8570841   1.2582555   1.2613392   1.2699635   1.2559865   1.2327037   1.2073427   1.1826321   1.1597374   1.1393036   1.1216485
   3.8791246   1.2625480   1.2624590   1.2726566   1.2624601   1.2427144   1.2200728   1.1974174   1.1761127   1.1569300   1.1402487
   3.9011651   1.2441104   1.2675919   1.2750981   1.2673220   1.2510248   1.2313178   1.2109746   1.1915009   1.1737813   1.1582512
   3.9232056   1.2387299   1.2757832   1.2773688   1.2709049   1.2578877   1.2412457   1.2234169   1.2059813   1.1899138   1.1756950
   3.9452460   1.2728114   1.2852383   1.2792985   1.2734958   1.2635598   1.2500369   1.2348696   1.2196429   1.2053911   1.1926249
   3.9672865   1.3242087   1.2934912   1.2806014   1.2753431   1.2682946   1.2578793   1.2454670   1.2325829   1.2202834   1.2090903
   3.9893270   1.3516150   1.2979742   1.2810247   1.2766691   1.2723389   1.2649643   1.2553502   1.2449054   1.2346669   1.2251451
   4.0113675   1.3439610   1.2969115   1.2804750   1.2776836   1.2759284   1.2714835   1.2646646   1.2567197   1.2486220   1.2408466
   4.0334080   1.3192422   1.2901166   1.2790922   1.2785946   1.2792865   1.2776248   1.2735579   1.2681388   1.2622326   1.2562548
   4.0554484   1.2894627   1.2792536   1.2772549   1.2796138   1.2826218   1.2835703   1.2821776   1.2792778   1.2755852   1.2714315
   4.0774889   1.2526061   1.2673808   1.2755183   1.2809561   1.2861274   1.2894937   1.2906695   1.2902525   1.2887670   1.2864397
   4.0995294   1.2152839   1.2579487   1.2745051   1.2828330   1.2899798   1.2955592   1.2991757   1.3011779   1.3018656   1.3013421
   4.1215699   1.1974666   1.2536546   1.2747819   1.2854430   1.2943385   1.3019195   1.3078334   1.3121670   1.3149672   1.3162012
   4.1436104   1.2112241   1.2556202   1.2767554   1.2889614   1.2993446   1.3087161   1.3167739   1.3233291   1.3281558   1.3310774
   4.1656509   1.2495645   1.2632212   1.2806165   1.2935316   1.3051216   1.3160784   1.3261213   1.3347691   1.3415121   1.3460290
   4.1876913   1.2912250   1.2746000   1.2863434   1.2992602   1.3117748   1.3241242   1.3359918   1.3465860   1.3551124   1.3611110
   4.2097318   1.3117245   1.2875486   1.2937579   1.3062165   1.3193926   1.3329604   1.3464933   1.3588721   1.3690277   1.3763745
   4.2317723   1.3070870   1.3002883   1.3026129   1.3144361   1.3280479   1.3426832   1.3577248   1.3717116   1.3833225   1.3918656
   4.2538128   1.3035236   1.3118304   1.3126825   1.3239269   1.3378003   1.3533796   1.3697758   1.3851805   1.3980546   1.4076254
   4.2758533   1.3222371   1.3219537   1.3238284   1.3346777   1.3486991   1.3651281   1.3827261   1.3993447   1.4132734   1.4236889
   4.2978937   1.3480132   1.3310721   1.3360240   1.3466649   1.3607866   1.3779995   1.3966450   1.4142601   1.4290201   1.4400848
   4.3199342   1.3538848   1.3401827   1.3493330   1.3598611   1.3741021   1.3920578   1.4115911   1.4299715   1.4453267   1.4568347
   4.3419747   1.3403880   1.3508064   1.3638539   1.3742407   1.3886852   1.4073603   1.4276113   1.4465116   1.4622152   1.4739531
   4.3640152   1.3294015   1.3646695   1.3796512   1.3897868   1.4045793   1.4239577   1.4447402   1.4639011   1.4796980   1.4914471
   4.3860557   1.3362122   1.3830287   1.3967012   1.4064981   1.4218345   1.4418932   1.4629990   1.4821475   1.4977768   1.5093160
   4.4080961   1.3661743   1.4059006   1.4148756   1.4243958   1.4405081   1.4612012   1.4823947   1.5012453   1.5164431   1.5275513
   4.4301366   1.4203341   1.4316897   1.4339730   1.4435318   1.4606653   1.4819050   1.5029186   1.5211749   1.5356778   1.5461371
   4.4521771   1.4879957   1.4575934   1.4537946   1.4639956   1.4823761   1.5040143   1.5245457   1.5419032   1.5554512   1.5650496
   4.4742176   1.5412897   1.4807312   1.4742400   1.4859190   1.5057110   1.5275220   1.5472331   1.5633833   1.5757238   1.5842577
   4.4962581   1.5532730   1.4994768   1.4953936   1.5094759   1.5307344   1.5523999   1.5709196   1.5855545   1.5964462   1.6037234
   4.5182985   1.5288997   1.5143035   1.5175712   1.5348759   1.5574948   1.5785955   1.5955247   1.6083431   1.6175597   1.6234017
   4.5403390   1.5025594   1.5277051   1.5413077   1.5623496   1.5860142   1.6060275   1.6209486   1.6316629   1.6389970   1.6432416
   4.5623795   1.4988151   1.5432702   1.5672891   1.5921258   1.6162750   1.6345834   1.6470724   1.6554158   1.6606831   1.6631865
   4.5844200   1.5164649   1.5644031   1.5962487   1.6244009   1.6482077   1.6641164   1.6737590   1.6794935   1.6825361   1.6831745
   4.6064605   1.5482645   1.5932666   1.6288556   1.6593027   1.6816784   1.6944446   1.7008541   1.7037788   1.7044681   1.7031395
   4.6285009   1.5921098   1.6303039   1.6656251   1.6968509   1.7164791   1.7253514   1.7281887   1.7281466   1.7263866   1.7230117
   4.6505414   1.6497098   1.6744005   1.7068617   1.7369187   1.7523214   1.7565881   1.7555818   1.7524668   1.7481952   1.7427183
   4.6725819   1.7204057   1.7235650   1.7526299   1.7791991   1.7888351   1.7878783   1.7828436   1.7766054   1.7697952   1.7621844
   4.6946224   1.7908489   1.7759231   1.8027301   1.8231818   1.8255731   1.8189242   1.8097795   1.8004271   1.7910868   1.7813337
   4.7166629   1.8471171   1.8307249   1.8566541   1.8681437   1.8620228   1.8494154   1.8361944   1.8237972   1.8119700   1.8000893
   4.7387034   1.8899004   1.8889306   1.9135106   1.9131601   1.8976253   1.8790387   1.8618971   1.8465841   1.8323461   1.8183745
   4.7607438   1.9201104   1.9528926   1.9719315   1.9571371   1.9318001   1.9074893   1.8867050   1.8686608   1.8521186   1.8361132
   4.7827843   1.9433561   2.0248985   2.0300018   1.9988702   1.9639755   1.9344824   1.9104484   1.8899074   1.8711946   1.8532311
   4.8048248   1.9967069   2.1049283   2.0852682   2.0371239   1.9936217   1.9597645   1.9329744   1.9102123   1.8894850   1.8696561
   4.8268653   2.1262103   2.1886703   2.1348779   2.0707310   2.0202848   1.9831239   1.9541503   1.9294737   1.9069064   1.8853188
   4.8489058   2.3268669   2.2670992   2.1758669   2.0987000   2.0436175   2.0043986   1.9738660   1.9476010   1.9233806   1.9001530
   4.8709462   2.5227150   2.3283678   2.2055707   2.1203200   2.0634049   2.0234825   1.9920358   1.9645149   1.9388359   1.9140964
   4.8929867   2.6210924   2.3615253   2.2220843   2.1352493   2.0795810   2.0403278   2.0085983   1.9801481   1.9532074   1.9270909
   4.9150272   2.5868205   2.3604160   2.2246649   2.1435738   2.0922348   2.0549445   2.0235167   1.9944453   1.9664368   1.9390826
   4.9370677   2.4545093   2.3258684   2.2139802   2.1458239   2.1016039   2.0673961   2.0367761   2.0073625   1.9784729   1.9500225
   4.9591082   2.2884116   2.2652133   2.1921294   2.1429445   2.1080562   2.0777919   2.0483816   2.0188663   1.9892712   1.9598664
   4.9811486   2.1443122   2.1896515   2.1624265   2.1362172   2.1120601   2.0862770   2.0583548   2.0289333   1.9987942   1.9685752
   5.0031891   2.0454994   2.1110178   2.1289825   2.1271418   2.1141462   2.0930194   2.0667293   2.0375482   2.0070107   1.9761147
   5.0252296   1.9798380   2.0394368   2.0961695   2.1172905   2.1148630   2.0981968   2.0735470   2.0447032   2.0138957   1.9824560
   5.0472701   1.9200125   1.9824418   2.0680627   2.1081511   2.1147317   2.1019825   2.0788535   2.0503960   2.0194299   1.9875751
   5.0693106   1.8517919   1.9451068   2.0479476   2.1009783   2.1142032   2.1045324   2.0826938   2.0546289   2.0235994   1.9914532
   5.0913510   1.7996515   1.9303525   2.0379576   2.0966720   2.1136222   2.1059741   2.0851088   2.0574074   2.0263956   1.9940763
   5.1133915   1.8105951   1.9389338   2.0388780   2.0956953   2.1132015   2.1063982   2.0861323   2.0587389   2.0278140   1.9954353
   5.1354320   1.8881734   1.9692109   2.0501238   2.0980429   2.1130084   2.1058532   2.0857889   2.0586325   2.0278548   1.9955259
   5.1574725   1.9811690   2.0170891   2.0698826   2.1032605   2.1129648   2.1043438   2.0840930   2.0570977   2.0265221   1.9943483
   5.1795130   2.0581058   2.0763615   2.0953928   2.1105112   2.1128597   2.1018326   2.0810486   2.0541446   2.0238239   1.9919074
   5.2015534   2.1404498   2.1394090   2.1233186   2.1186795   2.1123737   2.0982456   2.0766501   2.0497836   2.0197718   1.9882125
   5.2235939   2.2472029   2.1981317   2.1501721   2.1264978   2.1111119   2.0934796   2.0708842   2.0440261   2.0143811   1.9832769
   5.2456344   2.3504981   2.2450597   2.1727249   2.1326800   2.1086408   2.0874129   2.0637325   2.0368842   2.0076707   1.9771185
   5.2676749   2.4047874   2.2745640   2.1883548   2.1360468   2.1045279   2.0799157   2.0551740   2.0283725   1.9996633   1.9697591
   5.2897154   2.3968243   2.2838907   2.1952811   2.1356289   2.0983775   2.0708617   2.0451893   2.0185079   1.9903852   1.9612244
   5.3117559   2.3483215   2.2735863   2.1926635   2.1307396   2.0898623   2.0601390   2.0337630   2.0073110   1.9798665   1.9515441
   5.3337963   2.2831750   2.2470162   2.1805650   2.1210115   2.0787451   2.0476594   2.0208875   1.9948070   1.9681416   1.9407517
   5.3558368   2.2125277   2.2090778   2.1598045   2.1063983   2.0648935   2.0333655   2.0065661   1.9810266   1.9552487   1.9288842
   5.3778773   2.1454785   2.1646141   2.1317423   2.0871441   2.0482829   2.0172360   1.9908145   1.9660065   1.9412304   1.9159823
   5.3999178   2.0952324   2.1171846   2.0980466   2.0637292   2.0289915   1.9992880   1.9736634   1.9497901   1.9261334   1.9020899
   5.4219583   2.0680395   2.0686751   2.0604811   2.0368006   2.0071881   1.9795771   1.9551587   1.9324279   1.9100086   1.8872541
   5.4439987   2.0468949   2.0198062   2.0207362   2.0070956   1.9831138   1.9581949   1.9353624   1.9139779   1.8929112   1.8715250
   5.4660392   1.9992644   1.9711287   1.9803088   1.9753688   1.9570608   1.9352651   1.9143515   1.8945047   1.8749001   1.8549555
   5.4880797   1.9183273   1.9238335   1.9404231   1.9423284   1.9293510   1.9109381   1.8922171   1.8740803   1.8560381   1.8376009
   5.5101202   1.8363988   1.8798401   1.9019786   1.9085872   1.9003153   1.8853842   1.8690627   1.8527826   1.8363912   1.8195189
   5.5321607   1.7828361   1.8411191   1.8655199   1.8746315   1.8702761   1.8587875   1.8450018   1.8306950   1.8160285   1.8007687
   5.5542011   1.7600925   1.8087285   1.8312280   1.8408096   1.8395346   1.8313387   1.8201555   1.8079055   1.7950216   1.7814115
   5.5762416   1.7611940   1.7822254   1.7989398   1.8073366   1.8083616   1.8032297   1.7946502   1.7845055   1.7734439   1.7615094
   5.5982821   1.7725734   1.7598170   1.7682032   1.7743156   1.7769937   1.7746479   1.7686143   1.7605889   1.7513703   1.7411255
   5.6203226   1.7678632   1.7390750   1.7383704   1.7417686   1.7456327   1.7457718   1.7421763   1.7362502   1.7288766   1.7203232
   5.6423631   1.7326189   1.7176830   1.7087226   1.7096729   1.7144484   1.7167679   1.7154617   1.7115844   1.7060383   1.6991659
   5.6644035   1.6881084   1.6937819   1.6786103   1.6779980   1.6835827   1.6877883   1.6885916   1.6866847   1.6829309   1.6777168
   5.6864440   1.6673734   1.6659233   1.6475871   1.6467361   1.6531543   1.6589688   1.6616803   1.6616422   1.6596284   1.6560382
   5.7084845   1.6683879   1.6330231   1.6155124   1.6159229   1.6232636   1.6304287   1.6348345   1.6365446   1.6362033   1.6341912
   5.7305250   1.6524966   1.5946616   1.5826007   1.5856461   1.5939954   1.6022701   1.6081515   1.6114753   1.6127256   1.6122353
   5.7525655   1.5938449   1.5516561   1.5494029   1.5560393   1.5654212   1.5745787   1.5817193   1.5865128   1.5892626   1.5902283
   5.7746059   1.5054135   1.5064230   1.5167183   1.5272660   1.5375997   1.5474243   1.5556158   1.5617302   1.5658783   1.5682256
   5.7966464   1.4177378   1.4626647   1.4854473   1.4994933   1.5105754   1.5208619   1.5299090   1.5371947   1.5426331   1.5462801
   5.8186869   1.3562153   1.4243597   1.4564152   1.4728641   1.4843781   1.4949328   1.5046571   1.5129675   1.5195832   1.5244418
   5.8407274   1.3310876   1.3945166   1.4302013   1.4474713   1.4590212   1.4696664   1.4799095   1.4891032   1.4967809   1.5027577
   5.8627679   1.3330217   1.3742852   1.4070153   1.4233392   1.4345013   1.4450815   1.4557068   1.4656506   1.4742737   1.4812716
   5.8848083   1.3418274   1.3627323   1.3866489   1.4004163   1.4107988   1.4211881   1.4320820   1.4426521   1.4521047   1.4600237
   5.9068488   1.3455609   1.3571915   1.3685176   1.3785800   1.3878803   1.3979894   1.4090615   1.4201443   1.4303121   1.4390508
   5.9288893   1.3508321   1.3539238   1.3517824   1.3576536   1.3657019   1.3754836   1.3866659   1.3981580   1.4089298   1.4183860
   5.9509298   1.3706563   1.3489185   1.3355214   1.3374303   1.3442141   1.3536659   1.3649105   1.3767187   1.3879865   1.3980587
   5.9729703   1.3973389   1.3388049   1.3189097   1.3177027   1.3233677   1.3325302   1.3438066   1.3558467   1.3675069   1.3780946
   5.9950108   1.3958961   1.3217677   1.3013630   1.2982899   1.3031193   1.3120708   1.3233622   1.3355574   1.3475106   1.3585157
   6.0170512   1.3415619   1.2981302   1.2826156   1.2790610   1.2834363   1.2922834   1.3035819   1.3158618   1.3280132   1.3393403
   6.0390917   1.2562163   1.2702013   1.2627195   1.2599492   1.2643014   1.2731663   1.2844681   1.2967666   1.3090261   1.3205832
   6.0611322   1.1901357   1.2412907   1.2419773   1.2409570   1.2457145   1.2547206   1.2660206   1.2782744   1.2905564   1.3022557
   6.0831727   1.1687660   1.2143188   1.2208373   1.2221525   1.2276935   1.2369500   1.2482369   1.2603839   1.2726075   1.2843659
   6.1052132   1.1731911   1.1907507   1.1997850   1.2036581   1.2102725   1.2198603   1.2311121   1.2430903   1.2551794   1.2669186
   6.1272536   1.1750040   1.1703816   1.1792612   1.1856350   1.1934988   1.2034583   1.2146386   1.2263853   1.2382683   1.2499157
   6.1492941   1.1658765   1.1519567   1.1596217   1.1682648   1.1774278   1.1877497   1.1988058   1.2102570   1.2218676   1.2333562
   6.1713346   1.1480397   1.1341415   1.1411366   1.1517318   1.1621169   1.1727382   1.1835996   1.1946907   1.2059675   1.2172367
   6.1933751   1.1219262   1.1162760   1.1240138   1.1362069   1.1476194   1.1584224   1.1690023   1.1796685   1.1905559   1.2015513
   6.2154156   1.0918921   1.0986049   1.1084264   1.1218339   1.1339777   1.1447949   1.1549920   1.1651695   1.1756181   1.1862921
   6.2374560   1.0669287   1.0820315   1.0945287   1.1087186   1.1212177   1.1318395   1.1415425   1.1511705   1.1611374   1.1714492
   6.2594965   1.0500499   1.0676471   1.0824511   1.0969209   1.1093435   1.1195306   1.1286232   1.1376458   1.1470956   1.1570112
   6.2815370   1.0383413   1.0563043   1.0722783   1.0864497   1.0983340   1.1078318   1.1161993   1.1245678   1.1334726   1.1429652
   6.3035775   1.0313836   1.0483838   1.0640203   1.0772598   1.0881409   1.0966956   1.1042318   1.1119073   1.1202476   1.1292974
   6.3256180   1.0314039   1.0437738   1.0575873   1.0692520   1.0786881   1.0860643   1.0926787   1.0996338   1.1073989   1.1159928
   6.3476584   1.0367074   1.0419849   1.0527798   1.0622756   1.0698736   1.0758702   1.0814949   1.0877164   1.0949043   1.1030361
   6.3696989   1.0400763   1.0422933   1.0492955   1.0561333   1.0615728   1.0660382   1.0706339   1.0761236   1.0827415   1.0904114
   6.3917394   1.0391559   1.0438398   1.0467530   1.0505892   1.0536426   1.0564881   1.0600487   1.0648248   1.0708885   1.0781027
   6.4137799   1.0412410   1.0456910   1.0447245   1.0453787   1.0459284   1.0471372   1.0496928   1.0537899   1.0593236   1.0660940
   6.4358204   1.0529435   1.0469381   1.0427697   1.0402202   1.0382708   1.0379040   1.0395220   1.0429905   1.0480260   1.0543696
   6.4578608   1.0682507   1.0468844   1.0404619   1.0348285   1.0305139   1.0287115   1.0294953   1.0324002   1.0369759   1.0429142
   6.4799013   1.0678874   1.0452490   1.0374043   1.0289287   1.0225131   1.0194908   1.0195762   1.0219949   1.0261547   1.0317130
   6.5019418   1.0441239   1.0422028   1.0332344   1.0222709   1.0141436   1.0101842   1.0097340   1.0117532   1.0155453   1.0207521
   6.5239823   1.0195069   1.0381078   1.0276252   1.0146444   1.0053075   1.0007481   0.9999444   1.0016569   1.0051321   1.0100183
   6.5460228   1.0179064   1.0330583   1.0202869   1.0058913   0.9959402   0.9911548   0.9901901   0.9916909   0.9949012   0.9994993
   6.5680633   1.0341167   1.0265393   1.0109798   0.9959190   0.9860149   0.9813941   0.9804610   0.9818436   0.9848404   0.9891839
   6.5901037   1.0475415   1.0174926   0.9995382   0.9847101   0.9755453   0.9714733   0.9707545   0.9721062   0.9749393   0.9790621
   6.6121442   1.0434410   1.0047915   0.9859046   0.9723293   0.9645860   0.9614166   0.9610742   0.9624733   0.9651891   0.9691246
   6.6341847   1.0161706   0.9878171   0.9701658   0.9589256   0.9532299   0.9512633   0.9514301   0.9529422   0.9555829   0.9593638
   6.6562252   0.9732199   0.9667614   0.9525805   0.9447293   0.9416035   0.9410653   0.9418369   0.9435124   0.9461150   0.9497727
   6.6782657   0.9357043   0.9425154   0.9335907   0.9300424   0.9298597   0.9308835   0.9323127   0.9341858   0.9367816   0.9403457
   6.7003061   0.9155491   0.9163161   0.9138094   0.9152226   0.9181678   0.9207836   0.9228780   0.9249654   0.9275798   0.9310784
   6.7223466   0.8975654   0.8894495   0.8939844   0.9006610   0.9067027   0.9108320   0.9135538   0.9158556   0.9185082   0.9219673
   6.7443871   0.8640366   0.8631727   0.8749412   0.8867552   0.8956329   0.9010912   0.9043601   0.9068613   0.9095663   0.9130098
   6.7664276   0.8228888   0.8387908   0.8575108   0.8738789   0.8851085   0.8916151   0.8953150   0.8979876   0.9007545   0.9042047
   6.7884681   0.7930235   0.8177128   0.8424499   0.8623512   0.8752494   0.8824460   0.8864329   0.8892395   0.8920742   0.8955513
   6.8105085   0.7780156   0.8013625   0.8303633   0.8524083   0.8661368   0.8736114   0.8777241   0.8806214   0.8835273   0.8870500
   6.8325490   0.7653540   0.7909329   0.8216376   0.8441799   0.8578052   0.8651220   0.8691944   0.8721375   0.8751163   0.8787022
   6.8545895   0.7492867   0.7870564   0.8163945   0.8376742   0.8502400   0.8569713   0.8608445   0.8637909   0.8668443   0.8705098
   6.8766300   0.7474154   0.7895158   0.8144712   0.8327715   0.8433769   0.8491360   0.8526704   0.8555843   0.8587150   0.8624757
   6.8986705   0.7758380   0.7971623   0.8154284   0.8292292   0.8371062   0.8415780   0.8446645   0.8475200   0.8507324   0.8546034
   6.9207109   0.8178914   0.8081731   0.8185847   0.8266977   0.8312806   0.8342476   0.8368159   0.8395998   0.8429012   0.8468970
   6.9427514   0.8447358   0.8205998   0.8230689   0.8247460   0.8257262   0.8270871   0.8291121   0.8318258   0.8352265   0.8393615
   6.9647919   0.8498552   0.8329236   0.8278862   0.8228961   0.8202559   0.8200355   0.8215399   0.8242002   0.8277139   0.8320023
   6.9868324   0.8439995   0.8442426   0.8319908   0.8206619   0.8146837   0.8130336   0.8140876   0.8167262   0.8203697   0.8248256
   7.0088729   0.8403938   0.8539349   0.8343647   0.8175911   0.8088404   0.8060287   0.8067458   0.8094077   0.8132007   0.8178380
   7.0309133   0.8526434   0.8610290   0.8341028   0.8133050   0.8025864   0.7989791   0.7995088   0.8022501   0.8062145   0.8110466
   7.0529538   0.8839927   0.8637938   0.8305024   0.8075325   0.7958241   0.7918580   0.7923760   0.7952606   0.7994192   0.8044593
   7.0749943   0.9166335   0.8599699   0.8231494   0.8001354   0.7885057   0.7846561   0.7853525   0.7884477   0.7928236   0.7980842
   7.0970348   0.9224276   0.8476425   0.8119871   0.7911216   0.7806381   0.7773832   0.7784493   0.7818220   0.7864371   0.7919301
   7.1190753   0.8862400   0.8262945   0.7973491   0.7806446   0.7722826   0.7700681   0.7716838   0.7753957   0.7802696   0.7860062
   7.1411157   0.8197359   0.7974131   0.7799401   0.7689903   0.7635510   0.7627578   0.7650789   0.7691827   0.7743317   0.7803222
   7.1631562   0.7500265   0.7642710   0.7607604   0.7565506   0.7545979   0.7555150   0.7586625   0.7631979   0.7686344   0.7748880
   7.1851967   0.6953910   0.7309728   0.7409820   0.7437887   0.7456093   0.7484144   0.7524661   0.7574575   0.7631891   0.7697144
   7.2072372   0.6577320   0.7012416   0.7218002   0.7311987   0.7367897   0.7415385   0.7465238   0.7519780   0.7580072   0.7648122
   7.2292777   0.6352597   0.6774884   0.7042898   0.7192640   0.7283475   0.7349726   0.7408705   0.7467763   0.7531007   0.7601928
   7.2513182   0.6300148   0.6604975   0.6892940   0.7084199   0.7204818   0.7288003   0.7355402   0.7418686   0.7484814   0.7558682
   7.2733586   0.6375721   0.6497328   0.6773628   0.6990228   0.7133688   0.7230981   0.7305645   0.7372706   0.7441614   0.7518506
   7.2953991   0.6434061   0.6440058   0.6687445   0.6913287   0.7071514   0.7179311   0.7259710   0.7329966   0.7401527   0.7481531
   7.3174396   0.6394186   0.6421396   0.6634192   0.6854831   0.7019320   0.7133500   0.7217821   0.7290596   0.7364673   0.7447889
   7.3394801   0.6313538   0.6433352   0.6611589   0.6815201   0.6977671   0.7093878   0.7180144   0.7254711   0.7331175   0.7417722
   7.3615206   0.6286722   0.6471520   0.6615930   0.6793711   0.6946665   0.7060588   0.7146772   0.7222405   0.7301155   0.7391177
   7.3835610   0.6375517   0.6532445   0.6642684   0.6788798   0.6925951   0.7033577   0.7117736   0.7193760   0.7274738   0.7368408
   7.4056015   0.6565943   0.6611167   0.6686940   0.6798223   0.6914774   0.7012612   0.7092998   0.7168843   0.7252057   0.7349579
   7.4276420   0.6763058   0.6700903   0.6743715   0.6819281   0.6912037   0.6997293   0.7072464   0.7147712   0.7233246   0.7334862
   7.4496825   0.6885638   0.6794890   0.6808136   0.6849023   0.6916387   0.6987083   0.7055994   0.7130419   0.7218453   0.7324436
   7.4717230   0.6940727   0.6888616   0.6875565   0.6884452   0.6926300   0.6981345   0.7043416   0.7117020   0.7207834   0.7318495
   7.4937634   0.6973112   0.6980272   0.6941728   0.6922694   0.6940173   0.6979383   0.7034545   0.7107579   0.7201562   0.7317240
   7.5158039   0.6995526   0.7068578   0.7002884   0.6961132   0.6956407   0.6980485   0.7029201   0.7102180   0.7199822   0.7320884
   7.5378444   0.7049347   0.7149331   0.7056042   0.6997494   0.6973492   0.6983969   0.7027233   0.7100928   0.7202824   0.7329650
   7.5598849   0.7237294   0.7213571   0.7099198   0.7029907   0.6990074   0.6989232   0.7028537   0.7103965   0.7210795   0.7343771
   7.5819254   0.7545357   0.7249917   0.7131493   0.7056902   0.7005015   0.6995786   0.7033076   0.7111473   0.7223987   0.7363493
   7.6039658   0.7729085   0.7250924   0.7153201   0.7077403   0.7017445   0.7003299   0.7040898   0.7123678   0.7242674   0.7389066
   7.6260063   0.7552102   0.7219948   0.7165456   0.7090692   0.7026801   0.7011626   0.7052152   0.7140863   0.7267155   0.7420750
   7.6480468   0.7096910   0.7173414   0.7169725   0.7096377   0.7032859   0.7020832   0.7067099   0.7163360   0.7297752   0.7458807
   7.6700873   0.6703103   0.7135443   0.7167147   0.7094380   0.7035755   0.7031210   0.7086119   0.7191561   0.7334809   0.7503504
   7.6921278   0.6624230   0.7126564   0.7157951   0.7084951   0.7036006   0.7043289   0.7109712   0.7225911   0.7378685   0.7555103
   7.7141682   0.6845023   0.7152322   0.7141191   0.7068719   0.7034507   0.7057832   0.7138500   0.7266908   0.7429759   0.7613864
   7.7362087   0.7198944   0.7198194   0.7114992   0.7046764   0.7032534   0.7075825   0.7173216   0.7315093   0.7488413   0.7680036
   7.7582492   0.7539564   0.7233953   0.7077316   0.7020710   0.7031724   0.7098462   0.7214693   0.7371047   0.7555036   0.7753853
   7.7802897   0.7772162   0.7225795   0.7027074   0.6992803   0.7034040   0.7127113   0.7263848   0.7435375   0.7630012   0.7835530
   7.8023302   0.7793128   0.7150834   0.6965262   0.6965947   0.7041733   0.7163292   0.7321662   0.7508697   0.7713710   0.7925255
   7.8243707   0.7481650   0.7007582   0.6895756   0.6943679   0.7057272   0.7208617   0.7389154   0.7591635   0.7806479   0.8023188
   7.8464111   0.6863515   0.6817843   0.6825464   0.6930070   0.7083272   0.7264757   0.7467355   0.7684791   0.7908636   0.8129449
   7.8684516   0.6222280   0.6619458   0.6763752   0.6929536   0.7122404   0.7333392   0.7557279   0.7788737   0.8020455   0.8244112
   7.8904921   0.5871612   0.6453640   0.6721261   0.6946601   0.7177301   0.7416152   0.7659894   0.7903995   0.8142159   0.8367206
   7.9125326   0.5874343   0.6353017   0.6708403   0.6985612   0.7250459   0.7514571   0.7776092   0.8031017   0.8273909   0.8498700
   7.9345731   0.6044691   0.6335370   0.6733914   0.7050462   0.7344139   0.7630033   0.7906659   0.8170171   0.8415791   0.8638503
   7.9566135   0.6171543   0.6404120   0.6803780   0.7144350   0.7460290   0.7763730   0.8052245   0.8321724   0.8567811   0.8786454
   7.9786540   0.6258944   0.6552784   0.6920745   0.7269611   0.7600470   0.7916619   0.8213345   0.8485825   0.8729881   0.8942324
   8.0006945   0.6480541   0.6769531   0.7084435   0.7427634   0.7765798   0.8089389   0.8390269   0.8662491   0.8901816   0.9105804
   8.0227350   0.6871102   0.7039782   0.7291996   0.7618864   0.7956919   0.8282433   0.8583131   0.8851598   0.9083322   0.9276508
   8.0447755   0.7283339   0.7347414   0.7539039   0.7842894   0.8173992   0.8495828   0.8791827   0.9052866   0.9273996   0.9453967
   8.0668159   0.7668878   0.7676432   0.7820649   0.8098597   0.8416693   0.8729331   0.9016030   0.9265856   0.9473316   0.9637629
   8.0888564   0.8109730   0.8014165   0.8132235   0.8384288   0.8684239   0.8982369   0.9255181   0.9489963   0.9680644   0.9826858
   8.1108969   0.8545209   0.8355111   0.8470069   0.8697887   0.8975415   0.9254047   0.9508489   0.9724415   0.9895222   1.0020935
   8.1329374   0.8778410   0.8703010   0.8831446   0.9037046   0.9288614   0.9543164   0.9774932   0.9968269   1.0116172   1.0219061
   8.1549779   0.8826528   0.9068872   0.9214517   0.9399239   0.9621882   0.9848221   1.0053262   1.0220421   1.0342505   1.0420360
   8.1770183   0.9001403   0.9464947   0.9617902   0.9781805   0.9972960   1.0167455   1.0342019   1.0479607   1.0573117   1.0623881
   8.1990588   0.9545962   0.9897639   1.0040245   1.0181949   1.0339328   1.0498852   1.0639539   1.0744411   1.0806806   1.0828609
   8.2210993   1.0337377   1.0363701   1.0479847   1.0596722   1.0718246   1.0840186   1.0943972   1.1013281   1.1042270   1.1033464
   8.2431398   1.1044953   1.0852093   1.0934452   1.1022979   1.1106798   1.1189040   1.1253303   1.1284535   1.1278125   1.1237318
   8.2651803   1.1511836   1.1349978   1.1401179   1.1457351   1.1501927   1.1542838   1.1565365   1.1556381   1.1512915   1.1438997
   8.2872207   1.1849190   1.1848658   1.1876529   1.1896237   1.1900479   1.1898875   1.1877868   1.1826936   1.1745122   1.1637296
   8.3092612   1.2243781   1.2345963   1.2356387   1.2335832   1.2299238   1.2254339   1.2188416   1.2094238   1.1973187   1.1830985
   8.3313017   1.2778383   1.2844602   1.2835970   1.2772190   1.2694961   1.2606344   1.2494536   1.2356274   1.2195518   1.2018825
   8.3533422   1.3359364   1.3348357   1.3309761   1.3201330   1.3084414   1.2951946   1.2793698   1.2610998   1.2410514   1.2199577
   8.3753827   1.3844012   1.3858099   1.3771524   1.3619375   1.3464392   1.3288170   1.3083346   1.2856355   1.2616580   1.2372018
   8.3974231   1.4264157   1.4368442   1.4214541   1.4022690   1.3831737   1.3612030   1.3360922   1.3090305   1.2812142   1.2534947
   8.4194636   1.4798449   1.4865455   1.4632169   1.4408020   1.4183349   1.3920547   1.3623897   1.3310847   1.2995670   1.2687204
   8.4415041   1.5512557   1.5326733   1.5018687   1.4772568   1.4516173   1.4210774   1.3869797   1.3516046   1.3165693   1.2827683
   8.4635446   1.6235927   1.5725523   1.5370306   1.5114008   1.4827193   1.4479815   1.4096232   1.3704054   1.3320818   1.2955336
   8.4855851   1.6728308   1.6039214   1.5686024   1.5430399   1.5113407   1.4724854   1.4300934   1.3873138   1.3459748   1.3069195
   8.5076256   1.6898048   1.6259528   1.5968001   1.5719999   1.5371811   1.4943182   1.4481780   1.4021704   1.3581295   1.3168375
   8.5296660   1.6788565   1.6399611   1.6221150   1.5981001   1.5599386   1.5132237   1.4636831   1.4148316   1.3684402   1.3252089
   8.5517065   1.6481969   1.6493797   1.6451831   1.6211223   1.5793102   1.5289642   1.4764358   1.4251720   1.3768147   1.3319651
   8.5737470   1.6150338   1.6589075   1.6665784   1.6407820   1.5949955   1.5413251   1.4862879   1.4330864   1.3831764   1.3370492
   8.5957875   1.6058940   1.6731165   1.6865699   1.6567087   1.6067019   1.5501204   1.4931183   1.4384913   1.3874650   1.3404158
   8.6178280   1.6356260   1.6950197   1.7049039   1.6684415   1.6141549   1.5551981   1.4968359   1.4413262   1.3896369   1.3420320
   8.6398684   1.6899452   1.7250089   1.7206769   1.6754449   1.6171104   1.5564452   1.4973821   1.4415551   1.3896665   1.3418776
   8.6619089   1.7430371   1.7603353   1.7323499   1.6771475   1.6153697   1.5537939   1.4947323   1.4391666   1.3875458   1.3399452
   8.6839494   1.7944696   1.7951612   1.7379260   1.6729986   1.6087960   1.5472254   1.4888975   1.4341747   1.3832850   1.3362401
   8.7059899   1.8688350   1.8212916   1.7352711   1.6625378   1.5973305   1.5367741   1.4799246   1.4266186   1.3769120   1.3307804
   8.7280304   1.9647686   1.8297666   1.7225153   1.6454673   1.5810065   1.5225297   1.4678965   1.4165619   1.3684719   1.3235964
   8.7500708   2.0212976   1.8132462   1.6984468   1.6217142   1.5599590   1.5046379   1.4529312   1.4040922   1.3580265   1.3147305
   8.7721113   1.9679876   1.7685243   1.6628039   1.5914738   1.5344298   1.4832990   1.4351797   1.3893188   1.3456533   1.3042359
   8.7941518   1.8057140   1.6980220   1.6163931   1.5552250   1.5047658   1.4587648   1.4148238   1.3723721   1.3314439   1.2921764
   8.8161923   1.6048375   1.6093278   1.5610052   1.5137139   1.4714102   1.4313334   1.3920728   1.3534003   1.3155031   1.2786251
   8.8382328   1.4345551   1.5127964   1.4991514   1.4679079   1.4348880   1.4013420   1.3671592   1.3325677   1.2979470   1.2636638
   8.8602732   1.3214969   1.4183008   1.4336878   1.4189259   1.3957849   1.3691581   1.3403343   1.3100517   1.2789016   1.2473815
   8.8823137   1.2569914   1.3326486   1.3674175   1.3679550   1.3547236   1.3351701   1.3118635   1.2860398   1.2585002   1.2298730
   8.9043542   1.2172997   1.2586688   1.3027556   1.3161639   1.3123375   1.2997767   1.2820204   1.2607265   1.2368824   1.2112384
   8.9263947   1.1797003   1.1959629   1.2415151   1.2646247   1.2692446   1.2633766   1.2510822   1.2343102   1.2141912   1.1915812
   8.9484352   1.1331290   1.1425062   1.1848303   1.2142519   1.2260240   1.2263582   1.2193237   1.2069902   1.1905718   1.1710070
   8.9704756   1.0809607   1.0961148   1.1332011   1.1657623   1.1831967   1.1890904   1.1870131   1.1789631   1.1661690   1.1496224
   8.9925161   1.0326819   1.0551929   1.0866159   1.1196604   1.1412109   1.1519149   1.1544064   1.1504206   1.1411256   1.1275340
   9.0145566   0.9951498   1.0187527   1.0447066   1.0762434   1.1004337   1.1151399   1.1217443   1.1215463   1.1155804   1.1048465
   9.0365971   0.9704736   0.9860810   1.0068993   1.0356258   1.0611483   1.0790353   1.0892479   1.0925132   1.0896668   1.0816621
   9.0586376   0.9525133   0.9564544   0.9725354   0.9977741   1.0235572   1.0438304   1.0571163   1.0634818   1.0635108   1.0580794
   9.0806781   0.9305195   0.9290838   0.9409589   0.9625486   0.9877889   1.0097125   1.0255245   1.0345983   1.0372304   1.0341922
   9.1027185   0.9025104   0.9032247   0.9115728   0.9297444   0.9539082   0.9768276   0.9946215   1.0059930   1.0109336   1.0100888
   9.1247590   0.8746066   0.8782840   0.8838724   0.8991293   0.9219279   0.9452824   0.9645304   0.9777790   0.9847182   0.9858515
   9.1467995   0.8496187   0.8538244   0.8574639   0.8704744   0.8918217   0.9151467   0.9353474   0.9500523   0.9586707   0.9615555
   9.1688400   0.8276867   0.8295045   0.8320746   0.8435770   0.8635354   0.8864569   0.9071432   0.9228905   0.9328659   0.9372691
   9.1908805   0.8094441   0.8050615   0.8075533   0.8182739   0.8369964   0.8592196   0.8799628   0.8963534   0.9073667   0.9130531
   9.2129209   0.7898793   0.7803961   0.7838646   0.7944473   0.8121223   0.8334154   0.8538280   0.8704834   0.8822242   0.8889603
   9.2349614   0.7611969   0.7557028   0.7610737   0.7720231   0.7888252   0.8090021   0.8287379   0.8453058   0.8574779   0.8650362
   9.2570019   0.7253706   0.7315168   0.7393225   0.7509635   0.7670143   0.7859183   0.8046717   0.8208299   0.8331557   0.8413188
   9.2790424   0.6929534   0.7085898   0.7188002   0.7312554   0.7465968   0.7640854   0.7815901   0.7970504   0.8092751   0.8178384
   9.3010829   0.6702221   0.6876322   0.6997105   0.7128961   0.7274760   0.7434106   0.7594377   0.7739485   0.7858435   0.7946188
   9.3231233   0.6553897   0.6690700   0.6822402   0.6958781   0.7095489   0.7237885   0.7381453   0.7514933   0.7628594   0.7716771
   9.3451638   0.6453719   0.6529658   0.6665307   0.6801745   0.6927029   0.7051025   0.7176318   0.7296440   0.7403131   0.7490245
   9.3672043   0.6374473   0.6391492   0.6526555   0.6657261   0.6768129   0.6872269   0.6978070   0.7083511   0.7181881   0.7266668
   9.3892448   0.6265617   0.6274559   0.6406010   0.6524319   0.6617391   0.6700281   0.6785734   0.6875588   0.6964622   0.7046053
   9.4112853   0.6106070   0.6179016   0.6302520   0.6401431   0.6473253   0.6533663   0.6598290   0.6672062   0.6751088   0.6828375
   9.4333257   0.5949568   0.6106607   0.6213812   0.6286621   0.6333996   0.6370973   0.6414695   0.6472299   0.6540979   0.6613575
   9.4553662   0.5871170   0.6058440   0.6136475   0.6177456   0.6197758   0.6210753   0.6233904   0.6275654   0.6333976   0.6401572
   9.4774067   0.5899009   0.6032007   0.6066050   0.6071124   0.6062566   0.6051550   0.6054897   0.6081487   0.6129751   0.6192266
   9.4994472   0.5992209   0.6019166   0.5997284   0.5964543   0.5926389   0.5891946   0.5876698   0.5889188   0.5927984   0.5985552
   9.5214877   0.6082279   0.6006305   0.5924537   0.5854502   0.5787193   0.5730593   0.5698401   0.5698184   0.5728364   0.5781321
   9.5435281   0.6138695   0.5976867   0.5842290   0.5737806   0.5643011   0.5566244   0.5519189   0.5507957   0.5530608   0.5579466
   9.5655686   0.6162936   0.5915506   0.5745654   0.5611426   0.5492017   0.5397792   0.5338350   0.5318060   0.5334468   0.5379896
   9.5876091   0.6117726   0.5812522   0.5630744   0.5472637   0.5332597   0.5224299   0.5155301   0.5128121   0.5139734   0.5182530
   9.6096496   0.5930746   0.5666948   0.5494836   0.5319140   0.5163421   0.5045028   0.4969597   0.4937859   0.4946246   0.4987312
   9.6316901   0.5593741   0.5486706   0.5336270   0.5149163   0.4983507   0.4859471   0.4780943   0.4747085   0.4753893   0.4794206
   9.6537305   0.5204962   0.5285100   0.5154163   0.4961536   0.4792264   0.4667369   0.4589204   0.4555708   0.4562624   0.4603206
   9.6757710   0.4892109   0.5074420   0.4948085   0.4755754   0.4589539   0.4468724   0.4394408   0.4363738   0.4372442   0.4414332
   9.6978115   0.4714257   0.4859266   0.4717855   0.4532012   0.4375626   0.4263803   0.4196743   0.4171285   0.4183409   0.4227635
   9.7198520   0.4650820   0.4633008   0.4463585   0.4291235   0.4151273   0.4053139   0.3996555   0.3978553   0.3995642   0.4043196
   9.7418925   0.4638072   0.4379841   0.4185989   0.4035065   0.3917666   0.3837510   0.3794338   0.3785837   0.3809315   0.3861124
   9.7639330   0.4553585   0.4082217   0.3886852   0.3765839   0.3676386   0.3617925   0.3590719   0.3593514   0.3624648   0.3681556
   9.7859734   0.4227796   0.3730448   0.3569466   0.3486515   0.3429361   0.3395588   0.3386445   0.3402037   0.3441909   0.3504655
   9.8080139   0.3595933   0.3329633   0.3238832   0.3200573   0.3178795   0.3171866   0.3182357   0.3211917   0.3261403   0.3330605
   9.8300544   0.2817072   0.2900150   0.2901484   0.2911868   0.2927087   0.2948241   0.2979375   0.3023717   0.3083469   0.3159610
   9.8520949   0.2136061   0.2471252   0.2564931   0.2624452   0.2676743   0.2726271   0.2778465   0.2838032   0.2908469   0.2991891
   9.8741354   0.1669199   0.2071017   0.2236847   0.2342383   0.2430281   0.2507536   0.2580619   0.2655483   0.2736782   0.2827677
   9.8961758   0.1388791   0.1717637   0.1924214   0.2069528   0.2190144   0.2293593   0.2386829   0.2476694   0.2568797   0.2667205
   9.9182163   0.1223456   0.1415903   0.1632652   0.1809377   0.1958613   0.2085932   0.2198059   0.2302283   0.2404901   0.2510714
   9.9402568   0.1103632   0.1159645   0.1366060   0.1564902   0.1737730   0.1885933   0.2015224   0.2132848   0.2245475   0.2358443
   9.9622973   0.0960812   0.0937907   0.1126610   0.1338445   0.1529243   0.1694829   0.1839170   0.1968953   0.2090886   0.2210620
   9.9843378   0.0751411   0.0741280   0.0915013   0.1131670   0.1334558   0.1513681   0.1670651   0.1811115   0.1941476   0.2067465
  10.0063782   0.0495076   0.0565539   0.0730908   0.0945551   0.1154711   0.1343350   0.1510320   0.1659801   0.1797561   0.1929181
  10.0284187   0.0261600   0.0411625   0.0573238   0.0780407   0.0990364   0.1184491   0.1358711   0.1515409   0.1659422   0.1795954
  10.0504592   0.0106801   0.0282990   0.0440517   0.0635972   0.0841809   0.1037541   0.1216240   0.1378273   0.1527300   0.1667949
  10.0724997   0.0032713   0.0182325   0.0330966   0.0511477   0.0708991   0.0902725   0.1083192   0.1248649   0.1401395   0.1545302
  10.0945402   0.0007343   0.0109422   0.0242558   0.0405751   0.0591546   0.0780063   0.0959728   0.1126720   0.1281861   0.1428128
  10.1165806   0.0001186   0.0060892   0.0173024   0.0317319   0.0488841   0.0669387   0.0845885   0.1012590   0.1168805   0.1316509
  10.1386211   0.0000136   0.0031311   0.0119885   0.0244502   0.0400026   0.0570360   0.0741585   0.0906289   0.1062287   0.1210501
  10.1606616   0.0000011   0.0014838   0.0080537   0.0185506   0.0324084   0.0482500   0.0646643   0.0807774   0.0962319   0.1110127
  10.1827021   0.0000001   0.0006466   0.0052372   0.0138502   0.0259887   0.0405204   0.0560777   0.0716933   0.0868869   0.1015382
  10.2047426   0.0000000   0.0002587   0.0032920   0.0101700   0.0206241   0.0337780   0.0483624   0.0633593   0.0781858   0.0926231
  10.2267830   0.0000000   0.0000949   0.0019979   0.0073399   0.0161933   0.0279467   0.0414752   0.0557523   0.0701167   0.0842609
  10.2488235   0.0000000   0.0000319   0.0011695   0.0052037   0.0125768   0.0229467   0.0353675   0.0488444   0.0626640   0.0764425
  10.2708640   0.0000000   0.0000098   0.0006597   0.0036221   0.0096602   0.0186965   0.0299867   0.0426036   0.0558086   0.0691564
  10.2929045   0.0000000   0.0000028   0.0003584   0.0024741   0.0073364   0.0151148   0.0252775   0.0369945   0.0495284   0.0623884
  10.3149450   0.0000000   0.0000007   0.0001874   0.0016575   0.0055078   0.0121229   0.0211834   0.0319795   0.0437989   0.0561225
  10.3369855   0.0000000   0.0000002   0.0000943   0.0010887   0.0040867   0.0096457   0.0176477   0.0275187   0.0385935   0.0503407
  10.3590259   0.0000000   0.0000000   0.0000456   0.0007008   0.0029962   0.0076126   0.0146146   0.0235718   0.0338838   0.0450234
  10.3810664   0.0000000   0.0000000   0.0000212   0.0004419   0.0021702   0.0059590   0.0120301   0.0200978   0.0296404   0.0401498
  10.4031069   0.0000000   0.0000000   0.0000095   0.0002729   0.0015526   0.0046260   0.0098427   0.0170560   0.0258332   0.0356980
  10.4251474   0.0000000   0.0000000   0.0000041   0.0001650   0.0010969   0.0035611   0.0080038   0.0144067   0.0224317   0.0316452
  10.4471879   0.0000000   0.0000000   0.0000017   0.0000977   0.0007652   0.0027182   0.0064683   0.0121115   0.0194054   0.0279684
  10.4692283   0.0000000   0.0000000   0.0000007   0.0000566   0.0005270   0.0020571   0.0051949   0.0101335   0.0167244   0.0246441
  10.4912688   0.0000000   0.0000000   0.0000003   0.0000320   0.0003582   0.0015433   0.0041461   0.0084380   0.0143594   0.0216488
  10.5133093   0.0000000   0.0000000   0.0000001   0.0000178   0.0002403   0.0011478   0.0032882   0.0069923   0.0122819   0.0189593
  10.5353498   0.0000000   0.0000000   0.0000000   0.0000096   0.0001590   0.0008461   0.0025912   0.0057662   0.0104648   0.0165528
  10.5573903   0.0000000   0.0000000   0.0000000   0.0000051   0.0001039   0.0006182   0.0020289   0.0047319   0.0088823   0.0144068
  10.5794307   0.0000000   0.0000000   0.0000000   0.0000026   0.0000669   0.0004476   0.0015783   0.0038641   0.0075099   0.0125000
  10.6014712   0.0000000   0.0000000   0.0000000   0.0000013   0.0000425   0.0003212   0.0012199   0.0031398   0.0063248   0.0108115
  10.6235117   0.0000000   0.0000000   0.0000000   0.0000007   0.0000266   0.0002284   0.0009367   0.0025387   0.0053060   0.0093217
  10.6455522   0.0000000   0.0000000   0.0000000   0.0000003   0.0000165   0.0001609   0.0007145   0.0020424   0.0044338   0.0080116
  10.6675927   0.0000000   0.0000000   0.0000000   0.0000002   0.0000100   0.0001123   0.0005414   0.0016349   0.0036903   0.0068638
  10.6896331   0.0000000   0.0000000   0.0000000   0.0000001   0.0000060   0.0000776   0.0004075   0.0013021   0.0030593   0.0058616
  10.7116736   0.0000000   0.0000000   0.0000000   0.0000000   0.0000036   0.0000532   0.0003047   0.0010317   0.0025261   0.0049896
  10.7337141   0.0000000   0.0000000   0.0000000   0.0000000   0.0000021   0.0000361   0.0002263   0.0008134   0.0020775   0.0042337
  10.7557546   0.0000000   0.0000000   0.0000000   0.0000000   0.0000012   0.0000242   0.0001669   0.0006380   0.0017017   0.0035806
  10.7777951   0.0000000   0.0000000   0.0000000   0.0000000   0.0000007   0.0000161   0.0001222   0.0004978   0.0013882   0.0030184
  10.7998355   0.0000000   0.0000000   0.0000000   0.0000000   0.0000004   0.0000106   0.0000889   0.0003864   0.0011279   0.0025362
  10.8218760   0.0000000   0.0000000   0.0000000   0.0000000   0.0000002   0.0000069   0.0000643   0.0002984   0.0009127   0.0021241
  10.8439165   0.0000000   0.0000000   0.0000000   0.0000000   0.0000001   0.0000045   0.0000461   0.0002293   0.0007356   0.0017730
  10.8659570   0.0000000   0.0000000   0.0000000   0.0000000   0.0000001   0.0000029   0.0000329   0.0001752   0.0005903   0.0014751
  10.8879975   0.0000000   0.0000000   0.0000000   0.0000000   0.0000000   0.0000018   0.0000232   0.0001332   0.0004719   0.0012232
  10.9100379   0.0000000   0.0000000   0.0000000   0.0000000   0.0000000   0.0000011   0.0000163   0.0001007   0.0003756   0.0010109
  10.9320784   0.0000000   0.0000000   0.0000000   0.0000000   0.0000000   0.0000007   0.0000114   0.0000758   0.0002977   0.0008327
  10.9541189   0.0000000   0.0000000   0.0000000   0.0000000   0.0000000   0.0000004   0.0000079   0.0000567   0.0002350   0.0006836
  10.9761594   0.0000000   0.0000000   0.0000000   0.0000000   0.0000000   0.0000003   0.0000054   0.0000422   0.0001848   0.0005593
  10.9981999   0.0000000   0.0000000   0.0000000   0.0000000   0.0000000   0.0000002   0.0000037   0.0000312   0.0001446   0.0004561
  11.0202404   0.0000000   0.0000000   0.0000000   0.0000000   0.0000000   0.0000001   0.0000025   0.0000230   0.0001128   0.0003707
 Integrated el-ph coupling
  #            2.7492270   2.7496568   2.7503757   2.7513885   2.7527033   2.7543359   2.7563083   2.7586405   2.7613398   2.7643986
 Phonon smearing (meV)
  #            0.0500000   0.1000000   0.1500000   0.2000000   0.2500000   0.3000000   0.3500000   0.4000000   0.4500000   0.5000000
 Electron smearing (eV)   0.0500000
 Fermi window (eV)   0.2000000
 Summed el-ph coupling    2.7490840
