   0.0220478   0.0000000   0.0000000   0.0000000   0.0000000   0.0000000   0.0000000   0.0000000   0.0000000   0.0000000   0.0000000
   0.0440957   0.0000000   0.0000000   0.0000000   0.0000000   0.0000000   0.0000000   0.0000000   0.0000000   0.0000000   0.0000000
   0.0661435   0.0000000   0.0000000   0.0000000   0.0000000   0.0000000   0.0000000   0.0000000   0.0000000   0.0000000   0.0000000
   0.0881914   0.0000000   0.0000000   0.0000000   0.0000000   0.0000000   0.0000000   0.0000000   0.0000000   0.0000000   0.0000000
   0.1102392   0.0000000   0.0000000   0.0000000   0.0000000   0.0000000   0.0000000   0.0000000   0.0000000   0.0000000   0.0000000
   0.1322871   0.0000000   0.0000000   0.0000000   0.0000000   0.0000000   0.0000000   0.0000000   0.0000000   0.0000000   0.0000000
   0.1543349   0.0000000   0.0000000   0.0000000   0.0000000   0.0000000   0.0000000   0.0000000   0.0000000   0.0000000   0.0000000
   0.1763828   0.0000000   0.0000000   0.0000000   0.0000000   0.0000000   0.0000000   0.0000000   0.0000000   0.0000000   0.0000000
   0.1984306   0.0000000   0.0000000   0.0000000   0.0000000   0.0000000   0.0000000   0.0000000   0.0000000   0.0000000   0.0000000
   0.2204784   0.0000000   0.0000000   0.0000000   0.0000000   0.0000000   0.0000000   0.0000000   0.0000000   0.0000000   0.0000000
   0.2425263   0.0000000   0.0000000   0.0000000   0.0000000   0.0000000   0.0000000   0.0000000   0.0000000   0.0000000   0.0000000
   0.2645741   0.0000000   0.0000000   0.0000000   0.0000000   0.0000000   0.0000000   0.0000000   0.0000000   0.0000000   0.0000000
   0.2866220   0.0000000   0.0000000   0.0000000   0.0000000   0.0000000   0.0000000   0.0000000   0.0000000   0.0000000   0.0000000
   0.3086698   0.0000000   0.0000000   0.0000000   0.0000000   0.0000000   0.0000000   0.0000000   0.0000000   0.0000000   0.0000000
   0.3307177   0.0000000   0.0000000   0.0000000   0.0000000   0.0000000   0.0000000   0.0000000   0.0000000   0.0000000   0.0000000
   0.3527655   0.0000000   0.0000000   0.0000000   0.0000000   0.0000000   0.0000000   0.0000000   0.0000000   0.0000000   0.0000000
   0.3748134   0.0000000   0.0000000   0.0000000   0.0000000   0.0000000   0.0000000   0.0000000   0.0000000   0.0000000   0.0000000
   0.3968612   0.0000000   0.0000000   0.0000000   0.0000000   0.0000000   0.0000000   0.0000000   0.0000000   0.0000000   0.0000000
   0.4189091   0.0000000   0.0000000   0.0000000   0.0000000   0.0000000   0.0000000   0.0000000   0.0000000   0.0000000   0.0000000
   0.4409569   0.0000000   0.0000000   0.0000000   0.0000000   0.0000000   0.0000000   0.0000000   0.0000000   0.0000000   0.0000000
   0.4630047   0.0000000   0.0000000   0.0000000   0.0000000   0.0000000   0.0000000   0.0000000   0.0000000   0.0000000   0.0000000
   0.4850526   0.0000000   0.0000000   0.0000000   0.0000000   0.0000000   0.0000000   0.0000000   0.0000000   0.0000000   0.0000000
   0.5071004   0.0000000   0.0000000   0.0000000   0.0000000   0.0000000   0.0000000   0.0000000   0.0000000   0.0000000   0.0000000
   0.5291483   0.0000000   0.0000000   0.0000000   0.0000000   0.0000000   0.0000000   0.0000000   0.0000000   0.0000000   0.0000000
   0.5511961   0.0000000   0.0000000   0.0000000   0.0000000   0.0000000   0.0000000   0.0000000   0.0000000   0.0000000   0.0000000
   0.5732440   0.0000000   0.0000000   0.0000000   0.0000000   0.0000000   0.0000000   0.0000000   0.0000000   0.0000000   0.0000000
   0.5952918   0.0000000   0.0000000   0.0000000   0.0000000   0.0000000   0.0000000   0.0000000   0.0000000   0.0000000   0.0000000
   0.6173397   0.0000000   0.0000000   0.0000000   0.0000000   0.0000000   0.0000000   0.0000000   0.0000000   0.0000000   0.0000000
   0.6393875   0.0000000   0.0000000   0.0000000   0.0000000   0.0000000   0.0000000   0.0000000   0.0000000   0.0000000   0.0000000
   0.6614353   0.0000000   0.0000000   0.0000000   0.0000000   0.0000000   0.0000000   0.0000000   0.0000000   0.0000000   0.0000000
   0.6834832   0.0000000   0.0000000   0.0000000   0.0000000   0.0000000   0.0000000   0.0000000   0.0000000   0.0000000   0.0000000
   0.7055310   0.0000000   0.0000000   0.0000000   0.0000000   0.0000000   0.0000000   0.0000000   0.0000000   0.0000000   0.0000000
   0.7275789   0.0000000   0.0000000   0.0000000   0.0000000   0.0000000   0.0000000   0.0000000   0.0000000   0.0000000   0.0000000
   0.7496267   0.0000000   0.0000000   0.0000000   0.0000000   0.0000000   0.0000000   0.0000000   0.0000000   0.0000000   0.0000000
   0.7716746   0.0000000   0.0000000   0.0000000   0.0000000   0.0000000   0.0000000   0.0000000   0.0000000   0.0000000   0.0000000
   0.7937224   0.0000000   0.0000000   0.0000000   0.0000000   0.0000000   0.0000000   0.0000000   0.0000000   0.0000000   0.0000000
   0.8157703   0.0000000   0.0000000   0.0000000   0.0000000   0.0000000   0.0000000   0.0000000   0.0000000   0.0000000   0.0000000
   0.8378181   0.0000000   0.0000000   0.0000000   0.0000000   0.0000000   0.0000000   0.0000000   0.0000000   0.0000000   0.0000000
   0.8598659   0.0000000   0.0000000   0.0000000   0.0000000   0.0000000   0.0000000   0.0000000   0.0000000   0.0000000   0.0000000
   0.8819138   0.0000000   0.0000000   0.0000000   0.0000000   0.0000000   0.0000000   0.0000000   0.0000000   0.0000000   0.0000000
   0.9039616   0.0000000   0.0000000   0.0000000   0.0000000   0.0000000   0.0000000   0.0000000   0.0000000   0.0000000   0.0000000
   0.9260095   0.0000000   0.0000000   0.0000000   0.0000000   0.0000000   0.0000000   0.0000000   0.0000000   0.0000000   0.0000000
   0.9480573   0.0000000   0.0000000   0.0000000   0.0000000   0.0000000   0.0000000   0.0000000   0.0000000   0.0000000   0.0000000
   0.9701052   0.0000000   0.0000000   0.0000000   0.0000000   0.0000000   0.0000000   0.0000000   0.0000000   0.0000000   0.0000000
   0.9921530   0.0000000   0.0000000   0.0000000   0.0000000   0.0000000   0.0000000   0.0000000   0.0000000   0.0000000   0.0000000
   1.0142009   0.0000000   0.0000000   0.0000000   0.0000000   0.0000000   0.0000000   0.0000000   0.0000000   0.0000000   0.0000000
   1.0362487   0.0000000   0.0000000   0.0000000   0.0000000   0.0000000   0.0000000   0.0000000   0.0000000   0.0000000   0.0000000
   1.0582965   0.0000000   0.0000000   0.0000000   0.0000000   0.0000000   0.0000000   0.0000000   0.0000000   0.0000000   0.0000000
   1.0803444   0.0000000   0.0000000   0.0000000   0.0000000   0.0000000   0.0000000   0.0000000   0.0000000   0.0000000   0.0000000
   1.1023922   0.0000000   0.0000000   0.0000000   0.0000000   0.0000000   0.0000000   0.0000000   0.0000000   0.0000000   0.0000000
   1.1244401   0.0000000   0.0000000   0.0000000   0.0000000   0.0000000   0.0000000   0.0000000   0.0000000   0.0000000   0.0000000
   1.1464879   0.0000000   0.0000000   0.0000000   0.0000000   0.0000000   0.0000000   0.0000000   0.0000000   0.0000000   0.0000000
   1.1685358   0.0000000   0.0000000   0.0000000   0.0000000   0.0000000   0.0000000   0.0000000   0.0000000   0.0000000   0.0000000
   1.1905836   0.0000000   0.0000000   0.0000000   0.0000000   0.0000000   0.0000000   0.0000000   0.0000000   0.0000000   0.0000000
   1.2126315   0.0000000   0.0000000   0.0000000   0.0000000   0.0000000   0.0000000   0.0000000   0.0000000   0.0000000   0.0000000
   1.2346793   0.0000000   0.0000000   0.0000000   0.0000000   0.0000000   0.0000000   0.0000000   0.0000000   0.0000000   0.0000000
   1.2567272   0.0000000   0.0000000   0.0000000   0.0000000   0.0000000   0.0000000   0.0000000   0.0000000   0.0000000   0.0000000
   1.2787750   0.0000000   0.0000000   0.0000000   0.0000000   0.0000000   0.0000000   0.0000000   0.0000000   0.0000000   0.0000000
   1.3008228   0.0000000   0.0000000   0.0000000   0.0000000   0.0000000   0.0000000   0.0000000   0.0000000   0.0000000   0.0000000
   1.3228707   0.0000000   0.0000000   0.0000000   0.0000000   0.0000000   0.0000000   0.0000000   0.0000000   0.0000000   0.0000000
   1.3449185   0.0000000   0.0000000   0.0000000   0.0000000   0.0000000   0.0000000   0.0000000   0.0000000   0.0000000   0.0000000
   1.3669664   0.0000000   0.0000000   0.0000000   0.0000000   0.0000000   0.0000000   0.0000000   0.0000000   0.0000000   0.0000000
   1.3890142   0.0000000   0.0000000   0.0000000   0.0000000   0.0000000   0.0000000   0.0000000   0.0000000   0.0000000   0.0000000
   1.4110621   0.0000000   0.0000000   0.0000000   0.0000000   0.0000000   0.0000000   0.0000000   0.0000000   0.0000000   0.0000000
   1.4331099   0.0000000   0.0000000   0.0000000   0.0000000   0.0000000   0.0000000   0.0000000   0.0000000   0.0000000   0.0000000
   1.4551578   0.0000000   0.0000000   0.0000000   0.0000000   0.0000000   0.0000000   0.0000000   0.0000000   0.0000000   0.0000000
   1.4772056   0.0000000   0.0000000   0.0000000   0.0000000   0.0000000   0.0000000   0.0000000   0.0000000   0.0000000   0.0000000
   1.4992534   0.0000000   0.0000000   0.0000000   0.0000000   0.0000000   0.0000000   0.0000000   0.0000000   0.0000000   0.0000000
   1.5213013   0.0000000   0.0000000   0.0000000   0.0000000   0.0000000   0.0000000   0.0000000   0.0000000   0.0000000   0.0000000
   1.5433491   0.0000000   0.0000000   0.0000000   0.0000000   0.0000000   0.0000000   0.0000000   0.0000000   0.0000000   0.0000000
   1.5653970   0.0000000   0.0000000   0.0000000   0.0000000   0.0000000   0.0000000   0.0000000   0.0000000   0.0000000   0.0000000
   1.5874448   0.0000000   0.0000000   0.0000000   0.0000000   0.0000000   0.0000000   0.0000000   0.0000000   0.0000000   0.0000000
   1.6094927   0.0000000   0.0000000   0.0000000   0.0000000   0.0000000   0.0000000   0.0000000   0.0000000   0.0000000   0.0000000
   1.6315405   0.0000000   0.0000000   0.0000000   0.0000000   0.0000000   0.0000000   0.0000000   0.0000000   0.0000000   0.0000001
   1.6535884   0.0000000   0.0000000   0.0000000   0.0000000   0.0000000   0.0000000   0.0000000   0.0000000   0.0000000   0.0000001
   1.6756362   0.0000000   0.0000000   0.0000000   0.0000000   0.0000000   0.0000000   0.0000000   0.0000000   0.0000000   0.0000001
   1.6976840   0.0000000   0.0000000   0.0000000   0.0000000   0.0000000   0.0000000   0.0000000   0.0000000   0.0000000   0.0000001
   1.7197319   0.0000000   0.0000000   0.0000000   0.0000000   0.0000000   0.0000000   0.0000000   0.0000000   0.0000000   0.0000002
   1.7417797   0.0000000   0.0000000   0.0000000   0.0000000   0.0000000   0.0000000   0.0000000   0.0000000   0.0000000   0.0000002
   1.7638276   0.0000000   0.0000000   0.0000000   0.0000000   0.0000000   0.0000000   0.0000000   0.0000000   0.0000000   0.0000003
   1.7858754   0.0000000   0.0000000   0.0000000   0.0000000   0.0000000   0.0000000   0.0000000   0.0000000   0.0000001   0.0000003
   1.8079233   0.0000000   0.0000000   0.0000000   0.0000000   0.0000000   0.0000000   0.0000000   0.0000000   0.0000001   0.0000004
   1.8299711   0.0000000   0.0000000   0.0000000   0.0000000   0.0000000   0.0000000   0.0000000   0.0000000   0.0000001   0.0000006
   1.8520190   0.0000000   0.0000000   0.0000000   0.0000000   0.0000000   0.0000000   0.0000000   0.0000000   0.0000001   0.0000007
   1.8740668   0.0000000   0.0000000   0.0000000   0.0000000   0.0000000   0.0000000   0.0000000   0.0000000   0.0000002   0.0000009
   1.8961147   0.0000000   0.0000000   0.0000000   0.0000000   0.0000000   0.0000000   0.0000000   0.0000000   0.0000002   0.0000011
   1.9181625   0.0000000   0.0000000   0.0000000   0.0000000   0.0000000   0.0000000   0.0000000   0.0000000   0.0000003   0.0000014
   1.9402103   0.0000000   0.0000000   0.0000000   0.0000000   0.0000000   0.0000000   0.0000000   0.0000001   0.0000004   0.0000018
   1.9622582   0.0000000   0.0000000   0.0000000   0.0000000   0.0000000   0.0000000   0.0000000   0.0000001   0.0000006   0.0000023
   1.9843060   0.0000000   0.0000000   0.0000000   0.0000000   0.0000000   0.0000000   0.0000000   0.0000001   0.0000007   0.0000029
   2.0063539   0.0000000   0.0000000   0.0000000   0.0000000   0.0000000   0.0000000   0.0000000   0.0000001   0.0000010   0.0000036
   2.0284017   0.0000000   0.0000000   0.0000000   0.0000000   0.0000000   0.0000000   0.0000000   0.0000002   0.0000012   0.0000044
   2.0504496   0.0000000   0.0000000   0.0000000   0.0000000   0.0000000   0.0000000   0.0000000   0.0000003   0.0000016   0.0000055
   2.0724974   0.0000000   0.0000000   0.0000000   0.0000000   0.0000000   0.0000000   0.0000000   0.0000004   0.0000021   0.0000067
   2.0945453   0.0000000   0.0000000   0.0000000   0.0000000   0.0000000   0.0000000   0.0000001   0.0000005   0.0000027   0.0000082
   2.1165931   0.0000000   0.0000000   0.0000000   0.0000000   0.0000000   0.0000000   0.0000001   0.0000007   0.0000034   0.0000101
   2.1386409   0.0000000   0.0000000   0.0000000   0.0000000   0.0000000   0.0000000   0.0000001   0.0000010   0.0000044   0.0000122
   2.1606888   0.0000000   0.0000000   0.0000000   0.0000000   0.0000000   0.0000000   0.0000002   0.0000014   0.0000055   0.0000148
   2.1827366   0.0000000   0.0000000   0.0000000   0.0000000   0.0000000   0.0000000   0.0000002   0.0000018   0.0000070   0.0000179
   2.2047845   0.0000000   0.0000000   0.0000000   0.0000000   0.0000000   0.0000000   0.0000004   0.0000024   0.0000088   0.0000215
   2.2268323   0.0000000   0.0000000   0.0000000   0.0000000   0.0000000   0.0000000   0.0000005   0.0000032   0.0000110   0.0000258
   2.2488802   0.0000000   0.0000000   0.0000000   0.0000000   0.0000000   0.0000000   0.0000007   0.0000042   0.0000136   0.0000308
   2.2709280   0.0000000   0.0000000   0.0000000   0.0000000   0.0000000   0.0000001   0.0000011   0.0000056   0.0000169   0.0000366
   2.2929759   0.0000000   0.0000000   0.0000000   0.0000000   0.0000000   0.0000001   0.0000015   0.0000072   0.0000208   0.0000433
   2.3150237   0.0000000   0.0000000   0.0000000   0.0000000   0.0000000   0.0000002   0.0000021   0.0000094   0.0000255   0.0000510
   2.3370715   0.0000000   0.0000000   0.0000000   0.0000000   0.0000000   0.0000003   0.0000029   0.0000120   0.0000311   0.0000599
   2.3591194   0.0000000   0.0000000   0.0000000   0.0000000   0.0000000   0.0000005   0.0000040   0.0000154   0.0000377   0.0000701
   2.3811672   0.0000000   0.0000000   0.0000000   0.0000000   0.0000000   0.0000007   0.0000055   0.0000196   0.0000456   0.0000817
   2.4032151   0.0000000   0.0000000   0.0000000   0.0000000   0.0000000   0.0000011   0.0000074   0.0000247   0.0000548   0.0000949
   2.4252629   0.0000000   0.0000000   0.0000000   0.0000000   0.0000001   0.0000017   0.0000100   0.0000310   0.0000656   0.0001097
   2.4473108   0.0000000   0.0000000   0.0000000   0.0000000   0.0000001   0.0000025   0.0000133   0.0000387   0.0000781   0.0001264
   2.4693586   0.0000000   0.0000000   0.0000000   0.0000000   0.0000002   0.0000036   0.0000177   0.0000479   0.0000925   0.0001451
   2.4914065   0.0000000   0.0000000   0.0000000   0.0000000   0.0000004   0.0000052   0.0000232   0.0000591   0.0001091   0.0001658
   2.5134543   0.0000000   0.0000000   0.0000000   0.0000000   0.0000007   0.0000075   0.0000303   0.0000723   0.0001281   0.0001888
   2.5355022   0.0000000   0.0000000   0.0000000   0.0000000   0.0000011   0.0000106   0.0000391   0.0000881   0.0001497   0.0002141
   2.5575500   0.0000000   0.0000000   0.0000000   0.0000000   0.0000019   0.0000149   0.0000502   0.0001066   0.0001740   0.0002419
   2.5795978   0.0000000   0.0000000   0.0000000   0.0000001   0.0000030   0.0000207   0.0000639   0.0001282   0.0002013   0.0002722
   2.6016457   0.0000000   0.0000000   0.0000000   0.0000002   0.0000047   0.0000285   0.0000806   0.0001532   0.0002318   0.0003052
   2.6236935   0.0000000   0.0000000   0.0000000   0.0000003   0.0000073   0.0000387   0.0001010   0.0001821   0.0002656   0.0003408
   2.6457414   0.0000000   0.0000000   0.0000000   0.0000006   0.0000112   0.0000520   0.0001255   0.0002150   0.0003030   0.0003791
   2.6677892   0.0000000   0.0000000   0.0000000   0.0000011   0.0000169   0.0000692   0.0001547   0.0002524   0.0003439   0.0004200
   2.6898371   0.0000000   0.0000000   0.0000000   0.0000021   0.0000251   0.0000910   0.0001893   0.0002945   0.0003884   0.0004636
   2.7118849   0.0000000   0.0000000   0.0000000   0.0000038   0.0000366   0.0001184   0.0002297   0.0003415   0.0004366   0.0005097
   2.7339328   0.0000000   0.0000000   0.0000001   0.0000067   0.0000527   0.0001524   0.0002765   0.0003936   0.0004885   0.0005582
   2.7559806   0.0000000   0.0000000   0.0000002   0.0000115   0.0000747   0.0001940   0.0003302   0.0004510   0.0005439   0.0006089
   2.7780284   0.0000000   0.0000000   0.0000004   0.0000193   0.0001041   0.0002444   0.0003913   0.0005135   0.0006027   0.0006617
   2.8000763   0.0000000   0.0000000   0.0000010   0.0000317   0.0001429   0.0003046   0.0004600   0.0005812   0.0006646   0.0007163
   2.8221241   0.0000000   0.0000000   0.0000023   0.0000508   0.0001932   0.0003756   0.0005364   0.0006538   0.0007294   0.0007724
   2.8441720   0.0000000   0.0000000   0.0000052   0.0000794   0.0002572   0.0004580   0.0006207   0.0007311   0.0007967   0.0008296
   2.8662198   0.0000000   0.0000000   0.0000109   0.0001211   0.0003370   0.0005526   0.0007124   0.0008125   0.0008660   0.0008876
   2.8882677   0.0000000   0.0000000   0.0000222   0.0001804   0.0004348   0.0006596   0.0008113   0.0008975   0.0009369   0.0009459
   2.9103155   0.0000000   0.0000002   0.0000431   0.0002621   0.0005523   0.0007788   0.0009166   0.0009854   0.0010087   0.0010042
   2.9323634   0.0000000   0.0000007   0.0000803   0.0003718   0.0006907   0.0009096   0.0010274   0.0010754   0.0010808   0.0010620
   2.9544112   0.0000000   0.0000024   0.0001431   0.0005146   0.0008504   0.0010510   0.0011425   0.0011664   0.0011525   0.0011187
   2.9764590   0.0000000   0.0000081   0.0002443   0.0006952   0.0010310   0.0012014   0.0012605   0.0012575   0.0012230   0.0011739
   2.9985069   0.0000000   0.0000245   0.0003995   0.0009167   0.0012306   0.0013585   0.0013796   0.0013475   0.0012917   0.0012270
   3.0205547   0.0000000   0.0000673   0.0006255   0.0011797   0.0014462   0.0015196   0.0014980   0.0014352   0.0013577   0.0012775
   3.0426026   0.0000000   0.0001675   0.0009380   0.0014817   0.0016733   0.0016816   0.0016137   0.0015194   0.0014202   0.0013249
   3.0646504   0.0000001   0.0003782   0.0013471   0.0018163   0.0019062   0.0018409   0.0017247   0.0015987   0.0014785   0.0013688
   3.0866983   0.0000016   0.0007748   0.0018528   0.0021730   0.0021380   0.0019936   0.0018287   0.0016720   0.0015318   0.0014087
   3.1087461   0.0000187   0.0014403   0.0024407   0.0025373   0.0023610   0.0021358   0.0019236   0.0017381   0.0015794   0.0014440
   3.1307940   0.0001513   0.0024294   0.0030791   0.0028916   0.0025670   0.0022636   0.0020075   0.0017958   0.0016207   0.0014745
   3.1528418   0.0008302   0.0037181   0.0037202   0.0032162   0.0027478   0.0023732   0.0020784   0.0018442   0.0016551   0.0014999
   3.1748896   0.0030874   0.0051633   0.0043047   0.0034913   0.0028961   0.0024613   0.0021349   0.0018825   0.0016822   0.0015197
   3.1969375   0.0077824   0.0065059   0.0047704   0.0036990   0.0030052   0.0025254   0.0021756   0.0019099   0.0017015   0.0015338
   3.2189853   0.0132966   0.0074381   0.0050629   0.0038249   0.0030703   0.0025632   0.0021995   0.0019259   0.0017128   0.0015420
   3.2410332   0.0153984   0.0077161   0.0051462   0.0038602   0.0030883   0.0025737   0.0022061   0.0019303   0.0017159   0.0015443
   3.2630810   0.0120871   0.0072629   0.0050096   0.0038022   0.0030586   0.0025565   0.0021952   0.0019231   0.0017108   0.0015406
   3.2851289   0.0064310   0.0062030   0.0046704   0.0036552   0.0029823   0.0025120   0.0021671   0.0019042   0.0016975   0.0015309
   3.3071767   0.0023192   0.0048069   0.0041700   0.0034294   0.0028631   0.0024419   0.0021225   0.0018741   0.0016762   0.0015153
   3.3292246   0.0005669   0.0033799   0.0035658   0.0031404   0.0027062   0.0023482   0.0020623   0.0018333   0.0016473   0.0014941
   3.3512724   0.0000939   0.0021564   0.0029202   0.0028067   0.0025185   0.0022338   0.0019880   0.0017825   0.0016112   0.0014675
   3.3733203   0.0000105   0.0012483   0.0022903   0.0024482   0.0023076   0.0021021   0.0019013   0.0017226   0.0015683   0.0014358
   3.3953681   0.0000008   0.0006557   0.0017204   0.0020842   0.0020817   0.0019570   0.0018039   0.0016547   0.0015192   0.0013993
   3.4174159   0.0000000   0.0003125   0.0012376   0.0017317   0.0018489   0.0018023   0.0016980   0.0015798   0.0014646   0.0013584
   3.4394638   0.0000000   0.0001351   0.0008526   0.0014043   0.0016168   0.0016420   0.0015857   0.0014992   0.0014052   0.0013136
   3.4615116   0.0000000   0.0000530   0.0005626   0.0011114   0.0013921   0.0014799   0.0014691   0.0014140   0.0013418   0.0012654
   3.4835595   0.0000000   0.0000189   0.0003555   0.0008585   0.0011800   0.0013195   0.0013503   0.0013256   0.0012751   0.0012142
   3.5056073   0.0000000   0.0000061   0.0002152   0.0006472   0.0009849   0.0011638   0.0012314   0.0012352   0.0012059   0.0011605
   3.5276552   0.0000000   0.0000018   0.0001247   0.0004762   0.0008093   0.0010154   0.0011140   0.0011440   0.0011349   0.0011049
   3.5497030   0.0000000   0.0000005   0.0000692   0.0003420   0.0006547   0.0008765   0.0009998   0.0010532   0.0010631   0.0010479
   3.5717509   0.0000000   0.0000001   0.0000368   0.0002397   0.0005215   0.0007484   0.0008903   0.0009636   0.0009910   0.0009900
   3.5937987   0.0000000   0.0000000   0.0000187   0.0001640   0.0004090   0.0006322   0.0007865   0.0008763   0.0009194   0.0009316
   3.6158465   0.0000000   0.0000000   0.0000091   0.0001095   0.0003158   0.0005283   0.0006893   0.0007922   0.0008489   0.0008733
   3.6378944   0.0000000   0.0000000   0.0000043   0.0000713   0.0002401   0.0004367   0.0005993   0.0007117   0.0007800   0.0008155
   3.6599422   0.0000000   0.0000000   0.0000019   0.0000454   0.0001797   0.0003571   0.0005170   0.0006356   0.0007133   0.0007585
   3.6819901   0.0000000   0.0000000   0.0000008   0.0000282   0.0001324   0.0002889   0.0004424   0.0005641   0.0006492   0.0007028
   3.7040379   0.0000000   0.0000000   0.0000003   0.0000171   0.0000961   0.0002312   0.0003756   0.0004977   0.0005880   0.0006486
   3.7260858   0.0000000   0.0000000   0.0000001   0.0000101   0.0000686   0.0001831   0.0003164   0.0004364   0.0005300   0.0005963
   3.7481336   0.0000000   0.0000000   0.0000000   0.0000058   0.0000483   0.0001434   0.0002644   0.0003804   0.0004755   0.0005461
   3.7701815   0.0000000   0.0000000   0.0000000   0.0000033   0.0000334   0.0001111   0.0002192   0.0003295   0.0004245   0.0004982
   3.7922293   0.0000000   0.0000000   0.0000000   0.0000018   0.0000228   0.0000851   0.0001803   0.0002837   0.0003772   0.0004527
   3.8142771   0.0000000   0.0000000   0.0000000   0.0000010   0.0000153   0.0000646   0.0001471   0.0002428   0.0003335   0.0004098
   3.8363250   0.0000000   0.0000000   0.0000000   0.0000005   0.0000101   0.0000484   0.0001191   0.0002065   0.0002935   0.0003695
   3.8583728   0.0000000   0.0000000   0.0000000   0.0000003   0.0000066   0.0000359   0.0000956   0.0001746   0.0002570   0.0003319
   3.8804207   0.0000000   0.0000000   0.0000000   0.0000001   0.0000042   0.0000264   0.0000762   0.0001468   0.0002240   0.0002970
   3.9024685   0.0000000   0.0000000   0.0000000   0.0000001   0.0000027   0.0000191   0.0000602   0.0001226   0.0001943   0.0002648
   3.9245164   0.0000000   0.0000000   0.0000000   0.0000000   0.0000017   0.0000138   0.0000472   0.0001018   0.0001678   0.0002351
   3.9465642   0.0000000   0.0000000   0.0000000   0.0000000   0.0000010   0.0000098   0.0000368   0.0000840   0.0001442   0.0002080
   3.9686121   0.0000000   0.0000000   0.0000000   0.0000000   0.0000006   0.0000069   0.0000284   0.0000689   0.0001233   0.0001834
   3.9906599   0.0000000   0.0000000   0.0000000   0.0000000   0.0000004   0.0000048   0.0000217   0.0000562   0.0001049   0.0001611
   4.0127078   0.0000000   0.0000000   0.0000000   0.0000000   0.0000002   0.0000033   0.0000165   0.0000455   0.0000889   0.0001411
   4.0347556   0.0000000   0.0000000   0.0000000   0.0000000   0.0000001   0.0000022   0.0000124   0.0000367   0.0000750   0.0001232
   4.0568034   0.0000000   0.0000000   0.0000000   0.0000000   0.0000001   0.0000015   0.0000093   0.0000293   0.0000630   0.0001072
   4.0788513   0.0000000   0.0000000   0.0000000   0.0000000   0.0000000   0.0000010   0.0000069   0.0000234   0.0000527   0.0000932
   4.1008991   0.0000000   0.0000000   0.0000000   0.0000000   0.0000000   0.0000007   0.0000051   0.0000185   0.0000439   0.0000809
   4.1229470   0.0000000   0.0000000   0.0000000   0.0000000   0.0000000   0.0000004   0.0000037   0.0000146   0.0000365   0.0000702
   4.1449948   0.0000000   0.0000000   0.0000000   0.0000000   0.0000000   0.0000003   0.0000027   0.0000114   0.0000303   0.0000611
   4.1670427   0.0000000   0.0000000   0.0000000   0.0000000   0.0000000   0.0000002   0.0000019   0.0000089   0.0000252   0.0000534
   4.1890905   0.0000000   0.0000000   0.0000000   0.0000000   0.0000000   0.0000001   0.0000014   0.0000070   0.0000210   0.0000471
   4.2111384   0.0000000   0.0000000   0.0000000   0.0000000   0.0000000   0.0000001   0.0000010   0.0000054   0.0000177   0.0000420
   4.2331862   0.0000000   0.0000000   0.0000000   0.0000000   0.0000000   0.0000000   0.0000007   0.0000043   0.0000152   0.0000381
   4.2552340   0.0000000   0.0000000   0.0000000   0.0000000   0.0000000   0.0000000   0.0000005   0.0000035   0.0000133   0.0000355
   4.2772819   0.0000000   0.0000000   0.0000000   0.0000000   0.0000000   0.0000000   0.0000004   0.0000029   0.0000121   0.0000339
   4.2993297   0.0000000   0.0000000   0.0000000   0.0000000   0.0000000   0.0000000   0.0000003   0.0000026   0.0000115   0.0000336
   4.3213776   0.0000000   0.0000000   0.0000000   0.0000000   0.0000000   0.0000000   0.0000003   0.0000025   0.0000116   0.0000345
   4.3434254   0.0000000   0.0000000   0.0000000   0.0000000   0.0000000   0.0000000   0.0000003   0.0000026   0.0000123   0.0000365
   4.3654733   0.0000000   0.0000000   0.0000000   0.0000000   0.0000000   0.0000000   0.0000003   0.0000030   0.0000137   0.0000399
   4.3875211   0.0000000   0.0000000   0.0000000   0.0000000   0.0000000   0.0000000   0.0000004   0.0000036   0.0000158   0.0000447
   4.4095690   0.0000000   0.0000000   0.0000000   0.0000000   0.0000000   0.0000000   0.0000006   0.0000045   0.0000188   0.0000511
   4.4316168   0.0000000   0.0000000   0.0000000   0.0000000   0.0000000   0.0000000   0.0000008   0.0000058   0.0000227   0.0000591
   4.4536646   0.0000000   0.0000000   0.0000000   0.0000000   0.0000000   0.0000001   0.0000011   0.0000076   0.0000277   0.0000690
   4.4757125   0.0000000   0.0000000   0.0000000   0.0000000   0.0000000   0.0000001   0.0000016   0.0000100   0.0000341   0.0000809
   4.4977603   0.0000000   0.0000000   0.0000000   0.0000000   0.0000000   0.0000002   0.0000023   0.0000130   0.0000419   0.0000951
   4.5198082   0.0000000   0.0000000   0.0000000   0.0000000   0.0000000   0.0000002   0.0000033   0.0000170   0.0000515   0.0001119
   4.5418560   0.0000000   0.0000000   0.0000000   0.0000000   0.0000000   0.0000004   0.0000046   0.0000221   0.0000631   0.0001316
   4.5639039   0.0000000   0.0000000   0.0000000   0.0000000   0.0000000   0.0000006   0.0000064   0.0000285   0.0000771   0.0001544
   4.5859517   0.0000000   0.0000000   0.0000000   0.0000000   0.0000000   0.0000010   0.0000089   0.0000366   0.0000939   0.0001808
   4.6079996   0.0000000   0.0000000   0.0000000   0.0000000   0.0000000   0.0000015   0.0000123   0.0000467   0.0001138   0.0002110
   4.6300474   0.0000000   0.0000000   0.0000000   0.0000000   0.0000001   0.0000023   0.0000168   0.0000593   0.0001373   0.0002454
   4.6520952   0.0000000   0.0000000   0.0000000   0.0000000   0.0000001   0.0000034   0.0000227   0.0000748   0.0001649   0.0002845
   4.6741431   0.0000000   0.0000000   0.0000000   0.0000000   0.0000003   0.0000052   0.0000305   0.0000938   0.0001971   0.0003286
   4.6961909   0.0000000   0.0000000   0.0000000   0.0000000   0.0000004   0.0000076   0.0000407   0.0001169   0.0002346   0.0003782
   4.7182388   0.0000000   0.0000000   0.0000000   0.0000000   0.0000008   0.0000112   0.0000539   0.0001448   0.0002778   0.0004336
   4.7402866   0.0000000   0.0000000   0.0000000   0.0000000   0.0000013   0.0000161   0.0000707   0.0001783   0.0003274   0.0004953
   4.7623345   0.0000000   0.0000000   0.0000000   0.0000000   0.0000022   0.0000231   0.0000920   0.0002181   0.0003840   0.0005636
   4.7843823   0.0000000   0.0000000   0.0000000   0.0000001   0.0000036   0.0000327   0.0001189   0.0002653   0.0004483   0.0006388
   4.8064302   0.0000000   0.0000000   0.0000000   0.0000001   0.0000058   0.0000459   0.0001523   0.0003208   0.0005208   0.0007213
   4.8284780   0.0000000   0.0000000   0.0000000   0.0000002   0.0000093   0.0000636   0.0001936   0.0003855   0.0006022   0.0008112
   4.8505259   0.0000000   0.0000000   0.0000000   0.0000005   0.0000147   0.0000872   0.0002441   0.0004604   0.0006929   0.0009089
   4.8725737   0.0000000   0.0000000   0.0000000   0.0000010   0.0000228   0.0001184   0.0003055   0.0005466   0.0007935   0.0010143
   4.8946215   0.0000000   0.0000000   0.0000000   0.0000019   0.0000349   0.0001588   0.0003792   0.0006450   0.0009043   0.0011276
   4.9166694   0.0000000   0.0000000   0.0000000   0.0000036   0.0000524   0.0002109   0.0004669   0.0007565   0.0010257   0.0012488
   4.9387172   0.0000000   0.0000000   0.0000000   0.0000067   0.0000776   0.0002770   0.0005705   0.0008818   0.0011579   0.0013775
   4.9607651   0.0000000   0.0000000   0.0000001   0.0000120   0.0001132   0.0003599   0.0006915   0.0010217   0.0013007   0.0015136
   4.9828129   0.0000000   0.0000000   0.0000002   0.0000212   0.0001625   0.0004625   0.0008315   0.0011767   0.0014542   0.0016568
   5.0048608   0.0000000   0.0000000   0.0000006   0.0000363   0.0002296   0.0005881   0.0009920   0.0013469   0.0016181   0.0018064
   5.0269086   0.0000000   0.0000000   0.0000014   0.0000609   0.0003195   0.0007397   0.0011741   0.0015324   0.0017917   0.0019619
   5.0489565   0.0000000   0.0000000   0.0000033   0.0000996   0.0004377   0.0009204   0.0013786   0.0017329   0.0019745   0.0021225
   5.0710043   0.0000000   0.0000000   0.0000077   0.0001589   0.0005904   0.0011330   0.0016060   0.0019477   0.0021656   0.0022874
   5.0930521   0.0000000   0.0000000   0.0000169   0.0002475   0.0007840   0.0013797   0.0018560   0.0021759   0.0023637   0.0024555
   5.1151000   0.0000000   0.0000000   0.0000355   0.0003763   0.0010251   0.0016621   0.0021281   0.0024162   0.0025676   0.0026257
   5.1371478   0.0000000   0.0000001   0.0000717   0.0005584   0.0013196   0.0019807   0.0024208   0.0026667   0.0027758   0.0027968
   5.1591957   0.0000000   0.0000006   0.0001385   0.0008086   0.0016725   0.0023350   0.0027319   0.0029253   0.0029864   0.0029676
   5.1812435   0.0000000   0.0000024   0.0002562   0.0011429   0.0020871   0.0027231   0.0030586   0.0031896   0.0031976   0.0031365
   5.2032914   0.0000000   0.0000085   0.0004538   0.0015765   0.0025642   0.0031417   0.0033974   0.0034567   0.0034074   0.0033021
   5.2253392   0.0000000   0.0000280   0.0007700   0.0021225   0.0031018   0.0035856   0.0037439   0.0037235   0.0036136   0.0034630
   5.2473871   0.0000000   0.0000835   0.0012512   0.0027890   0.0036941   0.0040483   0.0040930   0.0039866   0.0038138   0.0036177
   5.2694349   0.0000000   0.0002259   0.0019471   0.0035768   0.0043316   0.0045216   0.0044394   0.0042424   0.0040059   0.0037646
   5.2914827   0.0000000   0.0005544   0.0029019   0.0044769   0.0050008   0.0049959   0.0047770   0.0044873   0.0041876   0.0039023
   5.3135306   0.0000004   0.0012347   0.0041422   0.0054689   0.0056843   0.0054607   0.0050996   0.0047175   0.0043564   0.0040293
   5.3355784   0.0000067   0.0024949   0.0056624   0.0065204   0.0063614   0.0059046   0.0054010   0.0049296   0.0045104   0.0041442
   5.3576263   0.0000755   0.0045742   0.0074132   0.0075874   0.0070093   0.0063160   0.0056750   0.0051199   0.0046475   0.0042460
   5.3796741   0.0005785   0.0076096   0.0092950   0.0086169   0.0076040   0.0066835   0.0059158   0.0052854   0.0047658   0.0043333
   5.4017220   0.0030033   0.0114864   0.0111616   0.0095512   0.0081219   0.0069964   0.0061180   0.0054232   0.0048637   0.0044053
   5.4237698   0.0105680   0.0157320   0.0128362   0.0103325   0.0085411   0.0072452   0.0062771   0.0055308   0.0049398   0.0044610
   5.4458177   0.0252056   0.0195505   0.0141378   0.0109094   0.0088433   0.0074223   0.0063895   0.0056065   0.0049931   0.0045000
   5.4678655   0.0407483   0.0220451   0.0149128   0.0112419   0.0090148   0.0075220   0.0064524   0.0056487   0.0050228   0.0045216
   5.4899134   0.0446509   0.0225549   0.0150651   0.0113063   0.0090478   0.0075411   0.0064645   0.0056568   0.0050285   0.0045258
   5.5119612   0.0331635   0.0209387   0.0145754   0.0110981   0.0089408   0.0074791   0.0064254   0.0056306   0.0050100   0.0045123
   5.5340090   0.0166955   0.0176374   0.0135053   0.0106321   0.0086987   0.0073379   0.0063360   0.0055705   0.0049678   0.0044815
   5.5560569   0.0056970   0.0134802   0.0119845   0.0099411   0.0083325   0.0071219   0.0061985   0.0054777   0.0049023   0.0044335
   5.5781047   0.0013177   0.0093484   0.0101852   0.0090718   0.0078586   0.0068381   0.0060160   0.0053538   0.0048145   0.0043691
   5.6001526   0.0002066   0.0058824   0.0082900   0.0080798   0.0072972   0.0064950   0.0057928   0.0052010   0.0047056   0.0042889
   5.6222004   0.0000220   0.0033585   0.0064621   0.0070234   0.0066713   0.0061029   0.0055337   0.0050220   0.0045771   0.0041938
   5.6442483   0.0000016   0.0017399   0.0048242   0.0059586   0.0060049   0.0056728   0.0052444   0.0048197   0.0044309   0.0040849
   5.6662961   0.0000001   0.0008178   0.0034492   0.0049338   0.0053217   0.0052164   0.0049310   0.0045976   0.0042687   0.0039634
   5.6883440   0.0000000   0.0003488   0.0023618   0.0039871   0.0046435   0.0047452   0.0045997   0.0043592   0.0040928   0.0038306
   5.7103918   0.0000000   0.0001350   0.0015488   0.0031447   0.0039891   0.0042701   0.0042567   0.0041080   0.0039054   0.0036879
   5.7324396   0.0000000   0.0000474   0.0009727   0.0024208   0.0033740   0.0038014   0.0039081   0.0038479   0.0037086   0.0035367
   5.7544875   0.0000000   0.0000151   0.0005851   0.0018187   0.0028098   0.0033477   0.0035597   0.0035825   0.0035050   0.0033785
   5.7765353   0.0000000   0.0000044   0.0003370   0.0013336   0.0023038   0.0029165   0.0032167   0.0033151   0.0032966   0.0032149
   5.7985832   0.0000000   0.0000011   0.0001859   0.0009544   0.0018597   0.0025135   0.0028839   0.0030491   0.0030858   0.0030473
   5.8206310   0.0000000   0.0000003   0.0000982   0.0006666   0.0014781   0.0021430   0.0025650   0.0027875   0.0028746   0.0028773
   5.8426789   0.0000000   0.0000001   0.0000497   0.0004544   0.0011566   0.0018074   0.0022633   0.0025328   0.0026651   0.0027062
   5.8647267   0.0000000   0.0000000   0.0000241   0.0003023   0.0008911   0.0015080   0.0019813   0.0022875   0.0024590   0.0025354
   5.8867746   0.0000000   0.0000000   0.0000112   0.0001963   0.0006760   0.0012447   0.0017208   0.0020535   0.0022580   0.0023661
   5.9088224   0.0000000   0.0000000   0.0000050   0.0001244   0.0005048   0.0010163   0.0014827   0.0018322   0.0020634   0.0021996
   5.9308702   0.0000000   0.0000000   0.0000021   0.0000770   0.0003712   0.0008209   0.0012674   0.0016248   0.0018766   0.0020369
   5.9529181   0.0000000   0.0000000   0.0000009   0.0000465   0.0002688   0.0006560   0.0010749   0.0014322   0.0016986   0.0018789
   5.9749659   0.0000000   0.0000000   0.0000003   0.0000274   0.0001916   0.0005185   0.0009044   0.0012548   0.0015300   0.0017264
   5.9970138   0.0000000   0.0000000   0.0000001   0.0000157   0.0001344   0.0004055   0.0007549   0.0010927   0.0013716   0.0015801
   6.0190616   0.0000000   0.0000000   0.0000000   0.0000088   0.0000929   0.0003137   0.0006251   0.0009458   0.0012237   0.0014406
   6.0411095   0.0000000   0.0000000   0.0000000   0.0000048   0.0000632   0.0002401   0.0005136   0.0008136   0.0010865   0.0013084
   6.0631573   0.0000000   0.0000000   0.0000000   0.0000026   0.0000423   0.0001817   0.0004186   0.0006957   0.0009601   0.0011836
   6.0852052   0.0000000   0.0000000   0.0000000   0.0000013   0.0000279   0.0001361   0.0003385   0.0005913   0.0008443   0.0010666
   6.1072530   0.0000000   0.0000000   0.0000000   0.0000007   0.0000181   0.0001008   0.0002715   0.0004995   0.0007390   0.0009575
   6.1293009   0.0000000   0.0000000   0.0000000   0.0000003   0.0000116   0.0000739   0.0002161   0.0004194   0.0006437   0.0008562
   6.1513487   0.0000000   0.0000000   0.0000000   0.0000002   0.0000073   0.0000536   0.0001707   0.0003500   0.0005579   0.0007626
   6.1733965   0.0000000   0.0000000   0.0000000   0.0000001   0.0000045   0.0000384   0.0001337   0.0002903   0.0004813   0.0006767
   6.1954444   0.0000000   0.0000000   0.0000000   0.0000000   0.0000028   0.0000273   0.0001039   0.0002394   0.0004133   0.0005981
   6.2174922   0.0000000   0.0000000   0.0000000   0.0000000   0.0000017   0.0000191   0.0000801   0.0001962   0.0003531   0.0005266
   6.2395401   0.0000000   0.0000000   0.0000000   0.0000000   0.0000010   0.0000133   0.0000613   0.0001598   0.0003003   0.0004619
   6.2615879   0.0000000   0.0000000   0.0000000   0.0000000   0.0000006   0.0000091   0.0000465   0.0001294   0.0002541   0.0004036
   6.2836358   0.0000000   0.0000000   0.0000000   0.0000000   0.0000003   0.0000062   0.0000350   0.0001041   0.0002141   0.0003513
   6.3056836   0.0000000   0.0000000   0.0000000   0.0000000   0.0000002   0.0000042   0.0000262   0.0000833   0.0001794   0.0003047
   6.3277315   0.0000000   0.0000000   0.0000000   0.0000000   0.0000001   0.0000028   0.0000194   0.0000662   0.0001497   0.0002634
   6.3497793   0.0000000   0.0000000   0.0000000   0.0000000   0.0000001   0.0000018   0.0000143   0.0000523   0.0001243   0.0002268
   6.3718271   0.0000000   0.0000000   0.0000000   0.0000000   0.0000000   0.0000012   0.0000104   0.0000411   0.0001028   0.0001948
   6.3938750   0.0000000   0.0000000   0.0000000   0.0000000   0.0000000   0.0000008   0.0000075   0.0000321   0.0000846   0.0001668
   6.4159228   0.0000000   0.0000000   0.0000000   0.0000000   0.0000000   0.0000005   0.0000054   0.0000249   0.0000694   0.0001426
   6.4379707   0.0000000   0.0000000   0.0000000   0.0000000   0.0000000   0.0000003   0.0000039   0.0000192   0.0000567   0.0001217
   6.4600185   0.0000000   0.0000000   0.0000000   0.0000000   0.0000000   0.0000002   0.0000027   0.0000148   0.0000462   0.0001039
   6.4820664   0.0000000   0.0000000   0.0000000   0.0000000   0.0000000   0.0000001   0.0000019   0.0000113   0.0000376   0.0000889
   6.5041142   0.0000000   0.0000000   0.0000000   0.0000000   0.0000000   0.0000001   0.0000013   0.0000086   0.0000306   0.0000765
   6.5261621   0.0000000   0.0000000   0.0000000   0.0000000   0.0000000   0.0000001   0.0000009   0.0000065   0.0000250   0.0000664
   6.5482099   0.0000000   0.0000000   0.0000000   0.0000000   0.0000000   0.0000000   0.0000007   0.0000050   0.0000207   0.0000586
   6.5702577   0.0000000   0.0000000   0.0000000   0.0000000   0.0000000   0.0000000   0.0000005   0.0000039   0.0000175   0.0000527
   6.5923056   0.0000000   0.0000000   0.0000000   0.0000000   0.0000000   0.0000000   0.0000003   0.0000031   0.0000152   0.0000488
   6.6143534   0.0000000   0.0000000   0.0000000   0.0000000   0.0000000   0.0000000   0.0000002   0.0000025   0.0000138   0.0000469
   6.6364013   0.0000000   0.0000000   0.0000000   0.0000000   0.0000000   0.0000000   0.0000002   0.0000023   0.0000132   0.0000468
   6.6584491   0.0000000   0.0000000   0.0000000   0.0000000   0.0000000   0.0000000   0.0000002   0.0000022   0.0000135   0.0000487
   6.6804970   0.0000000   0.0000000   0.0000000   0.0000000   0.0000000   0.0000000   0.0000002   0.0000024   0.0000147   0.0000527
   6.7025448   0.0000000   0.0000000   0.0000000   0.0000000   0.0000000   0.0000000   0.0000002   0.0000029   0.0000169   0.0000588
   6.7245927   0.0000000   0.0000000   0.0000000   0.0000000   0.0000000   0.0000000   0.0000003   0.0000036   0.0000201   0.0000674
   6.7466405   0.0000000   0.0000001   0.0000001   0.0000001   0.0000000   0.0000000   0.0000004   0.0000047   0.0000246   0.0000787
   6.7686883   0.0000000   0.0000001   0.0000001   0.0000001   0.0000000   0.0000001   0.0000006   0.0000063   0.0000305   0.0000929
   6.7907362   0.0000001   0.0000001   0.0000001   0.0000001   0.0000000   0.0000001   0.0000009   0.0000085   0.0000382   0.0001106
   6.8127840   0.0000002   0.0000001   0.0000001   0.0000001   0.0000001   0.0000001   0.0000014   0.0000114   0.0000479   0.0001322
   6.8348319   0.0000003   0.0000001   0.0000001   0.0000001   0.0000001   0.0000001   0.0000020   0.0000152   0.0000601   0.0001582
   6.8568797   0.0000002   0.0000001   0.0000001   0.0000001   0.0000001   0.0000002   0.0000029   0.0000203   0.0000753   0.0001892
   6.8789276   0.0000001   0.0000001   0.0000001   0.0000001   0.0000001   0.0000003   0.0000042   0.0000269   0.0000940   0.0002260
   6.9009754   0.0000000   0.0000001   0.0000001   0.0000001   0.0000001   0.0000004   0.0000060   0.0000355   0.0001170   0.0002693
   6.9230233   0.0000000   0.0000001   0.0000001   0.0000001   0.0000001   0.0000006   0.0000086   0.0000466   0.0001449   0.0003199
   6.9450711   0.0000000   0.0000000   0.0000000   0.0000000   0.0000001   0.0000010   0.0000122   0.0000608   0.0001787   0.0003788
   6.9671190   0.0000000   0.0000000   0.0000000   0.0000000   0.0000001   0.0000016   0.0000171   0.0000789   0.0002194   0.0004471
   6.9891668   0.0000000   0.0000000   0.0000000   0.0000000   0.0000001   0.0000024   0.0000238   0.0001017   0.0002681   0.0005257
   7.0112146   0.0000000   0.0000000   0.0000000   0.0000000   0.0000001   0.0000038   0.0000329   0.0001302   0.0003261   0.0006159
   7.0332625   0.0000000   0.0000000   0.0000000   0.0000000   0.0000002   0.0000058   0.0000451   0.0001659   0.0003947   0.0007188
   7.0553103   0.0000000   0.0000000   0.0000000   0.0000000   0.0000003   0.0000088   0.0000613   0.0002100   0.0004755   0.0008358
   7.0773582   0.0000000   0.0000000   0.0000000   0.0000000   0.0000006   0.0000132   0.0000828   0.0002642   0.0005702   0.0009680
   7.0994060   0.0000000   0.0000000   0.0000000   0.0000000   0.0000010   0.0000196   0.0001109   0.0003303   0.0006803   0.0011169
   7.1214539   0.0000000   0.0000000   0.0000000   0.0000000   0.0000018   0.0000288   0.0001473   0.0004106   0.0008079   0.0012837
   7.1435017   0.0000000   0.0000000   0.0000000   0.0000000   0.0000031   0.0000420   0.0001941   0.0005073   0.0009548   0.0014697
   7.1655496   0.0000000   0.0000000   0.0000000   0.0000001   0.0000052   0.0000605   0.0002538   0.0006230   0.0011230   0.0016761
   7.1875974   0.0000000   0.0000000   0.0000000   0.0000001   0.0000087   0.0000862   0.0003293   0.0007603   0.0013145   0.0019041
   7.2096452   0.0000000   0.0000000   0.0000000   0.0000002   0.0000142   0.0001215   0.0004238   0.0009224   0.0015314   0.0021547
   7.2316931   0.0000000   0.0000000   0.0000000   0.0000005   0.0000229   0.0001694   0.0005412   0.0011123   0.0017754   0.0024289
   7.2537409   0.0000000   0.0000000   0.0000000   0.0000011   0.0000365   0.0002337   0.0006856   0.0013330   0.0020485   0.0027273
   7.2757888   0.0000000   0.0000000   0.0000000   0.0000021   0.0000571   0.0003190   0.0008617   0.0015880   0.0023523   0.0030505
   7.2978366   0.0000000   0.0000000   0.0000000   0.0000042   0.0000879   0.0004308   0.0010744   0.0018802   0.0026881   0.0033988
   7.3198845   0.0000000   0.0000000   0.0000000   0.0000081   0.0001334   0.0005754   0.0013290   0.0022128   0.0030573   0.0037722
   7.3419323   0.0000000   0.0000000   0.0000000   0.0000151   0.0001993   0.0007604   0.0016310   0.0025883   0.0034604   0.0041703
   7.3639802   0.0000000   0.0000000   0.0000001   0.0000277   0.0002932   0.0009940   0.0019858   0.0030093   0.0038980   0.0045925
   7.3860280   0.0000000   0.0000000   0.0000004   0.0000493   0.0004245   0.0012854   0.0023987   0.0034775   0.0043698   0.0050379
   7.4080758   0.0000000   0.0000000   0.0000010   0.0000859   0.0006052   0.0016444   0.0028745   0.0039943   0.0048753   0.0055050
   7.4301237   0.0000000   0.0000000   0.0000027   0.0001459   0.0008496   0.0020811   0.0034174   0.0045600   0.0054133   0.0059920
   7.4521715   0.0000000   0.0000000   0.0000066   0.0002419   0.0011741   0.0026054   0.0040308   0.0051744   0.0059818   0.0064969
   7.4742194   0.0000000   0.0000000   0.0000154   0.0003914   0.0015976   0.0032268   0.0047167   0.0058360   0.0065783   0.0070169
   7.4962672   0.0000000   0.0000000   0.0000348   0.0006181   0.0021404   0.0039534   0.0054757   0.0065422   0.0071997   0.0075491
   7.5183151   0.0000000   0.0000000   0.0000750   0.0009527   0.0028232   0.0047916   0.0063066   0.0072895   0.0078421   0.0080902
   7.5403629   0.0000000   0.0000002   0.0001551   0.0014332   0.0036664   0.0057451   0.0072061   0.0080730   0.0085008   0.0086364
   7.5624108   0.0000000   0.0000008   0.0003069   0.0021042   0.0046879   0.0068143   0.0081689   0.0088865   0.0091708   0.0091837
   7.5844586   0.0000000   0.0000035   0.0005818   0.0030152   0.0059016   0.0079957   0.0091871   0.0097227   0.0098461   0.0097278
   7.6065065   0.0000000   0.0000133   0.0010562   0.0042169   0.0073147   0.0092811   0.0102505   0.0105732   0.0105206   0.0102642
   7.6285543   0.0000000   0.0000463   0.0018364   0.0057559   0.0089264   0.0106574   0.0113465   0.0114284   0.0111874   0.0107880
   7.6506021   0.0000000   0.0001458   0.0030578   0.0076678   0.0107249   0.0121063   0.0124605   0.0122779   0.0118395   0.0112946
   7.6726500   0.0000000   0.0004167   0.0048762   0.0099696   0.0126869   0.0136045   0.0135757   0.0131107   0.0124697   0.0117791
   7.6946978   0.0000000   0.0010804   0.0074472   0.0126511   0.0147763   0.0151237   0.0146738   0.0139152   0.0130704   0.0122367
   7.7167457   0.0000002   0.0025420   0.0108928   0.0156683   0.0169441   0.0166320   0.0157353   0.0146795   0.0136345   0.0126628
   7.7387935   0.0000046   0.0054266   0.0152588   0.0189392   0.0191300   0.0180942   0.0167402   0.0153920   0.0141548   0.0130528
   7.7608414   0.0000644   0.0105114   0.0204708   0.0223431   0.0212645   0.0194735   0.0176685   0.0160414   0.0146245   0.0134026
   7.7828892   0.0006141   0.0184743   0.0263016   0.0257259   0.0232724   0.0207327   0.0185009   0.0166169   0.0150375   0.0137083
   7.8049371   0.0039721   0.0294615   0.0323643   0.0289096   0.0250767   0.0218362   0.0192194   0.0171087   0.0153881   0.0139666
   7.8269849   0.0174129   0.0426304   0.0381402   0.0317072   0.0266039   0.0227513   0.0198079   0.0175084   0.0156715   0.0141746
   7.8490327   0.0517409   0.0559706   0.0430462   0.0339405   0.0277884   0.0234501   0.0202530   0.0178088   0.0158836   0.0143298
   7.8710806   0.1042093   0.0666773   0.0465286   0.0354587   0.0285776   0.0239106   0.0205445   0.0180047   0.0160215   0.0144305
   7.8931284   0.1422616   0.0720731   0.0481660   0.0361553   0.0289357   0.0241182   0.0206754   0.0180925   0.0160832   0.0144754
   7.9151763   0.1316369   0.0706880   0.0477523   0.0359803   0.0288460   0.0240663   0.0206427   0.0180706   0.0160678   0.0144642
   7.9372241   0.0825614   0.0629065   0.0453402   0.0349464   0.0283127   0.0237564   0.0204471   0.0179394   0.0159755   0.0143969
   7.9592720   0.0350982   0.0507952   0.0412294   0.0331272   0.0273603   0.0231986   0.0200933   0.0177012   0.0158077   0.0142743
   7.9813198   0.0101135   0.0372157   0.0359058   0.0306486   0.0260319   0.0224105   0.0195895   0.0173604   0.0155667   0.0140978
   8.0033677   0.0019753   0.0247405   0.0299472   0.0276746   0.0243857   0.0214165   0.0189473   0.0169230   0.0152560   0.0138694
   8.0254155   0.0002615   0.0149234   0.0239211   0.0243891   0.0224910   0.0202468   0.0181813   0.0163966   0.0148798   0.0135918
   8.0474633   0.0000235   0.0081678   0.0182996   0.0209775   0.0204233   0.0189352   0.0173084   0.0157905   0.0144435   0.0132680
   8.0695112   0.0000014   0.0040562   0.0134072   0.0176099   0.0182595   0.0175184   0.0163471   0.0151146   0.0139528   0.0129017
   8.0915590   0.0000001   0.0018277   0.0094073   0.0144280   0.0160729   0.0160334   0.0153172   0.0143800   0.0134142   0.0124968
   8.1136069   0.0000000   0.0007473   0.0063216   0.0115371   0.0139298   0.0145167   0.0142387   0.0135982   0.0128346   0.0120576
   8.1356547   0.0000000   0.0002772   0.0040684   0.0090040   0.0118861   0.0130022   0.0131315   0.0127810   0.0122212   0.0115887
   8.1577026   0.0000000   0.0000933   0.0025076   0.0068583   0.0099857   0.0115206   0.0120147   0.0119401   0.0115814   0.0110948
   8.1797504   0.0000000   0.0000285   0.0014802   0.0050985   0.0082597   0.0100981   0.0109060   0.0110870   0.0109226   0.0105807
   8.2017983   0.0000000   0.0000079   0.0008368   0.0036992   0.0067266   0.0087562   0.0098213   0.0102325   0.0102519   0.0100513
   8.2238461   0.0000000   0.0000020   0.0004531   0.0026195   0.0053934   0.0075111   0.0087746   0.0093867   0.0095763   0.0095113
   8.2458939   0.0000000   0.0000005   0.0002349   0.0018104   0.0042578   0.0063737   0.0077774   0.0085586   0.0089023   0.0089654
   8.2679418   0.0000000   0.0000001   0.0001167   0.0012212   0.0033094   0.0053505   0.0068391   0.0077562   0.0082362   0.0084180
   8.2899896   0.0000000   0.0000000   0.0000555   0.0008039   0.0025325   0.0044433   0.0059665   0.0069866   0.0075834   0.0078734
   8.3120375   0.0000000   0.0000000   0.0000253   0.0005166   0.0019081   0.0036502   0.0051640   0.0062551   0.0069489   0.0073354
   8.3340853   0.0000000   0.0000000   0.0000110   0.0003239   0.0014154   0.0029665   0.0044342   0.0055663   0.0063370   0.0068076
   8.3561332   0.0000000   0.0000000   0.0000046   0.0001983   0.0010338   0.0023850   0.0037774   0.0049234   0.0057513   0.0062933
   8.3781810   0.0000000   0.0000000   0.0000018   0.0001184   0.0007434   0.0018968   0.0031924   0.0043283   0.0051947   0.0057953
   8.4002289   0.0000000   0.0000000   0.0000007   0.0000690   0.0005263   0.0014924   0.0026767   0.0037821   0.0046696   0.0053160
   8.4222767   0.0000000   0.0000000   0.0000003   0.0000393   0.0003669   0.0011616   0.0022266   0.0032848   0.0041774   0.0048574
   8.4443246   0.0000000   0.0000000   0.0000001   0.0000218   0.0002518   0.0008944   0.0018375   0.0028357   0.0037192   0.0044211
   8.4663724   0.0000000   0.0000000   0.0000000   0.0000118   0.0001701   0.0006812   0.0015044   0.0024331   0.0032954   0.0040084
   8.4884202   0.0000000   0.0000000   0.0000000   0.0000063   0.0001132   0.0005133   0.0012220   0.0020750   0.0029059   0.0036201
   8.5104681   0.0000000   0.0000000   0.0000000   0.0000032   0.0000741   0.0003826   0.0009847   0.0017589   0.0025501   0.0032568
   8.5325159   0.0000000   0.0000000   0.0000000   0.0000016   0.0000478   0.0002821   0.0007873   0.0014819   0.0022272   0.0029185
   8.5545638   0.0000000   0.0000000   0.0000000   0.0000008   0.0000304   0.0002058   0.0006244   0.0012410   0.0019359   0.0026052
   8.5766116   0.0000000   0.0000000   0.0000000   0.0000004   0.0000190   0.0001485   0.0004913   0.0010329   0.0016746   0.0023165
   8.5986595   0.0000000   0.0000000   0.0000000   0.0000002   0.0000117   0.0001060   0.0003836   0.0008546   0.0014416   0.0020518
   8.6207073   0.0000000   0.0000000   0.0000000   0.0000001   0.0000071   0.0000749   0.0002971   0.0007027   0.0012351   0.0018104
   8.6427552   0.0000000   0.0000000   0.0000000   0.0000000   0.0000042   0.0000523   0.0002283   0.0005743   0.0010532   0.0015911
   8.6648030   0.0000000   0.0000000   0.0000000   0.0000000   0.0000025   0.0000362   0.0001740   0.0004666   0.0008937   0.0013929
   8.6868508   0.0000000   0.0000000   0.0000000   0.0000000   0.0000014   0.0000247   0.0001316   0.0003767   0.0007547   0.0012147
   8.7088987   0.0000000   0.0000000   0.0000000   0.0000000   0.0000008   0.0000167   0.0000987   0.0003023   0.0006343   0.0010552
   8.7309465   0.0000000   0.0000000   0.0000000   0.0000000   0.0000005   0.0000112   0.0000735   0.0002412   0.0005306   0.0009131
   8.7529944   0.0000000   0.0000000   0.0000000   0.0000000   0.0000003   0.0000074   0.0000543   0.0001912   0.0004417   0.0007871
   8.7750422   0.0000000   0.0000000   0.0000000   0.0000000   0.0000001   0.0000048   0.0000398   0.0001507   0.0003659   0.0006758
   8.7970901   0.0000000   0.0000000   0.0000000   0.0000000   0.0000001   0.0000031   0.0000289   0.0001180   0.0003017   0.0005780
   8.8191379   0.0000000   0.0000000   0.0000000   0.0000000   0.0000000   0.0000020   0.0000208   0.0000919   0.0002475   0.0004924
   8.8411858   0.0000000   0.0000000   0.0000000   0.0000000   0.0000000   0.0000013   0.0000149   0.0000711   0.0002021   0.0004179
   8.8632336   0.0000000   0.0000000   0.0000000   0.0000000   0.0000000   0.0000008   0.0000106   0.0000547   0.0001643   0.0003533
   8.8852814   0.0000000   0.0000000   0.0000000   0.0000000   0.0000000   0.0000005   0.0000075   0.0000418   0.0001329   0.0002975
   8.9073293   0.0000000   0.0000000   0.0000000   0.0000000   0.0000000   0.0000003   0.0000052   0.0000318   0.0001069   0.0002495
   8.9293771   0.0000000   0.0000000   0.0000000   0.0000000   0.0000000   0.0000002   0.0000036   0.0000240   0.0000857   0.0002085
   8.9514250   0.0000000   0.0000000   0.0000000   0.0000000   0.0000000   0.0000001   0.0000025   0.0000180   0.0000683   0.0001735
   8.9734728   0.0000000   0.0000000   0.0000000   0.0000000   0.0000000   0.0000001   0.0000017   0.0000134   0.0000542   0.0001439
   8.9955207   0.0000000   0.0000000   0.0000000   0.0000000   0.0000000   0.0000000   0.0000011   0.0000100   0.0000428   0.0001188
   9.0175685   0.0000000   0.0000000   0.0000000   0.0000000   0.0000000   0.0000000   0.0000008   0.0000073   0.0000336   0.0000977
   9.0396164   0.0000000   0.0000000   0.0000000   0.0000000   0.0000000   0.0000000   0.0000005   0.0000054   0.0000263   0.0000801
   9.0616642   0.0000000   0.0000000   0.0000000   0.0000000   0.0000000   0.0000000   0.0000003   0.0000039   0.0000205   0.0000654
   9.0837121   0.0000000   0.0000000   0.0000000   0.0000000   0.0000000   0.0000000   0.0000002   0.0000028   0.0000159   0.0000532
   9.1057599   0.0000000   0.0000000   0.0000000   0.0000000   0.0000000   0.0000000   0.0000001   0.0000020   0.0000122   0.0000431
   9.1278077   0.0000000   0.0000000   0.0000000   0.0000000   0.0000000   0.0000000   0.0000001   0.0000015   0.0000094   0.0000347
   9.1498556   0.0000000   0.0000000   0.0000000   0.0000000   0.0000000   0.0000000   0.0000001   0.0000010   0.0000072   0.0000279
   9.1719034   0.0000000   0.0000000   0.0000000   0.0000000   0.0000000   0.0000000   0.0000000   0.0000007   0.0000054   0.0000224
   9.1939513   0.0000000   0.0000000   0.0000000   0.0000000   0.0000000   0.0000000   0.0000000   0.0000005   0.0000041   0.0000178
   9.2159991   0.0000000   0.0000000   0.0000000   0.0000000   0.0000000   0.0000000   0.0000000   0.0000004   0.0000031   0.0000142
   9.2380470   0.0000000   0.0000000   0.0000000   0.0000000   0.0000000   0.0000000   0.0000000   0.0000002   0.0000023   0.0000112
   9.2600948   0.0000000   0.0000000   0.0000000   0.0000000   0.0000000   0.0000000   0.0000000   0.0000002   0.0000017   0.0000088
   9.2821427   0.0000000   0.0000000   0.0000000   0.0000000   0.0000000   0.0000000   0.0000000   0.0000001   0.0000013   0.0000069
   9.3041905   0.0000000   0.0000000   0.0000000   0.0000000   0.0000000   0.0000000   0.0000000   0.0000001   0.0000009   0.0000054
   9.3262383   0.0000000   0.0000000   0.0000000   0.0000000   0.0000000   0.0000000   0.0000000   0.0000001   0.0000007   0.0000042
   9.3482862   0.0000000   0.0000000   0.0000000   0.0000000   0.0000000   0.0000000   0.0000000   0.0000000   0.0000005   0.0000033
   9.3703340   0.0000000   0.0000000   0.0000000   0.0000000   0.0000000   0.0000000   0.0000000   0.0000000   0.0000004   0.0000025
   9.3923819   0.0000000   0.0000000   0.0000000   0.0000000   0.0000000   0.0000000   0.0000000   0.0000000   0.0000003   0.0000020
   9.4144297   0.0000000   0.0000000   0.0000000   0.0000000   0.0000000   0.0000000   0.0000000   0.0000000   0.0000002   0.0000015
   9.4364776   0.0000000   0.0000000   0.0000000   0.0000000   0.0000000   0.0000000   0.0000000   0.0000000   0.0000001   0.0000011
   9.4585254   0.0000000   0.0000000   0.0000000   0.0000000   0.0000000   0.0000000   0.0000000   0.0000000   0.0000001   0.0000009
   9.4805733   0.0000000   0.0000000   0.0000000   0.0000000   0.0000000   0.0000000   0.0000000   0.0000000   0.0000001   0.0000007
   9.5026211   0.0000000   0.0000000   0.0000000   0.0000000   0.0000000   0.0000000   0.0000000   0.0000000   0.0000001   0.0000005
   9.5246689   0.0000000   0.0000000   0.0000000   0.0000000   0.0000000   0.0000000   0.0000000   0.0000000   0.0000000   0.0000004
   9.5467168   0.0000000   0.0000000   0.0000000   0.0000000   0.0000000   0.0000000   0.0000000   0.0000000   0.0000000   0.0000003
   9.5687646   0.0000000   0.0000000   0.0000000   0.0000000   0.0000000   0.0000000   0.0000000   0.0000000   0.0000000   0.0000002
   9.5908125   0.0000000   0.0000000   0.0000000   0.0000000   0.0000000   0.0000000   0.0000000   0.0000000   0.0000000   0.0000002
   9.6128603   0.0000000   0.0000000   0.0000000   0.0000000   0.0000000   0.0000000   0.0000000   0.0000000   0.0000000   0.0000001
   9.6349082   0.0000000   0.0000000   0.0000000   0.0000000   0.0000000   0.0000000   0.0000000   0.0000000   0.0000000   0.0000001
   9.6569560   0.0000000   0.0000000   0.0000000   0.0000000   0.0000000   0.0000000   0.0000000   0.0000000   0.0000000   0.0000001
   9.6790039   0.0000000   0.0000000   0.0000000   0.0000000   0.0000000   0.0000000   0.0000000   0.0000000   0.0000000   0.0000001
   9.7010517   0.0000000   0.0000000   0.0000000   0.0000000   0.0000000   0.0000000   0.0000000   0.0000000   0.0000000   0.0000000
   9.7230996   0.0000000   0.0000000   0.0000000   0.0000000   0.0000000   0.0000000   0.0000000   0.0000000   0.0000000   0.0000000
   9.7451474   0.0000000   0.0000000   0.0000000   0.0000000   0.0000000   0.0000000   0.0000000   0.0000000   0.0000000   0.0000000
   9.7671952   0.0000000   0.0000000   0.0000000   0.0000000   0.0000000   0.0000000   0.0000000   0.0000000   0.0000000   0.0000000
   9.7892431   0.0000000   0.0000000   0.0000000   0.0000000   0.0000000   0.0000000   0.0000000   0.0000000   0.0000000   0.0000000
   9.8112909   0.0000000   0.0000000   0.0000000   0.0000000   0.0000000   0.0000000   0.0000000   0.0000000   0.0000000   0.0000000
   9.8333388   0.0000000   0.0000000   0.0000000   0.0000000   0.0000000   0.0000000   0.0000000   0.0000000   0.0000000   0.0000000
   9.8553866   0.0000000   0.0000000   0.0000000   0.0000000   0.0000000   0.0000000   0.0000000   0.0000000   0.0000000   0.0000000
   9.8774345   0.0000000   0.0000000   0.0000000   0.0000000   0.0000000   0.0000000   0.0000000   0.0000000   0.0000000   0.0000000
   9.8994823   0.0000000   0.0000000   0.0000000   0.0000000   0.0000000   0.0000000   0.0000000   0.0000000   0.0000000   0.0000000
   9.9215302   0.0000000   0.0000000   0.0000000   0.0000000   0.0000000   0.0000000   0.0000000   0.0000000   0.0000000   0.0000000
   9.9435780   0.0000000   0.0000001   0.0000001   0.0000000   0.0000000   0.0000000   0.0000000   0.0000000   0.0000000   0.0000000
   9.9656258   0.0000001   0.0000001   0.0000001   0.0000001   0.0000000   0.0000000   0.0000000   0.0000000   0.0000000   0.0000000
   9.9876737   0.0000001   0.0000001   0.0000001   0.0000001   0.0000000   0.0000000   0.0000000   0.0000000   0.0000000   0.0000000
  10.0097215   0.0000002   0.0000001   0.0000001   0.0000001   0.0000000   0.0000000   0.0000000   0.0000000   0.0000000   0.0000000
  10.0317694   0.0000002   0.0000001   0.0000001   0.0000001   0.0000000   0.0000000   0.0000000   0.0000000   0.0000000   0.0000000
  10.0538172   0.0000001   0.0000001   0.0000001   0.0000001   0.0000000   0.0000000   0.0000000   0.0000000   0.0000000   0.0000000
  10.0758651   0.0000001   0.0000001   0.0000001   0.0000001   0.0000000   0.0000000   0.0000000   0.0000000   0.0000000   0.0000000
  10.0979129   0.0000000   0.0000001   0.0000001   0.0000000   0.0000000   0.0000000   0.0000000   0.0000000   0.0000000   0.0000000
  10.1199608   0.0000000   0.0000000   0.0000000   0.0000000   0.0000000   0.0000000   0.0000000   0.0000000   0.0000000   0.0000000
  10.1420086   0.0000000   0.0000000   0.0000000   0.0000000   0.0000000   0.0000000   0.0000000   0.0000000   0.0000000   0.0000000
  10.1640564   0.0000000   0.0000000   0.0000000   0.0000000   0.0000000   0.0000000   0.0000000   0.0000000   0.0000000   0.0000000
  10.1861043   0.0000000   0.0000000   0.0000000   0.0000000   0.0000000   0.0000000   0.0000000   0.0000000   0.0000000   0.0000000
  10.2081521   0.0000000   0.0000000   0.0000000   0.0000000   0.0000000   0.0000000   0.0000000   0.0000000   0.0000000   0.0000000
  10.2302000   0.0000000   0.0000000   0.0000000   0.0000000   0.0000000   0.0000000   0.0000000   0.0000000   0.0000000   0.0000000
  10.2522478   0.0000000   0.0000000   0.0000000   0.0000000   0.0000000   0.0000000   0.0000000   0.0000000   0.0000000   0.0000000
  10.2742957   0.0000000   0.0000000   0.0000000   0.0000000   0.0000000   0.0000000   0.0000000   0.0000000   0.0000000   0.0000000
  10.2963435   0.0000000   0.0000000   0.0000000   0.0000000   0.0000000   0.0000000   0.0000000   0.0000000   0.0000000   0.0000000
  10.3183914   0.0000000   0.0000000   0.0000000   0.0000000   0.0000000   0.0000000   0.0000000   0.0000000   0.0000000   0.0000000
  10.3404392   0.0000000   0.0000000   0.0000000   0.0000000   0.0000000   0.0000000   0.0000000   0.0000000   0.0000000   0.0000000
  10.3624870   0.0000000   0.0000000   0.0000000   0.0000000   0.0000000   0.0000000   0.0000000   0.0000000   0.0000000   0.0000000
  10.3845349   0.0000000   0.0000000   0.0000000   0.0000000   0.0000000   0.0000000   0.0000000   0.0000000   0.0000000   0.0000000
  10.4065827   0.0000000   0.0000000   0.0000000   0.0000000   0.0000000   0.0000000   0.0000000   0.0000000   0.0000000   0.0000000
  10.4286306   0.0000000   0.0000000   0.0000000   0.0000000   0.0000000   0.0000000   0.0000000   0.0000000   0.0000000   0.0000000
  10.4506784   0.0000000   0.0000000   0.0000000   0.0000000   0.0000000   0.0000000   0.0000000   0.0000000   0.0000000   0.0000000
  10.4727263   0.0000000   0.0000000   0.0000000   0.0000000   0.0000000   0.0000000   0.0000000   0.0000000   0.0000000   0.0000000
  10.4947741   0.0000000   0.0000000   0.0000000   0.0000000   0.0000000   0.0000000   0.0000000   0.0000000   0.0000000   0.0000000
  10.5168220   0.0000000   0.0000000   0.0000000   0.0000000   0.0000000   0.0000000   0.0000000   0.0000000   0.0000000   0.0000000
  10.5388698   0.0000000   0.0000000   0.0000000   0.0000000   0.0000000   0.0000000   0.0000000   0.0000000   0.0000000   0.0000000
  10.5609177   0.0000000   0.0000000   0.0000000   0.0000000   0.0000000   0.0000000   0.0000000   0.0000000   0.0000000   0.0000000
  10.5829655   0.0000000   0.0000000   0.0000000   0.0000000   0.0000000   0.0000000   0.0000000   0.0000000   0.0000000   0.0000000
  10.6050133   0.0000000   0.0000000   0.0000000   0.0000000   0.0000000   0.0000000   0.0000000   0.0000000   0.0000000   0.0000000
  10.6270612   0.0000000   0.0000000   0.0000000   0.0000000   0.0000000   0.0000000   0.0000000   0.0000000   0.0000000   0.0000000
  10.6491090   0.0000000   0.0000000   0.0000000   0.0000000   0.0000000   0.0000000   0.0000000   0.0000000   0.0000000   0.0000000
  10.6711569   0.0000000   0.0000000   0.0000000   0.0000000   0.0000000   0.0000000   0.0000000   0.0000000   0.0000000   0.0000000
  10.6932047   0.0000000   0.0000000   0.0000000   0.0000000   0.0000000   0.0000000   0.0000000   0.0000000   0.0000000   0.0000000
  10.7152526   0.0000000   0.0000000   0.0000000   0.0000000   0.0000000   0.0000000   0.0000000   0.0000000   0.0000000   0.0000000
  10.7373004   0.0000000   0.0000000   0.0000000   0.0000000   0.0000000   0.0000000   0.0000000   0.0000000   0.0000000   0.0000000
  10.7593483   0.0000000   0.0000000   0.0000000   0.0000000   0.0000000   0.0000000   0.0000000   0.0000000   0.0000000   0.0000000
  10.7813961   0.0000000   0.0000000   0.0000000   0.0000000   0.0000000   0.0000000   0.0000000   0.0000000   0.0000000   0.0000000
  10.8034439   0.0000000   0.0000000   0.0000000   0.0000000   0.0000000   0.0000000   0.0000000   0.0000000   0.0000000   0.0000000
  10.8254918   0.0000000   0.0000000   0.0000000   0.0000000   0.0000000   0.0000000   0.0000000   0.0000000   0.0000000   0.0000000
  10.8475396   0.0000000   0.0000000   0.0000000   0.0000000   0.0000000   0.0000000   0.0000000   0.0000000   0.0000000   0.0000000
  10.8695875   0.0000000   0.0000000   0.0000000   0.0000000   0.0000000   0.0000000   0.0000000   0.0000000   0.0000000   0.0000000
  10.8916353   0.0000000   0.0000000   0.0000000   0.0000000   0.0000000   0.0000000   0.0000000   0.0000000   0.0000000   0.0000000
  10.9136832   0.0000000   0.0000000   0.0000000   0.0000000   0.0000000   0.0000000   0.0000000   0.0000000   0.0000000   0.0000000
  10.9357310   0.0000000   0.0000000   0.0000000   0.0000000   0.0000000   0.0000000   0.0000000   0.0000000   0.0000000   0.0000000
  10.9577789   0.0000000   0.0000000   0.0000000   0.0000000   0.0000000   0.0000000   0.0000000   0.0000000   0.0000000   0.0000000
  10.9798267   0.0000000   0.0000000   0.0000000   0.0000000   0.0000000   0.0000000   0.0000000   0.0000000   0.0000000   0.0000000
  11.0018745   0.0000000   0.0000000   0.0000000   0.0000000   0.0000000   0.0000000   0.0000000   0.0000000   0.0000000   0.0000000
  11.0239224   0.0000000   0.0000000   0.0000000   0.0000000   0.0000000   0.0000000   0.0000000   0.0000000   0.0000000   0.0000000
 Integrated el-ph coupling
  #            0.0055568   0.0055575   0.0055587   0.0055603   0.0055623   0.0055648   0.0055678   0.0055713   0.0055753   0.0055798
 Phonon smearing (meV)
  #            0.0500000   0.1000000   0.1500000   0.2000000   0.2500000   0.3000000   0.3500000   0.4000000   0.4500000   0.5000000
 Electron smearing (eV)   0.0500000
 Fermi window (eV)   6.0000000
 Summed el-ph coupling    0.0055566
