   0.0220478   0.0000000   0.0000000   0.0000000   0.0000000   0.0000000   0.0000000   0.0000000   0.0000000   0.0000000   0.0000000
   0.0440957   0.0000000   0.0000000   0.0000000   0.0000000   0.0000000   0.0000000   0.0000000   0.0000000   0.0000000   0.0000000
   0.0661435   0.0000000   0.0000000   0.0000000   0.0000000   0.0000000   0.0000000   0.0000000   0.0000000   0.0000000   0.0000000
   0.0881914   0.0000000   0.0000000   0.0000000   0.0000000   0.0000000   0.0000000   0.0000000   0.0000000   0.0000000   0.0000000
   0.1102392   0.0000000   0.0000000   0.0000000   0.0000000   0.0000000   0.0000000   0.0000000   0.0000000   0.0000000   0.0000000
   0.1322871   0.0000000   0.0000000   0.0000000   0.0000000   0.0000000   0.0000000   0.0000000   0.0000000   0.0000000   0.0000000
   0.1543349   0.0000000   0.0000000   0.0000000   0.0000000   0.0000000   0.0000000   0.0000000   0.0000000   0.0000000   0.0000000
   0.1763828   0.0000000   0.0000000   0.0000000   0.0000000   0.0000000   0.0000000   0.0000000   0.0000000   0.0000000   0.0000000
   0.1984306   0.0000000   0.0000000   0.0000000   0.0000000   0.0000000   0.0000000   0.0000000   0.0000000   0.0000000   0.0000000
   0.2204784   0.0000000   0.0000000   0.0000000   0.0000000   0.0000000   0.0000000   0.0000000   0.0000000   0.0000000   0.0000000
   0.2425263   0.0000000   0.0000000   0.0000000   0.0000000   0.0000000   0.0000000   0.0000000   0.0000000   0.0000000   0.0000000
   0.2645741   0.0000000   0.0000000   0.0000000   0.0000000   0.0000000   0.0000000   0.0000000   0.0000000   0.0000000   0.0000000
   0.2866220   0.0000000   0.0000000   0.0000000   0.0000000   0.0000000   0.0000000   0.0000000   0.0000000   0.0000000   0.0000000
   0.3086698   0.0000000   0.0000000   0.0000000   0.0000000   0.0000000   0.0000000   0.0000000   0.0000000   0.0000000   0.0000000
   0.3307177   0.0000000   0.0000000   0.0000000   0.0000000   0.0000000   0.0000000   0.0000000   0.0000000   0.0000000   0.0000000
   0.3527655   0.0000000   0.0000000   0.0000000   0.0000000   0.0000000   0.0000000   0.0000000   0.0000000   0.0000000   0.0000000
   0.3748134   0.0000000   0.0000000   0.0000000   0.0000000   0.0000000   0.0000000   0.0000000   0.0000000   0.0000000   0.0000000
   0.3968612   0.0000000   0.0000000   0.0000000   0.0000000   0.0000000   0.0000000   0.0000000   0.0000000   0.0000000   0.0000000
   0.4189091   0.0000000   0.0000000   0.0000000   0.0000000   0.0000000   0.0000000   0.0000000   0.0000000   0.0000000   0.0000000
   0.4409569   0.0000000   0.0000000   0.0000000   0.0000000   0.0000000   0.0000000   0.0000000   0.0000000   0.0000000   0.0000000
   0.4630047   0.0000000   0.0000000   0.0000000   0.0000000   0.0000000   0.0000000   0.0000000   0.0000000   0.0000000   0.0000000
   0.4850526   0.0000000   0.0000000   0.0000000   0.0000000   0.0000000   0.0000000   0.0000000   0.0000000   0.0000000   0.0000000
   0.5071004   0.0000000   0.0000000   0.0000000   0.0000000   0.0000000   0.0000000   0.0000000   0.0000000   0.0000000   0.0000000
   0.5291483   0.0000000   0.0000000   0.0000000   0.0000000   0.0000000   0.0000000   0.0000000   0.0000000   0.0000000   0.0000000
   0.5511961   0.0000000   0.0000000   0.0000000   0.0000000   0.0000000   0.0000000   0.0000000   0.0000000   0.0000000   0.0000000
   0.5732440   0.0000000   0.0000000   0.0000000   0.0000000   0.0000000   0.0000000   0.0000000   0.0000000   0.0000000   0.0000000
   0.5952918   0.0000000   0.0000000   0.0000000   0.0000000   0.0000000   0.0000000   0.0000000   0.0000000   0.0000000   0.0000000
   0.6173397   0.0000000   0.0000000   0.0000000   0.0000000   0.0000000   0.0000000   0.0000000   0.0000000   0.0000000   0.0000000
   0.6393875   0.0000000   0.0000000   0.0000000   0.0000000   0.0000000   0.0000000   0.0000000   0.0000000   0.0000000   0.0000000
   0.6614353   0.0000000   0.0000000   0.0000000   0.0000000   0.0000000   0.0000000   0.0000000   0.0000000   0.0000000   0.0000000
   0.6834832   0.0000000   0.0000000   0.0000000   0.0000000   0.0000000   0.0000000   0.0000000   0.0000000   0.0000000   0.0000000
   0.7055310   0.0000000   0.0000000   0.0000000   0.0000000   0.0000000   0.0000000   0.0000000   0.0000000   0.0000000   0.0000000
   0.7275789   0.0000000   0.0000000   0.0000000   0.0000000   0.0000000   0.0000000   0.0000000   0.0000000   0.0000000   0.0000000
   0.7496267   0.0000000   0.0000000   0.0000000   0.0000000   0.0000000   0.0000000   0.0000000   0.0000000   0.0000000   0.0000000
   0.7716746   0.0000000   0.0000000   0.0000000   0.0000000   0.0000000   0.0000000   0.0000000   0.0000000   0.0000000   0.0000000
   0.7937224   0.0000000   0.0000000   0.0000000   0.0000000   0.0000000   0.0000000   0.0000000   0.0000000   0.0000000   0.0000000
   0.8157703   0.0000000   0.0000000   0.0000000   0.0000000   0.0000000   0.0000000   0.0000000   0.0000000   0.0000000   0.0000000
   0.8378181   0.0000000   0.0000000   0.0000000   0.0000000   0.0000000   0.0000000   0.0000000   0.0000000   0.0000000   0.0000000
   0.8598659   0.0000000   0.0000000   0.0000000   0.0000000   0.0000000   0.0000000   0.0000000   0.0000000   0.0000000   0.0000000
   0.8819138   0.0000000   0.0000000   0.0000000   0.0000000   0.0000000   0.0000000   0.0000000   0.0000000   0.0000000   0.0000000
   0.9039616   0.0000000   0.0000000   0.0000000   0.0000000   0.0000000   0.0000000   0.0000000   0.0000000   0.0000000   0.0000000
   0.9260095   0.0000000   0.0000000   0.0000000   0.0000000   0.0000000   0.0000000   0.0000000   0.0000000   0.0000000   0.0000000
   0.9480573   0.0000000   0.0000000   0.0000000   0.0000000   0.0000000   0.0000000   0.0000000   0.0000000   0.0000000   0.0000000
   0.9701052   0.0000000   0.0000000   0.0000000   0.0000000   0.0000000   0.0000000   0.0000000   0.0000000   0.0000000   0.0000000
   0.9921530   0.0000000   0.0000000   0.0000000   0.0000000   0.0000000   0.0000000   0.0000000   0.0000000   0.0000000   0.0000000
   1.0142009   0.0000000   0.0000000   0.0000000   0.0000000   0.0000000   0.0000000   0.0000000   0.0000000   0.0000000   0.0000001
   1.0362487   0.0000000   0.0000000   0.0000000   0.0000000   0.0000000   0.0000000   0.0000000   0.0000000   0.0000000   0.0000001
   1.0582965   0.0000000   0.0000000   0.0000000   0.0000000   0.0000000   0.0000000   0.0000000   0.0000000   0.0000000   0.0000001
   1.0803444   0.0000000   0.0000000   0.0000000   0.0000000   0.0000000   0.0000000   0.0000000   0.0000000   0.0000000   0.0000001
   1.1023922   0.0000000   0.0000000   0.0000000   0.0000000   0.0000000   0.0000000   0.0000000   0.0000000   0.0000000   0.0000002
   1.1244401   0.0000000   0.0000000   0.0000000   0.0000000   0.0000000   0.0000000   0.0000000   0.0000000   0.0000000   0.0000002
   1.1464879   0.0000000   0.0000000   0.0000000   0.0000000   0.0000000   0.0000000   0.0000000   0.0000000   0.0000000   0.0000002
   1.1685358   0.0000000   0.0000000   0.0000000   0.0000000   0.0000000   0.0000000   0.0000000   0.0000000   0.0000001   0.0000003
   1.1905836   0.0000000   0.0000000   0.0000000   0.0000000   0.0000000   0.0000000   0.0000000   0.0000000   0.0000001   0.0000004
   1.2126315   0.0000000   0.0000000   0.0000000   0.0000000   0.0000000   0.0000000   0.0000000   0.0000000   0.0000001   0.0000005
   1.2346793   0.0000000   0.0000000   0.0000000   0.0000000   0.0000000   0.0000000   0.0000000   0.0000000   0.0000002   0.0000006
   1.2567272   0.0000000   0.0000000   0.0000000   0.0000000   0.0000000   0.0000000   0.0000000   0.0000000   0.0000002   0.0000008
   1.2787750   0.0000000   0.0000000   0.0000000   0.0000000   0.0000000   0.0000000   0.0000000   0.0000000   0.0000003   0.0000010
   1.3008228   0.0000000   0.0000000   0.0000000   0.0000000   0.0000000   0.0000000   0.0000000   0.0000001   0.0000003   0.0000012
   1.3228707   0.0000000   0.0000000   0.0000000   0.0000000   0.0000000   0.0000000   0.0000000   0.0000001   0.0000004   0.0000015
   1.3449185   0.0000000   0.0000000   0.0000000   0.0000000   0.0000000   0.0000000   0.0000000   0.0000001   0.0000006   0.0000018
   1.3669664   0.0000000   0.0000000   0.0000000   0.0000000   0.0000000   0.0000000   0.0000000   0.0000002   0.0000007   0.0000023
   1.3890142   0.0000000   0.0000000   0.0000000   0.0000000   0.0000000   0.0000000   0.0000000   0.0000002   0.0000009   0.0000028
   1.4110621   0.0000000   0.0000000   0.0000000   0.0000000   0.0000000   0.0000000   0.0000000   0.0000003   0.0000012   0.0000034
   1.4331099   0.0000000   0.0000000   0.0000000   0.0000000   0.0000000   0.0000000   0.0000001   0.0000004   0.0000015   0.0000041
   1.4551578   0.0000000   0.0000000   0.0000000   0.0000000   0.0000000   0.0000000   0.0000001   0.0000005   0.0000019   0.0000049
   1.4772056   0.0000000   0.0000000   0.0000000   0.0000000   0.0000000   0.0000000   0.0000001   0.0000007   0.0000024   0.0000060
   1.4992534   0.0000000   0.0000000   0.0000000   0.0000000   0.0000000   0.0000000   0.0000002   0.0000009   0.0000030   0.0000072
   1.5213013   0.0000000   0.0000000   0.0000000   0.0000000   0.0000000   0.0000000   0.0000002   0.0000012   0.0000037   0.0000087
   1.5433491   0.0000000   0.0000000   0.0000000   0.0000000   0.0000000   0.0000000   0.0000003   0.0000015   0.0000046   0.0000104
   1.5653970   0.0000000   0.0000000   0.0000000   0.0000000   0.0000000   0.0000000   0.0000004   0.0000020   0.0000056   0.0000124
   1.5874448   0.0000000   0.0000000   0.0000000   0.0000000   0.0000000   0.0000001   0.0000006   0.0000026   0.0000069   0.0000148
   1.6094927   0.0000000   0.0000000   0.0000000   0.0000000   0.0000000   0.0000001   0.0000008   0.0000033   0.0000084   0.0000176
   1.6315405   0.0000000   0.0000000   0.0000000   0.0000000   0.0000000   0.0000001   0.0000011   0.0000042   0.0000102   0.0000208
   1.6535884   0.0000000   0.0000000   0.0000000   0.0000000   0.0000000   0.0000002   0.0000016   0.0000053   0.0000123   0.0000247
   1.6756362   0.0000000   0.0000000   0.0000000   0.0000000   0.0000000   0.0000003   0.0000021   0.0000067   0.0000149   0.0000292
   1.6976840   0.0000000   0.0000000   0.0000000   0.0000000   0.0000000   0.0000005   0.0000028   0.0000084   0.0000179   0.0000345
   1.7197319   0.0000000   0.0000000   0.0000000   0.0000000   0.0000000   0.0000007   0.0000037   0.0000104   0.0000214   0.0000407
   1.7417797   0.0000000   0.0000000   0.0000000   0.0000000   0.0000001   0.0000011   0.0000049   0.0000129   0.0000255   0.0000480
   1.7638276   0.0000000   0.0000000   0.0000000   0.0000000   0.0000001   0.0000015   0.0000064   0.0000158   0.0000302   0.0000565
   1.7858754   0.0000000   0.0000000   0.0000000   0.0000000   0.0000002   0.0000022   0.0000083   0.0000193   0.0000358   0.0000665
   1.8079233   0.0000000   0.0000000   0.0000000   0.0000000   0.0000004   0.0000031   0.0000107   0.0000235   0.0000423   0.0000782
   1.8299711   0.0000000   0.0000000   0.0000000   0.0000000   0.0000006   0.0000043   0.0000137   0.0000284   0.0000498   0.0000920
   1.8520190   0.0000000   0.0000000   0.0000000   0.0000000   0.0000009   0.0000059   0.0000173   0.0000341   0.0000585   0.0001082
   1.8740668   0.0000000   0.0000000   0.0000000   0.0000001   0.0000015   0.0000081   0.0000217   0.0000408   0.0000686   0.0001274
   1.8961147   0.0000000   0.0000000   0.0000000   0.0000001   0.0000022   0.0000109   0.0000271   0.0000486   0.0000804   0.0001500
   1.9181625   0.0000000   0.0000000   0.0000000   0.0000002   0.0000034   0.0000145   0.0000335   0.0000575   0.0000940   0.0001766
   1.9402103   0.0000000   0.0000000   0.0000000   0.0000004   0.0000051   0.0000192   0.0000411   0.0000677   0.0001099   0.0002081
   1.9622582   0.0000000   0.0000000   0.0000000   0.0000007   0.0000074   0.0000251   0.0000501   0.0000795   0.0001283   0.0002454
   1.9843060   0.0000000   0.0000000   0.0000000   0.0000013   0.0000108   0.0000324   0.0000606   0.0000929   0.0001499   0.0002895
   2.0063539   0.0000000   0.0000000   0.0000000   0.0000022   0.0000153   0.0000415   0.0000727   0.0001081   0.0001752   0.0003417
   2.0284017   0.0000000   0.0000000   0.0000001   0.0000037   0.0000215   0.0000524   0.0000866   0.0001255   0.0002050   0.0004035
   2.0504496   0.0000000   0.0000000   0.0000002   0.0000062   0.0000297   0.0000656   0.0001023   0.0001453   0.0002401   0.0004767
   2.0724974   0.0000000   0.0000000   0.0000004   0.0000100   0.0000404   0.0000812   0.0001201   0.0001678   0.0002816   0.0005632
   2.0945453   0.0000000   0.0000000   0.0000009   0.0000158   0.0000541   0.0000995   0.0001401   0.0001937   0.0003308   0.0006655
   2.1165931   0.0000000   0.0000000   0.0000019   0.0000242   0.0000713   0.0001205   0.0001622   0.0002233   0.0003894   0.0007862
   2.1386409   0.0000000   0.0000000   0.0000040   0.0000364   0.0000925   0.0001445   0.0001867   0.0002576   0.0004592   0.0009284
   2.1606888   0.0000000   0.0000000   0.0000079   0.0000534   0.0001181   0.0001714   0.0002137   0.0002974   0.0005426   0.0010959
   2.1827366   0.0000000   0.0000001   0.0000150   0.0000764   0.0001486   0.0002012   0.0002435   0.0003441   0.0006423   0.0012925
   2.2047845   0.0000000   0.0000004   0.0000271   0.0001068   0.0001840   0.0002337   0.0002761   0.0003992   0.0007615   0.0015229
   2.2268323   0.0000000   0.0000012   0.0000470   0.0001455   0.0002244   0.0002687   0.0003122   0.0004647   0.0009041   0.0017924
   2.2488802   0.0000000   0.0000038   0.0000781   0.0001936   0.0002694   0.0003058   0.0003523   0.0005431   0.0010744   0.0021066
   2.2709280   0.0000000   0.0000109   0.0001243   0.0002514   0.0003184   0.0003447   0.0003973   0.0006375   0.0012778   0.0024720
   2.2929759   0.0000000   0.0000282   0.0001893   0.0003186   0.0003706   0.0003851   0.0004486   0.0007518   0.0015200   0.0028958
   2.3150237   0.0000000   0.0000660   0.0002763   0.0003941   0.0004247   0.0004265   0.0005079   0.0008906   0.0018081   0.0033859
   2.3370715   0.0000001   0.0001403   0.0003861   0.0004757   0.0004792   0.0004689   0.0005777   0.0010595   0.0021497   0.0039508
   2.3591194   0.0000018   0.0002703   0.0005168   0.0005605   0.0005325   0.0005122   0.0006614   0.0012653   0.0025535   0.0046000
   2.3811672   0.0000171   0.0004725   0.0006625   0.0006445   0.0005829   0.0005572   0.0007633   0.0015161   0.0030294   0.0053435
   2.4032151   0.0001081   0.0007496   0.0008133   0.0007233   0.0006285   0.0006049   0.0008892   0.0018211   0.0035883   0.0061922
   2.4252629   0.0004640   0.0010790   0.0009562   0.0007923   0.0006679   0.0006575   0.0010462   0.0021913   0.0042420   0.0071580
   2.4473108   0.0013502   0.0014092   0.0010767   0.0008470   0.0007001   0.0007182   0.0012434   0.0026391   0.0050037   0.0082530
   2.4693586   0.0026629   0.0016700   0.0011610   0.0008837   0.0007247   0.0007919   0.0014918   0.0031787   0.0058876   0.0094905
   2.4914065   0.0035597   0.0017957   0.0011991   0.0009000   0.0007421   0.0008855   0.0018049   0.0038262   0.0069088   0.0108843
   2.5134543   0.0032255   0.0017520   0.0011860   0.0008947   0.0007543   0.0010082   0.0021988   0.0045993   0.0080837   0.0124487
   2.5355022   0.0019809   0.0015510   0.0011235   0.0008684   0.0007649   0.0011726   0.0026925   0.0055174   0.0094292   0.0141988
   2.5575500   0.0008246   0.0012458   0.0010193   0.0008231   0.0007794   0.0013945   0.0033080   0.0066018   0.0109634   0.0161500
   2.5795978   0.0002327   0.0009080   0.0008856   0.0007628   0.0008067   0.0016942   0.0040704   0.0078752   0.0127047   0.0183183
   2.6016457   0.0000445   0.0006004   0.0007369   0.0006924   0.0008589   0.0020969   0.0050082   0.0093617   0.0146723   0.0207200
   2.6236935   0.0000058   0.0003603   0.0005873   0.0006185   0.0009533   0.0026330   0.0061527   0.0110865   0.0168856   0.0233717
   2.6457414   0.0000005   0.0001962   0.0004482   0.0005491   0.0011130   0.0033392   0.0075383   0.0130753   0.0193641   0.0262904
   2.6677892   0.0000000   0.0000969   0.0003277   0.0004940   0.0013687   0.0042582   0.0092016   0.0153545   0.0221273   0.0294931
   2.6898371   0.0000000   0.0000434   0.0002298   0.0004667   0.0017604   0.0054389   0.0111814   0.0179501   0.0251945   0.0329974
   2.7118849   0.0000000   0.0000177   0.0001550   0.0004859   0.0023391   0.0069366   0.0135171   0.0208877   0.0285844   0.0368205
   2.7339328   0.0000000   0.0000065   0.0001021   0.0005788   0.0031685   0.0088117   0.0162486   0.0241918   0.0323156   0.0409802
   2.7559806   0.0000000   0.0000022   0.0000696   0.0007854   0.0043262   0.0111290   0.0194148   0.0278852   0.0364055   0.0454944
   2.7780284   0.0000000   0.0000007   0.0000580   0.0011644   0.0059044   0.0139557   0.0230523   0.0319886   0.0408712   0.0503812
   2.8000763   0.0000000   0.0000002   0.0000738   0.0017992   0.0080097   0.0173596   0.0271943   0.0365204   0.0457289   0.0556590
   2.8221241   0.0000000   0.0000001   0.0001349   0.0028055   0.0107610   0.0214057   0.0318691   0.0414961   0.0509942   0.0613466
   2.8441720   0.0000000   0.0000001   0.0002799   0.0043375   0.0142863   0.0261535   0.0370987   0.0469280   0.0566819   0.0674634
   2.8662198   0.0000000   0.0000005   0.0005843   0.0065929   0.0187168   0.0316533   0.0428981   0.0528255   0.0628067   0.0740295
   2.8882677   0.0000000   0.0000022   0.0011827   0.0098129   0.0241797   0.0379422   0.0492738   0.0591951   0.0693832   0.0810656
   2.9103155   0.0000000   0.0000093   0.0023000   0.0142772   0.0307885   0.0450409   0.0562238   0.0660405   0.0764261   0.0885936
   2.9323634   0.0000000   0.0000367   0.0042881   0.0202903   0.0386319   0.0529502   0.0637368   0.0733632   0.0839510   0.0966364
   2.9544112   0.0000000   0.0001320   0.0076604   0.0281573   0.0477625   0.0616487   0.0717932   0.0811636   0.0919745   0.1052182
   2.9764590   0.0000000   0.0004341   0.0131112   0.0381507   0.0581850   0.0710914   0.0803654   0.0894415   0.1005150   0.1143648
   2.9985069   0.0000000   0.0013013   0.0214988   0.0504685   0.0698474   0.0812095   0.0894198   0.0981977   0.1095930   0.1241032
   3.0205547   0.0000003   0.0035537   0.0337725   0.0651879   0.0826338   0.0919121   0.0989189   0.1074349   0.1192318   0.1344624
   3.0426026   0.0000030   0.0088326   0.0508262   0.0822211   0.0963630   0.1030895   0.1088238   0.1171595   0.1294581   0.1454726
   3.0646504   0.0000268   0.0199681   0.0732817   0.1012822   0.1107919   0.1146184   0.1190978   0.1273830   0.1403021   0.1571658
   3.0866983   0.0001948   0.0410419   0.1012274   0.1218718   0.1256247   0.1263684   0.1297097   0.1381237   0.1517982   0.1695754
   3.1087461   0.0013317   0.0766697   0.1339742   0.1432888   0.1405296   0.1382109   0.1406383   0.1494077   0.1639850   0.1827360
   3.1307940   0.0084252   0.1301465   0.1699057   0.1646727   0.1551594   0.1500281   0.1518759   0.1612707   0.1769056   0.1966829
   3.1528418   0.0428434   0.2007256   0.2065069   0.1850757   0.1691768   0.1617233   0.1634326   0.1737587   0.1906073   0.2114522
   3.1748896   0.1578412   0.2812642   0.2406197   0.2035575   0.1822820   0.1732311   0.1753398   0.1869286   0.2051412   0.2270797
   3.1969375   0.4039019   0.3580782   0.2689191   0.2192925   0.1942399   0.1845270   0.1876527   0.2008486   0.2205620   0.2436005
   3.2189853   0.7090095   0.4142240   0.2885275   0.2316719   0.2049039   0.1956362   0.2004531   0.2155981   0.2369267   0.2610485
   3.2410332   0.8531658   0.4354910   0.2976293   0.2403851   0.2142365   0.2066397   0.2138497   0.2312665   0.2542939   0.2794552
   3.2630810   0.7079288   0.4163124   0.2959200   0.2454652   0.2223217   0.2176792   0.2279785   0.2479518   0.2727224   0.2988491
   3.2851289   0.4105480   0.3623367   0.2847574   0.2472916   0.2293716   0.2289582   0.2430007   0.2657591   0.2922698   0.3192543
   3.3071767   0.1704802   0.2882284   0.2669508   0.2465475   0.2357249   0.2407412   0.2591000   0.2847973   0.3129902   0.3406901
   3.3292246   0.0525309   0.2121351   0.2462269   0.2441432   0.2418389   0.2533479   0.2764778   0.3051764   0.3349332   0.3631696
   3.3512724   0.0124644   0.1499755   0.2264953   0.2411190   0.2482759   0.2671460   0.2953473   0.3270038   0.3581410   0.3866984
   3.3733203   0.0023938   0.1120860   0.2110920   0.2385490   0.2556851   0.2825394   0.3159265   0.3503799   0.3826467   0.4112742
   3.3953681   0.0012907   0.1026254   0.2021834   0.2374651   0.2647819   0.2999540   0.3384297   0.3753943   0.4084724   0.4368855
   3.4174159   0.0074356   0.1203860   0.2004696   0.2388166   0.2763243   0.3198207   0.3630584   0.4021209   0.4356267   0.4635106
   3.4394638   0.0385738   0.1595541   0.2052535   0.2434705   0.2910882   0.3425571   0.3899918   0.4306141   0.4641029   0.4911174
   3.4615116   0.1362552   0.2102082   0.2148569   0.2522485   0.3098391   0.3685470   0.4193776   0.4609039   0.4938776   0.5196623
   3.4835595   0.3262708   0.2595453   0.2272870   0.2659867   0.3333019   0.3981203   0.4513223   0.4929925   0.5249089   0.5490903
   3.5056073   0.5296538   0.2947572   0.2410049   0.2855935   0.3621273   0.4315323   0.4858835   0.5268510   0.5571355   0.5793343
   3.5276552   0.5833897   0.3071269   0.2556239   0.3120834   0.3968539   0.4689463   0.5230620   0.5624169   0.5904760   0.6103159
   3.5497030   0.4385238   0.2955011   0.2723789   0.3465613   0.4378688   0.5104167   0.5627970   0.5995922   0.6248285   0.6419451
   3.5717509   0.2338196   0.2671969   0.2942516   0.3901457   0.4853671   0.5558779   0.6049624   0.6382424   0.6600713   0.6741214
   3.5937987   0.1090925   0.2358617   0.3256993   0.4438291   0.5393143   0.6051358   0.6493650   0.6781973   0.6960632   0.7067343
   3.6158465   0.0728120   0.2176597   0.3720048   0.5082894   0.5994169   0.6578667   0.6957462   0.7192519   0.7326451   0.7396647
   3.6378944   0.0688800   0.2279079   0.4383286   0.5836797   0.6651040   0.7136209   0.7437846   0.7611688   0.7696418   0.7727863
   3.6599422   0.0784501   0.2794747   0.5285971   0.6694364   0.7355269   0.7718325   0.7931021   0.8036816   0.8068645   0.8059672
   3.6819901   0.1422884   0.3826376   0.6444027   0.7641462   0.8095787   0.8318355   0.8432715   0.8464997   0.8441134   0.8390717
   3.7040379   0.2983339   0.5448445   0.7841139   0.8655119   0.8859363   0.8928848   0.8938260   0.8893129   0.8811811   0.8719625
   3.7260858   0.5016983   0.7686846   0.9424052   0.9704405   0.9631229   0.9541812   0.9442706   0.9317979   0.9178565   0.9045030
   3.7481336   0.6944554   1.0475922   1.1103859   1.0752626   1.0395873   1.0148987   0.9940934   0.9736249   0.9539283   0.9365593
   3.7701815   1.0142595   1.3610255   1.2764302   1.1760645   1.1137936   1.0742130   1.0427791   1.0144644   0.9891892   0.9680029
   3.7922293   1.6920589   1.6728250   1.4276811   1.2690934   1.1843116   1.1313286   1.0898213   1.0539944   1.0234405   0.9987130
   3.8142771   2.5660504   1.9362715   1.5520362   1.3511781   1.2498991   1.1855039   1.1347349   1.0919082   1.0564960   1.0285787
   3.8363250   3.0930668   2.1061411   1.6402634   1.4200969   1.3095649   1.2360714   1.1770677   1.1279210   1.0881861   1.0575014
   3.8583728   3.0371863   2.1534181   1.6878063   1.4748280   1.3626074   1.2824539   1.2164115   1.1617770   1.1183618   1.0853968
   3.8804207   2.6311586   2.0757681   1.6958458   1.5156347   1.4086229   1.3241737   1.2524111   1.1932558   1.1468985   1.1121967
   3.9024685   2.0922047   1.8986648   1.6713199   1.5439604   1.4474827   1.3608582   1.2847726   1.2221778   1.1736988   1.1378507
   3.9245164   1.5120537   1.6671451   1.6258198   1.5621452   1.4792854   1.3922393   1.3132696   1.2484096   1.1986957   1.1623273
   3.9465642   1.0347980   1.4329022   1.5735353   1.5730039   1.5042888   1.4181502   1.3377489   1.2718678   1.2218544   1.1856150
   3.9686121   0.7996583   1.2427318   1.5286363   1.5793369   1.5228346   1.4385193   1.3581335   1.2925218   1.2431737   1.2077229
   3.9906599   0.7615505   1.1317884   1.5026077   1.5834549   1.5352762   1.4533636   1.3744257   1.3103961   1.2626872   1.2286805
   4.0127078   0.7293397   1.1209776   1.5020731   1.5868017   1.5419200   1.4627836   1.3867079   1.3255712   1.2804630   1.2485377
   4.0347556   0.6519042   1.2153215   1.5275526   1.5897389   1.5429910   1.4669591   1.3951426   1.3381830   1.2966032   1.2673640
   4.0568034   0.7599221   1.4012125   1.5734183   1.5915304   1.5386258   1.4661479   1.3999714   1.3484214   1.3112423   1.2852471
   4.0788513   1.3095504   1.6441525   1.6290734   1.5905262   1.5288951   1.4606875   1.4015127   1.3565273   1.3245449   1.3022916
   4.1008991   2.1868545   1.8914010   1.6811239   1.5845092   1.5138512   1.4509983   1.4001580   1.3627891   1.3367029   1.3186171
   4.1229470   2.9261812   2.0828186   1.7160882   1.5711411   1.4935936   1.4375888   1.3963667   1.3675372   1.3479317   1.3343553
   4.1449948   3.2116265   2.1681630   1.7230621   1.5484277   1.4683426   1.4210596   1.3906603   1.3711380   1.3584659   1.3496482
   4.1670427   3.0416644   2.1238070   1.6957573   1.5151234   1.4385091   1.4021064   1.3836133   1.3739863   1.3685545   1.3646442
   4.1890905   2.4477393   1.9605003   1.6334910   1.4710111   1.4047512   1.3815190   1.3758441   1.3764975   1.3784557   1.3794960
   4.2111384   1.5929876   1.7178524   1.5409693   1.4170219   1.3680084   1.3601751   1.3680029   1.3790985   1.3884312   1.3943565
   4.2331862   0.9005726   1.4482400   1.4270165   1.3551862   1.3295079   1.3390291   1.3607582   1.3822181   1.3987403   1.4093760
   4.2552340   0.6617114   1.1983397   1.3026475   1.2884432   1.2907420   1.3190926   1.3547820   1.3862773   1.4096343   1.4246988
   4.2772819   0.7483182   0.9969385   1.1790016   1.2203534   1.2534174   1.3014103   1.3507332   1.3916788   1.4213504   1.4404598
   4.2993297   0.8146852   0.8530088   1.0656160   1.1547711   1.2193811   1.2870286   1.3492405   1.3987975   1.4341062   1.4567816
   4.3213776   0.6955468   0.7617270   0.9693617   1.0955305   1.1905305   1.2769607   1.3508845   1.4079704   1.4480947   1.4737718
   4.3434254   0.5412701   0.7125596   0.8941468   1.0461867   1.1687135   1.2721482   1.3561804   1.4194881   1.4634791   1.4915203
   4.3654733   0.5329418   0.6946083   0.8413015   1.0098324   1.1556283   1.2734229   1.3655616   1.4335864   1.4803892   1.5100972
   4.3875211   0.6427057   0.6981805   0.8104270   0.9889890   1.1527291   1.2814701   1.3793643   1.4504397   1.4989174   1.5295511
   4.4095690   0.7456431   0.7145235   0.8004398   0.9855569   1.1611433   1.2967951   1.3978154   1.4701553   1.5191169   1.5499079
   4.4316168   0.7932482   0.7359528   0.8105488   1.0007975   1.1816065   1.3196974   1.4210223   1.4927701   1.5409997   1.5711701
   4.4536646   0.8087875   0.7571426   0.8409432   1.0353197   1.2144170   1.3502513   1.4489667   1.5182483   1.5645359   1.5933162
   4.4757125   0.8058719   0.7770878   0.8930263   1.0890552   1.2594135   1.3882959   1.4815024   1.5464814   1.5896542   1.6163017
   4.4977603   0.7851091   0.8010722   0.9691059   1.1612177   1.3159760   1.4334358   1.5183568   1.5772905   1.6162436   1.6400589
   4.5198082   0.7798510   0.8421415   1.0715534   1.2502615   1.3830503   1.4850498   1.5591370   1.6104300   1.6441551   1.6644993
   4.5418560   0.8023089   0.9210700   1.2015760   1.3538644   1.4591944   1.5423109   1.6033392   1.6455933   1.6732055   1.6895145
   4.5639039   0.7688489   1.0628669   1.3578874   1.4689655   1.5426443   1.6042134   1.6503629   1.6824205   1.7031816   1.7149790
   4.5859517   0.6559724   1.2881550   1.5356702   1.5918855   1.6313952   1.6696073   1.6995277   1.7205074   1.7338445   1.7407525
   4.6079996   0.7224842   1.6006288   1.7262403   1.7185378   1.7232918   1.7372381   1.7500926   1.7594157   1.7649357   1.7666828
   4.6300474   1.3706542   1.9761988   1.9177096   1.8447195   1.8161230   1.8057895   1.8012780   1.7986842   1.7961825   1.7926090
   4.6520952   2.6275918   2.3616159   2.0966899   1.9664458   1.9077129   1.8739277   1.8522879   1.8378404   1.8273045   1.8183648
   4.6741431   3.8277143   2.6870388   2.2507606   2.0802752   1.9960019   1.9403448   1.9023334   1.8764128   1.8580198   1.8437817
   4.6961909   4.2392907   2.8891217   2.3711162   2.1835613   2.0791147   2.0038003   1.9506547   1.9139422   1.8880512   1.8686927
   4.7182388   3.9200337   2.9342916   2.4546490   2.2745817   2.1554102   2.0631584   1.9965427   1.9499932   1.9171326   1.8929352
   4.7402866   3.3376080   2.8314070   2.5047816   2.3525114   2.2235140   2.1174209   2.0393576   1.9841645   1.9450141   1.9163542
   4.7623345   2.6631546   2.6292076   2.5306534   2.4172463   2.2823352   2.1657537   2.0785455   2.0160981   1.9714675   1.9388053
   4.7843823   2.0073380   2.4016996   2.5447168   2.4691158   2.3310719   2.2075073   2.1136515   2.0454868   1.9962908   1.9601573
   4.8064302   1.5741640   2.2282994   2.5592863   2.5085564   2.3692087   2.2422308   2.1443292   2.0720805   2.0193117   1.9802940
   4.8284780   1.3427288   2.1740660   2.5829441   2.5358290   2.3965133   2.2696783   2.1703462   2.0956905   2.0403908   1.9991165
   4.8505259   1.2178205   2.2723585   2.6178284   2.5508572   2.4130331   2.2898088   2.1915862   2.1161917   2.0594234   2.0165442
   4.8725737   1.4357134   2.5119296   2.6586461   2.5532377   2.4190942   2.3027791   2.2080468   2.1335234   2.0763403   2.0325159
   4.8946215   2.3526449   2.8330950   2.6938023   2.5424288   2.4153012   2.3089301   2.2198337   2.1476880   2.0911086   2.0469900
   4.9166694   3.8404236   3.1390069   2.7084424   2.5180789   2.4025326   2.3087670   2.2271523   2.1587484   2.1037303   2.0599445
   4.9387172   5.1378163   3.3237091   2.6886288   2.4804138   2.3819268   2.3029341   2.2302959   2.1668229   2.1142410   2.0713768
   4.9607651   5.4014503   3.3091276   2.6255184   2.4305829   2.3548538   2.2921843   2.2296319   2.1720802   2.1227073   2.0813023
   4.9828129   4.4422017   3.0750928   2.5183783   2.3708633   2.3228667   2.2773467   2.2255869   2.1747324   2.1292240   2.0897533
   5.0048608   2.8607814   2.6673488   2.3756000   2.3046525   2.2876323   2.2592908   2.2186309   2.1750273   2.1339103   2.0967771
   5.0269086   1.4478381   2.1793793   2.2134421   2.2362208   2.2508443   2.2388919   2.2092609   2.1732404   2.1369054   2.1024344
   5.0489565   0.6070483   1.7178043   2.0528570   2.1702532   2.2141230   2.2169974   2.1979857   2.1696666   2.1383647   2.1067969
   5.0710043   0.3098028   1.3686406   1.9152428   2.1112564   2.1789149   2.1943979   2.1853111   2.1646116   2.1384543   2.1099448
   5.0930521   0.3789531   1.1785706   1.8181753   2.0629416   2.1464009   2.1718033   2.1717276   2.1583840   2.1373467   2.1119643
   5.1151000   0.6749365   1.1549289   1.7720817   2.0276996   2.1174272   2.1498257   2.1576989   2.1512871   2.1352161   2.1129454
   5.1371478   1.0383967   1.2777878   1.7785034   2.0062716   2.0924688   2.1289710   2.1436532   2.1436117   2.1322336   2.1129792
   5.1591957   1.2990369   1.5131939   1.8301825   1.9976781   2.0716304   2.1096373   2.1299759   2.1356298   2.1285628   2.1121557
   5.1812435   1.4855565   1.8196944   1.9128138   1.9994203   2.0546885   2.0921214   2.1170050   2.1275883   2.1243563   2.1105612
   5.2032914   1.8594536   2.1479601   2.0080082   2.0079146   2.0411676   2.0766315   2.1050275   2.1197043   2.1197516   2.1082767
   5.2253392   2.6373985   2.4402449   2.0968330   2.0190809   2.0304434   2.0633035   2.0942778   2.1121608   2.1148686   2.1053762
   5.2473871   3.6485099   2.6375171   2.1632275   2.0289799   2.0218582   2.0522195   2.0849362   2.1051034   2.1098069   2.1019250
   5.2694349   4.2251280   2.6959499   2.1966402   2.0343937   2.0148344   2.0434248   2.0771293   2.0986383   2.1046440   2.0979787
   5.2914827   3.7734449   2.6053130   2.1934002   2.0332614   2.0089714   2.0369429   2.0709294   2.0928304   2.0994345   2.0935828
   5.3135306   2.5712887   2.3971939   2.1566106   2.0249147   2.0041125   2.0327838   2.0663551   2.0877031   2.0942094   2.0887720
   5.3355784   1.4966009   2.1354477   2.0946988   2.0100974   2.0003735   2.0309467   2.0633707   2.0832384   2.0889765   2.0835703
   5.3576263   1.0205464   1.8919807   2.0190832   1.9907921   1.9981304   2.0314150   2.0618872   2.0793786   2.0837212   2.0779916
   5.3796741   0.9742555   1.7199144   1.9416199   1.9699019   1.9979651   2.0341445   2.0617616   2.0760281   2.0784084   2.0720403
   5.4017220   1.1299355   1.6372098   1.8724946   1.9508510   2.0005774   2.0390467   2.0627978   2.0730568   2.0729842   2.0657124
   5.4237698   1.4991943   1.6273078   1.8190240   1.9371642   2.0066726   2.0459683   2.0647481   2.0703042   2.0673793   2.0589971
   5.4458177   2.0096874   1.6543450   1.7854986   1.9320732   2.0168366   2.0546701   2.0673160   2.0675840   2.0615119   2.0518779
   5.4678655   2.2764435   1.6840339   1.7738567   1.9381806   2.0314140   2.0648095   2.0701599   2.0646902   2.0552914   2.0443352
   5.4899134   2.0276478   1.6996862   1.7847538   1.9571920   2.0504015   2.0759274   2.0729003   2.0614037   2.0486226   2.0363475
   5.5119612   1.5239871   1.7062300   1.8185300   1.9897162   2.0733696   2.0874443   2.0751279   2.0574990   2.0414097   2.0278939
   5.5340090   1.2033850   1.7220352   1.8756877   2.0351314   2.0994229   2.0986664   2.0764148   2.0527529   2.0335608   2.0189558
   5.5560569   1.2517106   1.7655746   1.9566926   2.0915175   2.1272051   2.1088037   2.0763281   2.0469515   2.0249918   2.0095193
   5.5781047   1.6661567   1.8468470   2.0611378   2.1556660   2.1549510   2.1169985   2.0744450   2.0398991   2.0156313   1.9995766
   5.6001526   2.2294905   1.9691973   2.1865070   2.2231879   2.1805852   2.1223653   2.0703699   2.0314259   2.0054235   1.9891280
   5.6222004   2.4839509   2.1378242   2.3269110   2.2887383   2.2018591   2.1240375   2.0637517   2.0213960   1.9943323   1.9781830
   5.6442483   2.1807100   2.3638721   2.4722479   2.3463752   2.2165172   2.1212194   2.0543014   2.0097135   1.9823440   1.9667617
   5.6662961   1.6610845   2.6547921   2.6082235   2.3900440   2.2224786   2.1132387   2.0418082   1.9963292   1.9694693   1.9548954
   5.6883440   1.7000877   2.9934191   2.7175312   2.4141595   2.2180164   2.0995958   2.0261538   1.9812446   1.9557452   1.9426269
   5.7103918   2.9672816   3.3215436   2.7822226   2.4142237   2.2019170   2.0800051   2.0073236   1.9645154   1.9412353   1.9300106
   5.7324396   5.1208887   3.5462419   2.7869297   2.3874003   2.1736047   2.0544254   1.9854139   1.9462524   1.9260298   1.9171122
   5.7544875   6.4668715   3.5735489   2.7222460   2.3329537   2.1332163   2.0230772   1.9606349   1.9266211   1.9102445   1.9040074
   5.7765353   5.6442523   3.3530728   2.5873769   2.2524701   2.0816160   1.9864432   1.9333092   1.9058393   1.8940185   1.8907809
   5.7985832   3.4025479   2.9061981   2.3912492   2.1498068   2.0203504   1.9452542   1.9038642   1.8841727   1.8775116   1.8775248
   5.8206310   1.4672295   2.3199484   2.1516360   2.0307545   1.9515440   1.9004598   1.8728218   1.8619284   1.8609005   1.8643361
   5.8426789   0.5251545   1.7113238   1.8923974   1.9024478   1.8777482   1.8531864   1.8407819   1.8394473   1.8443745   1.8513150
   5.8647267   0.2267603   1.1846323   1.6394665   1.7726009   1.8017582   1.8046863   1.8084035   1.8170945   1.8281306   1.8385618
   5.8867746   0.1343955   0.8042700   1.4165363   1.6486809   1.7264165   1.7562803   1.7763832   1.7952486   1.8123677   1.8261747
   5.9088224   0.0813494   0.5907750   1.2414202   1.5371373   1.6544252   1.7092995   1.7454313   1.7742909   1.7972811   1.8142464
   5.9308702   0.0705570   0.5325953   1.1238010   1.4428026   1.5881841   1.6650290   1.7162475   1.7545929   1.7830565   1.8028616
   5.9529181   0.1577691   0.6006967   1.0646630   1.3685415   1.5296694   1.6246578   1.6894976   1.7365049   1.7698644   1.7920940
   5.9749659   0.4153599   0.7581053   1.0572841   1.3151886   1.4803640   1.5892362   1.6657907   1.7203443   1.7578538   1.7820042
   5.9970138   0.8859938   0.9644188   1.0893621   1.2817619   1.4412387   1.5596436   1.6456588   1.7063851   1.7471475   1.7726367
   6.0190616   1.4683013   1.1793028   1.1457194   1.2658995   1.4127824   1.5365674   1.6295393   1.6948479   1.7378374   1.7640181
   6.0411095   1.8812747   1.3674641   1.2110470   1.2644337   1.3950691   1.5204906   1.6177610   1.6858916   1.7299801   1.7561557
   6.0631573   1.9280201   1.5038293   1.2722632   1.2740024   1.3878489   1.5116893   1.6105325   1.6796072   1.7235943   1.7490359
   6.0852052   1.7587888   1.5759759   1.3202134   1.2916018   1.3906466   1.5102369   1.6079359   1.6760126   1.7186585   1.7426237
   6.1072530   1.6561108   1.5827635   1.3505771   1.3150010   1.4028525   1.5160134   1.6099234   1.6750503   1.7151096   1.7368625
   6.1293009   1.7090021   1.5313631   1.3639671   1.3429682   1.4237933   1.5287175   1.6163168   1.6765866   1.7128437   1.7316744
   6.1513487   1.7677352   1.4358450   1.3652964   1.3752932   1.4527750   1.5478803   1.6268120   1.6804133   1.7117166   1.7269616
   6.1733965   1.5710505   1.3178989   1.3625627   1.4126205   1.4890950   1.5728793   1.6409849   1.6862513   1.7115464   1.7226070
   6.1954444   1.0691430   1.2067099   1.3652617   1.4561377   1.5320262   1.6029512   1.6583020   1.6937564   1.7121169   1.7184774
   6.2174922   0.5650489   1.1344208   1.3826784   1.5071795   1.5807785   1.6372057   1.6781318   1.7025270   1.7131823   1.7144250
   6.2395401   0.3967545   1.1271757   1.4223231   1.5668152   1.6344493   1.6746382   1.6997600   1.7121130   1.7144718   1.7102910
   6.2615879   0.6758146   1.1963779   1.4887385   1.6354847   1.6919735   1.7141445   1.7224059   1.7220270   1.7156965   1.7059089
   6.2836358   1.2477493   1.3359516   1.5828334   1.7127343   1.7520836   1.7545375   1.7452415   1.7317560   1.7165556   1.7011077
   6.3056836   1.7420402   1.5275178   1.7017903   1.7970866   1.8132891   1.7945670   1.7674107   1.7407740   1.7167436   1.6957163
   6.3277315   1.9020447   1.7496290   1.8394927   1.8860545   1.8738820   1.8329438   1.7880511   1.7485555   1.7159582   1.6895671
   6.3497793   1.8723481   1.9846093   1.9873468   1.9762900   1.9319695   1.8683684   1.8063155   1.7545890   1.7139071   1.6824999
   6.3718271   1.9894965   2.2192570   2.1353438   2.0638396   1.9855329   1.8995630   1.8213941   1.7583900   1.7103156   1.6743660
   6.3938750   2.4313168   2.4409822   2.2732169   2.1444651   2.0325090   1.9253079   1.8325360   1.7595139   1.7049338   1.6650318
   6.4159228   2.9818369   2.6341136   2.3915628   2.2139862   2.0708853   1.9444792   1.8390702   1.7575681   1.6975430   1.6543820
   6.4379707   3.1994768   2.7799908   2.4828086   2.2685982   2.0988016   1.9560876   1.8404247   1.7522222   1.6879611   1.6423227
   6.4600185   3.1087188   2.8611400   2.5419020   2.3051340   2.1146493   1.9593147   1.8361436   1.7432174   1.6760480   1.6287840
   6.4820664   3.1657387   2.8675132   2.5666075   2.3212441   2.1171605   1.9535462   1.8259011   1.7303738   1.6617094   1.6137222
   6.5041142   3.3497107   2.8021973   2.5573382   2.3154924   2.1054792   1.9383992   1.8095124   1.7135955   1.6448993   1.5971206
   6.5261621   3.1386683   2.6837680   2.5165411   2.2873707   2.0792117   1.9137410   1.7869404   1.6928740   1.6256222   1.5789914
   6.5482099   2.4070685   2.5423664   2.4477828   2.2372529   2.0384530   1.8797009   1.7582986   1.6682887   1.6039330   1.5593748
   6.5702577   1.6973171   2.4085680   2.3547892   2.1663096   1.9837882   1.8366697   1.7238490   1.6400056   1.5799366   1.5383393
   6.5923056   1.5968714   2.2989816   2.2407349   2.0764062   1.9162700   1.7852911   1.6839958   1.6082738   1.5537855   1.5159804
   6.6143534   2.1170793   2.2069183   2.1080041   1.9699998   1.8373752   1.7264424   1.6392749   1.5734190   1.5256769   1.4924189
   6.6364013   2.7053082   2.1053953   1.9584847   1.8500405   1.7489428   1.6612057   1.5903393   1.5358359   1.4958484   1.4677987
   6.6584491   2.8078617   1.9622885   1.7942544   1.7198778   1.6530971   1.5908324   1.5379408   1.4959785   1.4645729   1.4422840
   6.6804970   2.3374106   1.7589617   1.6183625   1.5831597   1.5521614   1.5167010   1.4829091   1.4543491   1.4321523   1.4160562
   6.7025448   1.5923939   1.5011485   1.4353767   1.4437165   1.4485649   1.4402714   1.4261290   1.4114855   1.3989111   1.3893101
   6.7245927   0.9058354   1.2162893   1.2514508   1.3054204   1.3447482   1.3630366   1.3685155   1.3679485   1.3651892   1.3622505
   6.7466405   0.4647916   0.9404316   1.0738506   1.1720219   1.2430717   1.2864755   1.3109899   1.3243081   1.3313345   1.3350877
   6.7686883   0.3026115   0.7035268   0.9100680   1.0469717   1.1457321   1.2120077   1.2544547   1.2811301   1.2976954   1.3080336
   6.7907362   0.3128594   0.5211409   0.7667733   0.9332455   1.0546893   1.1409527   1.1997714   1.2389632   1.2646134   1.2812978
   6.8127840   0.3279304   0.3950791   0.6488852   0.8331945   0.9716088   1.0744944   1.1477390   1.1983265   1.2324157   1.2550833
   6.8348319   0.2615789   0.3196831   0.5589675   0.7484433   0.8978206   1.0136528   1.0990760   1.1596983   1.2014092   1.2295827
   6.8568797   0.1547165   0.2881693   0.4970527   0.6798509   0.8342976   0.9592639   1.0544049   1.1235062   1.1718738   1.2049750
   6.8789276   0.0850757   0.2949713   0.4608836   0.6275414   0.7816514   0.9119660   1.0142406   1.0901187   1.1440573   1.1814224
   6.9009754   0.0999857   0.3338001   0.4464913   0.5909988   0.7401456   0.8721952   0.9789821   1.0598384   1.1181711   1.1590673
   6.9230233   0.2393563   0.3943721   0.4489891   0.5692084   0.7097239   0.8401871   0.9489079   1.0328973   1.0943864   1.1380303
   6.9450711   0.5222048   0.4615582   0.4634469   0.5608224   0.6900481   0.8159859   0.9241745   1.0094540   1.0728323   1.1184087
   6.9671190   0.8304207   0.5187439   0.4856992   0.5643207   0.6805447   0.7994573   0.9048190   0.9895924   1.0535935   1.1002749
   6.9891668   0.9211893   0.5538894   0.5129442   0.5781454   0.6804536   0.7903072   0.8907637   0.9733225   1.0367108   1.0836763
   7.0112146   0.7131746   0.5645403   0.5440084   0.6007920   0.6888773   0.7881013   0.8818239   0.9605829   1.0221812   1.0686351
   7.0332625   0.4278380   0.5586677   0.5792017   0.6308535   0.7048261   0.7922881   0.8777171   0.9512451   1.0099596   1.0551490
   7.0553103   0.3252155   0.5512433   0.6197767   0.6670239   0.7272589   0.8022207   0.8780748   0.9451185   0.9999616   1.0431921
   7.0773582   0.4352300   0.5591989   0.6671108   0.7080774   0.7551166   0.8171786   0.8824542   0.9419576   0.9920668   1.0327168
   7.0994060   0.5696197   0.5973829   0.7218252   0.7528410   0.7873491   0.8363884   0.8903517   0.9414690   0.9861225   1.0236557
   7.1214539   0.5460961   0.6756212   0.7831080   0.8001810   0.8229346   0.8590420   0.9012166   0.9433205   0.9819492   1.0159242
   7.1435017   0.4237156   0.7951453   0.8484827   0.8490107   0.8608921   0.8843132   0.9144647   0.9471500   0.9793452   1.0094230
   7.1655496   0.4880289   0.9441302   0.9141540   0.8983217   0.9002876   0.9113718   0.9294918   0.9525745   0.9780923   1.0040416
   7.1875974   0.9900167   1.0957553   0.9758881   0.9472273   0.9402347   0.9393960   0.9456870   0.9591998   0.9779619   0.9996611
   7.2096452   1.8014901   1.2136939   1.0301882   0.9949999   0.9798903   0.9675834   0.9624455   0.9666303   0.9787205   0.9961581
   7.2316931   2.3127575   1.2661422   1.0753871   1.0410834   1.0184478   0.9951605   0.9791808   0.9744776   0.9801357   0.9934073
   7.2537409   2.0284625   1.2424828   1.1122514   1.0850663   1.0551286   1.0213920   0.9953363   0.9823696   0.9819816   0.9912855
   7.2757888   1.2135709   1.1625201   1.1438217   1.1266123   1.0891746   1.0455903   1.0103960   0.9899587   0.9840445   0.9896744
   7.2978366   0.5131390   1.0712693   1.1744552   1.1653583   1.1198435   1.0671250   1.0238944   0.9969292   0.9861277   0.9884641
   7.3198845   0.2341269   1.0207565   1.2083308   1.2008032   1.1464110   1.0854333   1.0354257   1.0030037   0.9880558   0.9875552
   7.3419323   0.3319715   1.0478687   1.2478862   1.2322149   1.1681794   1.1000307   1.0446513   1.0079488   0.9896784   0.9868619
   7.3639802   0.6930385   1.1589538   1.2927117   1.2585855   1.1844956   1.1105230   1.0513069   1.0115797   0.9908739   0.9863136
   7.3860280   1.2133134   1.3276442   1.3392790   1.2786546   1.1947783   1.1166177   1.0552075   1.0137633   0.9915512   0.9858573
   7.4080758   1.8278265   1.5059175   1.3816009   1.2910048   1.1985514   1.1181345   1.0562513   1.0144208   0.9916521   0.9854582
   7.4301237   2.4126036   1.6430590   1.4126019   1.2942203   1.1954835   1.1150154   1.0544213   1.0135281   0.9911517   0.9851010
   7.4521715   2.5975649   1.7043500   1.4257543   1.2870822   1.1854272   1.1073314   1.0497858   1.0111156   0.9900592   0.9847905
   7.4742194   2.1371776   1.6815578   1.4164869   1.2687679   1.1684544   1.0952862   1.0424957   1.0072670   0.9884172   0.9845513
   7.4962672   1.4236752   1.5911030   1.3829981   1.2390192   1.1448831   1.0792158   1.0327811   1.0021161   0.9863001   0.9844276
   7.5183151   1.0676730   1.4621022   1.3263450   1.1982527   1.1152916   1.0595835   1.0209449   0.9958433   0.9838130   0.9844823
   7.5403629   1.1580927   1.3217501   1.2499278   1.1475945   1.0805158   1.0369689   1.0073544   0.9886710   0.9810887   0.9847959
   7.5624108   1.2861313   1.1859481   1.1586488   1.0888371   1.0416294   1.0120525   0.9924317   0.9808577   0.9782852   0.9854650
   7.5844586   1.1551750   1.0584403   1.0580572   1.0243272   0.9999062   0.9855952   0.9766424   0.9726921   0.9755819   0.9866004
   7.6065065   0.9106626   0.9359808   0.9537054   0.9568021   0.9567671   0.9584134   0.9604827   0.9644865   0.9731762   0.9883249
   7.6285543   0.7913294   0.8145833   0.8507939   0.8891967   0.9137154   0.9313519   0.9444670   0.9565695   0.9712797   0.9907712
   7.6506021   0.7484236   0.6934621   0.7540499   0.8244425   0.8722642   0.9052543   0.9291140   0.9492794   0.9701136   0.9940792
   7.6726500   0.6086022   0.5761564   0.6677046   0.7652792   0.8338630   0.8809346   0.9149343   0.9429574   0.9699049   0.9983935
   7.6946978   0.3797125   0.4698810   0.5954350   0.7140915   0.7998273   0.8591492   0.9024184   0.9379407   0.9708823   1.0038605
   7.7167457   0.2057586   0.3840672   0.5401979   0.6727839   0.7712772   0.8405738   0.8920259   0.9345566   0.9732719   1.0106260
   7.7387935   0.1494254   0.3284836   0.5039733   0.6426968   0.7490891   0.8257833   0.8841768   0.9331169   0.9772933   1.0188322
   7.7608414   0.1497319   0.3110178   0.4875074   0.6245667   0.7338637   0.8152394   0.8792448   0.9339135   0.9831562   1.0286151
   7.7828892   0.1409565   0.3351355   0.4901840   0.6185279   0.7259118   0.8092835   0.8775528   0.9372138   0.9910565   1.0401017
   7.8049371   0.1498542   0.3973199   0.5101224   0.6241506   0.7252596   0.8081372   0.8793706   0.9432577   1.0011737   1.0534082
   7.8269849   0.2826095   0.4855958   0.5445284   0.6405074   0.7316709   0.8119089   0.8849148   0.9522552   1.0136676   1.0686368
   7.8490327   0.6140513   0.5810429   0.5902211   0.6662606   0.7446871   0.8206076   0.8943509   0.9643846   1.0286762   1.0858744
   7.8710806   1.0289415   0.6636261   0.6441699   0.6997617   0.7636794   0.8341601   0.9077964   0.9797910   1.0463132   1.1051899
   7.8931284   1.2182653   0.7210499   0.7038494   0.7391595   0.7879123   0.8524326   0.9253261   0.9985861   1.0666665   1.1266332
   7.9151763   1.0073512   0.7561237   0.7672720   0.7825135   0.8166117   0.8752538   0.9469766   1.0208477   1.0897960   1.1502334
   7.9372241   0.5994154   0.7871982   0.8326855   0.8279153   0.8490350   0.9024378   0.9727525   1.0466199   1.1157334   1.1759976
   7.9592720   0.3181475   0.8393735   0.8980798   0.8736177   0.8845364   0.9338051   1.0026310   1.0759128   1.1444803   1.2039099
   7.9813198   0.3232878   0.9299541   0.9607625   0.9181738   0.9226231   0.9691995   1.0365659   1.1087035   1.1760079   1.2339310
   8.0033677   0.6852706   1.0561094   1.0172790   0.9605777   0.9629973   1.0085003   1.0744910   1.1449353   1.2102564   1.2659975
   8.0254155   1.3746627   1.1923936   1.0638452   1.0003947   1.0055805   1.0516288   1.1163211   1.1845183   1.2471352   1.3000221
   8.0474633   2.0209686   1.3003937   1.0972653   1.0378601   1.0505157   1.0985472   1.1619517   1.2273291   1.2865226   1.3358934
   8.0695112   2.1381228   1.3456810   1.1160963   1.0739218   1.0981483   1.1492517   1.2112571   1.2732104   1.3282660   1.3734769
   8.0915590   1.7599273   1.3131367   1.1216837   1.1102044   1.1489850   1.2037598   1.2640871   1.3219707   1.3721830   1.4126151
   8.1136069   1.3172840   1.2131994   1.1186875   1.1488791   1.2036348   1.2620916   1.3202617   1.3733840   1.4180619   1.4531293
   8.1356547   0.9702380   1.0772123   1.1148450   1.1924432   1.2627361   1.3242491   1.3795664   1.4271893   1.4656630   1.4948202
   8.1577026   0.6356207   0.9457821   1.1199289   1.2434247   1.3268778   1.3901922   1.4417454   1.4830908   1.5147203   1.5374703
   8.1797504   0.3795432   0.8565738   1.1440829   1.3040531   1.3965211   1.4598157   1.5064965   1.5407580   1.5649433   1.5808452
   8.2017983   0.3635109   0.8366724   1.1958800   1.3759444   1.4719308   1.5329280   1.5734659   1.5998269   1.6160193   1.6246958
   8.2238461   0.5995948   0.9010513   1.2805260   1.4598536   1.5531210   1.6092329   1.6422442   1.6599012   1.6676162   1.6687611
   8.2458939   0.8905619   1.0547878   1.3986103   1.5555415   1.6398225   1.6883169   1.7123649   1.7205549   1.7193856   1.7127704
   8.2679418   1.0174324   1.2944553   1.5457099   1.6617810   1.7314717   1.7696415   1.7833044   1.7813357   1.7709661   1.7564463
   8.2899896   1.0528255   1.6053834   1.7130007   1.7765031   1.8272220   1.8525427   1.8544845   1.8417689   1.8219878   1.7995077
   8.3120375   1.3997342   1.9562889   1.8888283   1.8970566   1.9259740   1.9362365   1.9252780   1.9013629   1.8720757   1.8416725
   8.3340853   2.3726608   2.2978346   2.0609678   2.0205283   2.0264198   2.0198309   1.9950163   1.9596155   1.9208550   1.8826613
   8.3561332   3.6389363   2.5718408   2.2190953   2.1440636   2.1270948   2.1023435   2.0630000   2.0160208   1.9679553   1.9222001
   8.3781810   4.2541901   2.7311860   2.3568685   2.2651214   2.2264316   2.1827241   2.1285119   2.0700767   2.0130158   1.9600237
   8.4002289   3.7243076   2.7613781   2.4730401   2.3816209   2.3228102   2.2598808   2.1908314   2.1212939   2.0556903   1.9958788
   8.4222767   2.7144475   2.6911127   2.5712384   2.4919567   2.4146033   2.3327100   2.2492509   2.1692041   2.0956519   2.0295267
   8.4443246   2.0668386   2.5844435   2.6584109   2.5948951   2.5002140   2.4001274   2.3030928   2.2133690   2.1325976   2.0607462
   8.4663724   1.7843175   2.5173794   2.7423368   2.6893886   2.5781079   2.4611000   2.3517270   2.2533886   2.1662531   2.0893364
   8.4884202   1.5887791   2.5493590   2.8289289   2.7743666   2.6468433   2.5146788   2.3945877   2.2889098   2.1963765   2.1151183
   8.5104681   1.6923756   2.7013451   2.9201327   2.8485610   2.7051010   2.5600290   2.4311896   2.3196331   2.2227621   2.1379375
   8.5325159   2.4444601   2.9486522   3.0130514   2.9104184   2.7517187   2.5964594   2.4611418   2.3453191   2.2452429   2.1576650
   8.5545638   3.6566163   3.2309003   3.1005238   2.9581245   2.7857299   2.6234476   2.4841599   2.3657935   2.2636929   2.1741987
   8.5766116   4.6298864   3.4750894   3.1729121   2.9897427   2.8064079   2.6406614   2.5000745   2.3809505   2.2780287   2.1874643
   8.5986595   4.7809499   3.6221948   3.2204819   3.0034390   2.8133134   2.6479742   2.5088373   2.3907544   2.2882098   2.1974152
   8.6207073   4.2162454   3.6459583   3.2356185   2.9977524   2.8063386   2.6454752   2.5105221   2.3952397   2.2942383   2.2040322
   8.6427552   3.6045396   3.5568290   3.2142505   2.9718587   2.7857455   2.6334705   2.5053237   2.3945095   2.2961579   2.2073235
   8.6648030   3.3670484   3.3918783   3.1561962   2.9257838   2.7521893   2.6124774   2.4935509   2.3887314   2.2940520   2.2073232
   8.6868508   3.2063037   3.1973620   3.0645452   2.8605326   2.7067230   2.5832097   2.4756175   2.3781326   2.2880404   2.2040899
   8.7088987   2.7194974   3.0112413   2.9445056   2.7781197   2.6507780   2.5465551   2.4520285   2.3629930   2.2782767   2.1977050
   8.7309465   2.2082558   2.8506145   2.8022502   2.6814981   2.5861192   2.5035441   2.4233639   2.3436373   2.2649434   2.1882706
   8.7529944   2.3147569   2.7074439   2.6441820   2.5744006   2.5147750   2.4553130   2.3902602   2.3204254   2.2482481   2.1759073
   8.7750422   2.9999396   2.5551399   2.4767659   2.4611096   2.4389453   2.4030611   2.3533898   2.2937434   2.2284182   2.1607511
   8.7970901   3.4170240   2.3652515   2.3067691   2.3461777   2.3608939   2.3480052   2.3134401   2.2639926   2.2056958   2.1429516
   8.8191379   2.9074400   2.1271859   2.1415585   2.2341191   2.2828329   2.2913336   2.2710921   2.2315802   2.1803329   2.1226683
   8.8411858   1.7905481   1.8595766   1.9890817   2.1290974   2.2068080   2.2341611   2.2270006   2.1969089   2.1525860   2.1000685
   8.8632336   0.8442784   1.6053078   1.8573211   2.0346309   2.1345942   2.1774885   2.1817756   2.1603681   2.1227115   2.0753241
   8.8852814   0.4345551   1.4124829   1.7532613   1.9533436   2.0676094   2.1221691   2.1359665   2.1223257   2.0909610   2.0486094
   8.9073293   0.5344195   1.3130579   1.6816480   1.8867881   2.0068545   2.0688825   2.0900495   2.0831210   2.0575774   2.0200983
   8.9293771   1.0308825   1.3118089   1.6439267   1.8353611   1.9528816   2.0181184   2.0444183   2.0430594   2.0227915   1.9899622
   8.9514250   1.6049157   1.3901691   1.6377193   1.7983287   1.9057948   1.9701705   1.9993793   2.0024084   1.9868188   1.9583679
   8.9734728   1.7845241   1.5190340   1.6570303   1.7739609   1.8652800   1.9251406   1.9551500   1.9613950   1.9498575   1.9254759
   8.9955207   1.5473668   1.6700579   1.6931673   1.7597617   1.8306608   1.8829523   1.9118615   1.9202052   1.9120868   1.8914391
   9.0175685   1.4738530   1.8191192   1.7361748   1.7527657   1.8009739   1.8433727   1.8695649   1.8789842   1.8736661   1.8564015
   9.0396164   1.9504160   1.9440493   1.7764673   1.7498588   1.7750561   1.8060412   1.8282401   1.8378389   1.8347348   1.8204971
   9.0616642   2.6039147   2.0236291   1.8063212   1.7480800   1.7516365   1.7705022   1.7878071   1.7968410   1.7954124   1.7838500
   9.0837121   2.8127102   2.0421896   1.8209293   1.7448621   1.7294239   1.7362406   1.7481393   1.7560308   1.7557995   1.7465735
   9.1057599   2.4462446   1.9971634   1.8188215   1.7381831   1.7071863   1.7027178   1.7090774   1.7154226   1.7159790   1.7087705
   9.1278077   1.8535437   1.9028260   1.8015843   1.7266184   1.6838153   1.6694054   1.6704436   1.6750095   1.6760179   1.6705337
   9.1498556   1.4303043   1.7861208   1.7729623   1.7093015   1.6583761   1.6358157   1.6320551   1.6347690   1.6359689   1.6319459
   9.1719034   1.3405714   1.6768530   1.7375587   1.6858196   1.6301406   1.6015272   1.5937362   1.5946681   1.5958728   1.5930805
   9.1939513   1.4674978   1.5982620   1.6994501   1.6560803   1.5986051   1.5662039   1.5553291   1.5546687   1.5557603   1.5540028
   9.2159991   1.5320201   1.5620446   1.6610569   1.6201867   1.5634967   1.5296085   1.5167021   1.5147316   1.5156543   1.5147702
   9.2380470   1.3704892   1.5672888   1.6225520   1.5783516   1.5247672   1.4916084   1.4777550   1.4748204   1.4755720   1.4754334
   9.2600948   1.2192886   1.6007765   1.5819530   1.5308686   1.4825802   1.4521751   1.4384231   1.4349047   1.4355266   1.4360374
   9.2821427   1.4858153   1.6383125   1.5358610   1.4781391   1.4372904   1.4113777   1.3986775   1.3949619   1.3955291   1.3966222
   9.3041905   2.1055687   1.6495749   1.4806342   1.4207390   1.3894165   1.3693710   1.3585235   1.3549790   1.3555897   1.3572242
   9.3262383   2.4666771   1.6079440   1.4136635   1.3594973   1.3396083   1.3263784   1.3179974   1.3149531   1.3157191   1.3178764
   9.3482862   2.1437926   1.5019578   1.3343969   1.2955532   1.2886079   1.2826732   1.2771610   1.2748912   1.2759293   1.2786096
   9.3703340   1.3918247   1.3414372   1.2448393   1.2303652   1.2372048   1.2385567   1.2360959   1.2348094   1.2362345   1.2394532
   9.3923819   0.7622054   1.1534715   1.1494150   1.1656524   1.1861869   1.1943362   1.1948960   1.1947324   1.1966514   1.2004355
   9.4144297   0.5184425   0.9702847   1.0542574   1.1032684   1.1362895   1.1503048   1.1536614   1.1546915   1.1571997   1.1615847
   9.4364776   0.5489743   0.8166533   0.9661309   1.0450195   1.0881450   1.1067220   1.1124914   1.1147233   1.1179020   1.1229289
   9.4585254   0.6424603   0.7041943   0.8912565   0.9924557   1.0422382   1.0637992   1.0714795   1.0748683   1.0787839   1.0844966
   9.4805733   0.6687434   0.6341189   0.8342852   0.9466679   0.9988707   1.0216886   1.0307082   1.0351691   1.0398738   1.0463172
   9.5026211   0.5715923   0.6039736   0.7975878   0.9081272   0.9581398   0.9804779   0.9902465   0.9956694   1.0012027   1.0084210
   9.5246689   0.3929564   0.6121189   0.7809328   0.8765951   0.9199339   0.9401897   0.9501485   0.9564132   0.9628040   0.9708393
   9.5467168   0.2952435   0.6568817   0.7815501   0.8511231   0.8839464   0.9007865   0.9104529   0.9174436   0.9247132   0.9336045
   9.5687646   0.4447798   0.7323148   0.7945305   0.8301452   0.8497084   0.8621802   0.8711849   0.8788030   0.8869678   0.8967500
   9.5908125   0.8433534   0.8252056   0.8134921   0.8116521   0.8166354   0.8242455   0.8323582   0.8405328   0.8496067   0.8603104
   9.6128603   1.2439842   0.9165442   0.8314271   0.7934243   0.7840869   0.7868356   0.7939790   0.8026735   0.8126701   0.8243211
   9.6349082   1.3428032   0.9867021   0.8416254   0.7732916   0.7514294   0.7497993   0.7560500   0.7652655   0.7761996   0.7888183
   9.6569560   1.1593952   1.0207300   0.8385554   0.7493839   0.7180989   0.7129980   0.7185739   0.7283494   0.7402376   0.7538388
   9.6790039   1.0331327   1.0108055   0.8185742   0.7203393   0.6836548   0.6763208   0.6815585   0.6919667   0.7048272   0.7194197
   9.7010517   1.1277476   0.9558561   0.7803585   0.6854441   0.6478207   0.6396967   0.6450194   0.6561602   0.6700120   0.6855985
   9.7230996   1.1846665   0.8604657   0.7249863   0.6446882   0.6105078   0.6031031   0.6089830   0.6209747   0.6358361   0.6524124
   9.7451474   0.9419193   0.7344319   0.6556642   0.5987323   0.5718183   0.5665703   0.5734886   0.5864573   0.6023436   0.6198981
   9.7671952   0.5263701   0.5921881   0.5771544   0.5487974   0.5320315   0.5301807   0.5385887   0.5526572   0.5695783   0.5880921
   9.7892431   0.2177018   0.4505440   0.4950117   0.4964936   0.4915721   0.4940643   0.5043490   0.5196258   0.5375836   0.5570295
   9.8112909   0.1000999   0.3247366   0.4147681   0.4436172   0.4509677   0.4583908   0.4708466   0.4874162   0.5064021   0.5267445
   9.8333388   0.0868566   0.2247437   0.3412030   0.3919431   0.4107995   0.4233581   0.4381679   0.4560825   0.4760751   0.4972696
   9.8553866   0.0839796   0.1539752   0.2778048   0.3430405   0.3716514   0.3891801   0.4064054   0.4256792   0.4466423   0.4686354
   9.8774345   0.0598358   0.1106931   0.2264868   0.2981332   0.3340643   0.3560733   0.3756545   0.3962598   0.4181410   0.4408707
   9.8994823   0.0298446   0.0906167   0.1875655   0.2580171   0.2984979   0.3242445   0.3460091   0.3678758   0.3906064   0.4140015
   9.9215302   0.0148300   0.0887819   0.1599669   0.2230399   0.2653052   0.2938796   0.3175584   0.3405756   0.3640700   0.3880514
   9.9435780   0.0272673   0.0998763   0.1415960   0.1931364   0.2347187   0.2651348   0.2903835   0.3144031   0.3385603   0.3630408
   9.9656258   0.0824039   0.1177366   0.1297939   0.1679071   0.2068500   0.2381307   0.2645540   0.2893969   0.3141014   0.3389872
   9.9876737   0.1818686   0.1353095   0.1218054   0.1467247   0.1816992   0.2129488   0.2401258   0.2655888   0.2907131   0.3159046
  10.0097215   0.2730543   0.1458129   0.1151878   0.1288479   0.1591736   0.1896312   0.2171397   0.2430035   0.2684107   0.2938035
  10.0317694   0.2779216   0.1446888   0.1081079   0.1135280   0.1391106   0.1681826   0.1956199   0.2216574   0.2472040   0.2726908
  10.0538172   0.1917379   0.1311369   0.0994933   0.1000939   0.1213022   0.1485742   0.1755745   0.2015588   0.2270980   0.2525695
  10.0758651   0.0896608   0.1081670   0.0890309   0.0880085   0.1055193   0.1307486   0.1569953   0.1827073   0.2080922   0.2334390
  10.0979129   0.0284189   0.0810656   0.0770335   0.0768939   0.0915318   0.1146265   0.1398595   0.1650938   0.1901807   0.2152948
  10.1199608   0.0061055   0.0551607   0.0642207   0.0665297   0.0791237   0.1001123   0.1241305   0.1487013   0.1733524   0.1981287
  10.1420086   0.0008891   0.0340664   0.0514713   0.0568287   0.0681037   0.0871002   0.1097603   0.1335047   0.1575911   0.1819290
  10.1640564   0.0000878   0.0190923   0.0396052   0.0478003   0.0583097   0.0754793   0.0966916   0.1194719   0.1428756   0.1666802
  10.1861043   0.0000059   0.0097095   0.0292322   0.0395094   0.0496090   0.0651383   0.0848590   0.1065646   0.1291803   0.1523637
  10.2081521   0.0000003   0.0044804   0.0206849   0.0320379   0.0418952   0.0559683   0.0741923   0.0947387   0.1164755   0.1389577
  10.2302000   0.0000000   0.0018760   0.0140274   0.0254549   0.0350834   0.0478651   0.0646172   0.0839458   0.1047275   0.1264376
  10.2522478   0.0000000   0.0007127   0.0091146   0.0197972   0.0291036   0.0407310   0.0560581   0.0741337   0.0938996   0.1147761
  10.2742957   0.0000000   0.0002457   0.0056737   0.0150608   0.0238951   0.0344750   0.0484387   0.0652478   0.0839524   0.1039436
  10.2963435   0.0000000   0.0000768   0.0033831   0.0112012   0.0194018   0.0290128   0.0416839   0.0572315   0.0748442   0.0939086
  10.3183914   0.0000000   0.0000218   0.0019323   0.0081409   0.0155683   0.0242667   0.0357203   0.0500274   0.0665317   0.0846378
  10.3404392   0.0000000   0.0000056   0.0010571   0.0057802   0.0123379   0.0201650   0.0304775   0.0435779   0.0589703   0.0760966
  10.3624870   0.0000000   0.0000013   0.0005539   0.0040085   0.0096520   0.0166411   0.0258879   0.0378261   0.0521148   0.0682495
  10.3845349   0.0000000   0.0000003   0.0002779   0.0027146   0.0074504   0.0136333   0.0218879   0.0327162   0.0459201   0.0610601
  10.4065827   0.0000000   0.0000001   0.0001336   0.0017950   0.0056724   0.0110841   0.0184175   0.0281938   0.0403409   0.0544918
  10.4286306   0.0000000   0.0000000   0.0000615   0.0011588   0.0042584   0.0089400   0.0154208   0.0242070   0.0353328   0.0485078
  10.4506784   0.0000000   0.0000000   0.0000271   0.0007303   0.0031514   0.0071512   0.0128457   0.0207061   0.0308523   0.0430715
  10.4727263   0.0000000   0.0000000   0.0000114   0.0004493   0.0022986   0.0056715   0.0106441   0.0176438   0.0268573   0.0381469
  10.4947741   0.0000000   0.0000000   0.0000046   0.0002698   0.0016520   0.0044585   0.0087718   0.0149759   0.0233072   0.0336984
  10.5168220   0.0000000   0.0000000   0.0000018   0.0001582   0.0011698   0.0034733   0.0071882   0.0126611   0.0201629   0.0296916
  10.5388698   0.0000000   0.0000000   0.0000007   0.0000905   0.0008161   0.0026808   0.0058565   0.0106608   0.0173876   0.0260928
  10.5609177   0.0000000   0.0000000   0.0000002   0.0000505   0.0005608   0.0020497   0.0047432   0.0089396   0.0149463   0.0228700
  10.5829655   0.0000000   0.0000000   0.0000001   0.0000275   0.0003796   0.0015522   0.0038182   0.0074648   0.0128062   0.0199921
  10.6050133   0.0000000   0.0000000   0.0000000   0.0000147   0.0002530   0.0011640   0.0030544   0.0062066   0.0109366   0.0174296
  10.6270612   0.0000000   0.0000000   0.0000000   0.0000076   0.0001661   0.0008643   0.0024278   0.0051379   0.0093090   0.0151547
  10.6491090   0.0000000   0.0000000   0.0000000   0.0000039   0.0001074   0.0006354   0.0019173   0.0042343   0.0078970   0.0131410
  10.6711569   0.0000000   0.0000000   0.0000000   0.0000019   0.0000684   0.0004624   0.0015041   0.0034739   0.0066765   0.0113637
  10.6932047   0.0000000   0.0000000   0.0000000   0.0000009   0.0000429   0.0003331   0.0011720   0.0028368   0.0056252   0.0097997
  10.7152526   0.0000000   0.0000000   0.0000000   0.0000004   0.0000265   0.0002375   0.0009070   0.0023057   0.0047229   0.0084275
  10.7373004   0.0000000   0.0000000   0.0000000   0.0000002   0.0000161   0.0001676   0.0006971   0.0018652   0.0039514   0.0072272
  10.7593483   0.0000000   0.0000000   0.0000000   0.0000001   0.0000096   0.0001170   0.0005320   0.0015015   0.0032941   0.0061803
  10.7813961   0.0000000   0.0000000   0.0000000   0.0000000   0.0000057   0.0000809   0.0004031   0.0012027   0.0027363   0.0052700
  10.8034439   0.0000000   0.0000000   0.0000000   0.0000000   0.0000033   0.0000553   0.0003032   0.0009586   0.0022646   0.0044809
  10.8254918   0.0000000   0.0000000   0.0000000   0.0000000   0.0000019   0.0000374   0.0002265   0.0007602   0.0018673   0.0037989
  10.8475396   0.0000000   0.0000000   0.0000000   0.0000000   0.0000011   0.0000251   0.0001679   0.0005998   0.0015339   0.0032114
  10.8695875   0.0000000   0.0000000   0.0000000   0.0000000   0.0000006   0.0000166   0.0001236   0.0004708   0.0012553   0.0027067
  10.8916353   0.0000000   0.0000000   0.0000000   0.0000000   0.0000003   0.0000109   0.0000903   0.0003676   0.0010233   0.0022745
  10.9136832   0.0000000   0.0000000   0.0000000   0.0000000   0.0000002   0.0000071   0.0000654   0.0002855   0.0008310   0.0019056
  10.9357310   0.0000000   0.0000000   0.0000000   0.0000000   0.0000001   0.0000045   0.0000471   0.0002205   0.0006722   0.0015918
  10.9577789   0.0000000   0.0000000   0.0000000   0.0000000   0.0000000   0.0000029   0.0000336   0.0001694   0.0005416   0.0013255
  10.9798267   0.0000000   0.0000000   0.0000000   0.0000000   0.0000000   0.0000018   0.0000238   0.0001295   0.0004346   0.0011005
  11.0018745   0.0000000   0.0000000   0.0000000   0.0000000   0.0000000   0.0000011   0.0000168   0.0000984   0.0003474   0.0009108
  11.0239224   0.0000000   0.0000000   0.0000000   0.0000000   0.0000000   0.0000007   0.0000117   0.0000744   0.0002765   0.0007514
 Integrated el-ph coupling
  #            3.2425538   3.2429692   3.2436625   3.2446350   3.2458888   3.2474264   3.2492511   3.2513660   3.2537743   3.2564776
 Phonon smearing (meV)
  #            0.0500000   0.1000000   0.1500000   0.2000000   0.2500000   0.3000000   0.3500000   0.4000000   0.4500000   0.5000000
 Electron smearing (eV)   0.0500000
 Fermi window (eV)   6.0000000
 Summed el-ph coupling    3.2424154
