   0.0220478   0.0000000   0.0000000   0.0000000   0.0000000   0.0000000   0.0000000   0.0000000   0.0000000   0.0000000   0.0000000
   0.0440957   0.0000000   0.0000000   0.0000000   0.0000000   0.0000000   0.0000000   0.0000000   0.0000000   0.0000000   0.0000000
   0.0661435   0.0000000   0.0000000   0.0000000   0.0000000   0.0000000   0.0000000   0.0000000   0.0000000   0.0000000   0.0000000
   0.0881914   0.0000000   0.0000000   0.0000000   0.0000000   0.0000000   0.0000000   0.0000000   0.0000000   0.0000000   0.0000000
   0.1102392   0.0000000   0.0000000   0.0000000   0.0000000   0.0000000   0.0000000   0.0000000   0.0000000   0.0000000   0.0000000
   0.1322871   0.0000000   0.0000000   0.0000000   0.0000000   0.0000000   0.0000000   0.0000000   0.0000000   0.0000000   0.0000000
   0.1543349   0.0000000   0.0000000   0.0000000   0.0000000   0.0000000   0.0000000   0.0000000   0.0000000   0.0000000   0.0000000
   0.1763828   0.0000000   0.0000000   0.0000000   0.0000000   0.0000000   0.0000000   0.0000000   0.0000000   0.0000000   0.0000000
   0.1984306   0.0000000   0.0000000   0.0000000   0.0000000   0.0000000   0.0000000   0.0000000   0.0000000   0.0000000   0.0000000
   0.2204784   0.0000000   0.0000000   0.0000000   0.0000000   0.0000000   0.0000000   0.0000000   0.0000000   0.0000000   0.0000000
   0.2425263   0.0000000   0.0000000   0.0000000   0.0000000   0.0000000   0.0000000   0.0000000   0.0000000   0.0000000   0.0000000
   0.2645741   0.0000000   0.0000000   0.0000000   0.0000000   0.0000000   0.0000000   0.0000000   0.0000000   0.0000000   0.0000000
   0.2866220   0.0000000   0.0000000   0.0000000   0.0000000   0.0000000   0.0000000   0.0000000   0.0000000   0.0000000   0.0000000
   0.3086698   0.0000000   0.0000000   0.0000000   0.0000000   0.0000000   0.0000000   0.0000000   0.0000000   0.0000000   0.0000000
   0.3307177   0.0000000   0.0000000   0.0000000   0.0000000   0.0000000   0.0000000   0.0000000   0.0000000   0.0000000   0.0000000
   0.3527655   0.0000000   0.0000000   0.0000000   0.0000000   0.0000000   0.0000000   0.0000000   0.0000000   0.0000000   0.0000000
   0.3748134   0.0000000   0.0000000   0.0000000   0.0000000   0.0000000   0.0000000   0.0000000   0.0000000   0.0000000   0.0000000
   0.3968612   0.0000000   0.0000000   0.0000000   0.0000000   0.0000000   0.0000000   0.0000000   0.0000000   0.0000000   0.0000000
   0.4189091   0.0000000   0.0000000   0.0000000   0.0000000   0.0000000   0.0000000   0.0000000   0.0000000   0.0000000   0.0000000
   0.4409569   0.0000000   0.0000000   0.0000000   0.0000000   0.0000000   0.0000000   0.0000000   0.0000000   0.0000000   0.0000000
   0.4630047   0.0000000   0.0000000   0.0000000   0.0000000   0.0000000   0.0000000   0.0000000   0.0000000   0.0000000   0.0000000
   0.4850526   0.0000000   0.0000000   0.0000000   0.0000000   0.0000000   0.0000000   0.0000000   0.0000000   0.0000000   0.0000000
   0.5071004   0.0000000   0.0000000   0.0000000   0.0000000   0.0000000   0.0000000   0.0000000   0.0000000   0.0000000   0.0000000
   0.5291483   0.0000000   0.0000000   0.0000000   0.0000000   0.0000000   0.0000000   0.0000000   0.0000000   0.0000000   0.0000000
   0.5511961   0.0000000   0.0000000   0.0000000   0.0000000   0.0000000   0.0000000   0.0000000   0.0000000   0.0000000   0.0000000
   0.5732440   0.0000000   0.0000000   0.0000000   0.0000000   0.0000000   0.0000000   0.0000000   0.0000000   0.0000000   0.0000000
   0.5952918   0.0000000   0.0000000   0.0000000   0.0000000   0.0000000   0.0000000   0.0000000   0.0000000   0.0000000   0.0000000
   0.6173397   0.0000000   0.0000000   0.0000000   0.0000000   0.0000000   0.0000000   0.0000000   0.0000000   0.0000000   0.0000000
   0.6393875   0.0000000   0.0000000   0.0000000   0.0000000   0.0000000   0.0000000   0.0000000   0.0000000   0.0000000   0.0000000
   0.6614353   0.0000000   0.0000000   0.0000000   0.0000000   0.0000000   0.0000000   0.0000000   0.0000000   0.0000000   0.0000000
   0.6834832   0.0000000   0.0000000   0.0000000   0.0000000   0.0000000   0.0000000   0.0000000   0.0000000   0.0000000   0.0000000
   0.7055310   0.0000000   0.0000000   0.0000000   0.0000000   0.0000000   0.0000000   0.0000000   0.0000000   0.0000000   0.0000000
   0.7275789   0.0000000   0.0000000   0.0000000   0.0000000   0.0000000   0.0000000   0.0000000   0.0000000   0.0000000   0.0000000
   0.7496267   0.0000000   0.0000000   0.0000000   0.0000000   0.0000000   0.0000000   0.0000000   0.0000000   0.0000000   0.0000000
   0.7716746   0.0000000   0.0000000   0.0000000   0.0000000   0.0000000   0.0000000   0.0000000   0.0000000   0.0000000   0.0000000
   0.7937224   0.0000000   0.0000000   0.0000000   0.0000000   0.0000000   0.0000000   0.0000000   0.0000000   0.0000000   0.0000000
   0.8157703   0.0000000   0.0000000   0.0000000   0.0000000   0.0000000   0.0000000   0.0000000   0.0000000   0.0000000   0.0000000
   0.8378181   0.0000000   0.0000000   0.0000000   0.0000000   0.0000000   0.0000000   0.0000000   0.0000000   0.0000000   0.0000000
   0.8598659   0.0000000   0.0000000   0.0000000   0.0000000   0.0000000   0.0000000   0.0000000   0.0000000   0.0000000   0.0000000
   0.8819138   0.0000000   0.0000000   0.0000000   0.0000000   0.0000000   0.0000000   0.0000000   0.0000000   0.0000000   0.0000000
   0.9039616   0.0000000   0.0000000   0.0000000   0.0000000   0.0000000   0.0000000   0.0000000   0.0000000   0.0000000   0.0000000
   0.9260095   0.0000000   0.0000000   0.0000000   0.0000000   0.0000000   0.0000000   0.0000000   0.0000000   0.0000000   0.0000000
   0.9480573   0.0000000   0.0000000   0.0000000   0.0000000   0.0000000   0.0000000   0.0000000   0.0000000   0.0000000   0.0000000
   0.9701052   0.0000000   0.0000000   0.0000000   0.0000000   0.0000000   0.0000000   0.0000000   0.0000000   0.0000000   0.0000000
   0.9921530   0.0000000   0.0000000   0.0000000   0.0000000   0.0000000   0.0000000   0.0000000   0.0000000   0.0000000   0.0000000
   1.0142009   0.0000000   0.0000000   0.0000000   0.0000000   0.0000000   0.0000000   0.0000000   0.0000000   0.0000000   0.0000000
   1.0362487   0.0000000   0.0000000   0.0000000   0.0000000   0.0000000   0.0000000   0.0000000   0.0000000   0.0000000   0.0000000
   1.0582965   0.0000000   0.0000000   0.0000000   0.0000000   0.0000000   0.0000000   0.0000000   0.0000000   0.0000000   0.0000000
   1.0803444   0.0000000   0.0000000   0.0000000   0.0000000   0.0000000   0.0000000   0.0000000   0.0000000   0.0000000   0.0000000
   1.1023922   0.0000000   0.0000000   0.0000000   0.0000000   0.0000000   0.0000000   0.0000000   0.0000000   0.0000000   0.0000000
   1.1244401   0.0000000   0.0000000   0.0000000   0.0000000   0.0000000   0.0000000   0.0000000   0.0000000   0.0000000   0.0000000
   1.1464879   0.0000000   0.0000000   0.0000000   0.0000000   0.0000000   0.0000000   0.0000000   0.0000000   0.0000000   0.0000000
   1.1685358   0.0000000   0.0000000   0.0000000   0.0000000   0.0000000   0.0000000   0.0000000   0.0000000   0.0000000   0.0000000
   1.1905836   0.0000000   0.0000000   0.0000000   0.0000000   0.0000000   0.0000000   0.0000000   0.0000000   0.0000000   0.0000000
   1.2126315   0.0000000   0.0000000   0.0000000   0.0000000   0.0000000   0.0000000   0.0000000   0.0000000   0.0000000   0.0000000
   1.2346793   0.0000000   0.0000000   0.0000000   0.0000000   0.0000000   0.0000000   0.0000000   0.0000000   0.0000000   0.0000001
   1.2567272   0.0000000   0.0000000   0.0000000   0.0000000   0.0000000   0.0000000   0.0000000   0.0000000   0.0000000   0.0000001
   1.2787750   0.0000000   0.0000000   0.0000000   0.0000000   0.0000000   0.0000000   0.0000000   0.0000000   0.0000000   0.0000001
   1.3008228   0.0000000   0.0000000   0.0000000   0.0000000   0.0000000   0.0000000   0.0000000   0.0000000   0.0000000   0.0000001
   1.3228707   0.0000000   0.0000000   0.0000000   0.0000000   0.0000000   0.0000000   0.0000000   0.0000000   0.0000000   0.0000001
   1.3449185   0.0000000   0.0000000   0.0000000   0.0000000   0.0000000   0.0000000   0.0000000   0.0000000   0.0000001   0.0000002
   1.3669664   0.0000000   0.0000000   0.0000000   0.0000000   0.0000000   0.0000000   0.0000000   0.0000000   0.0000001   0.0000002
   1.3890142   0.0000000   0.0000000   0.0000000   0.0000000   0.0000000   0.0000000   0.0000000   0.0000000   0.0000001   0.0000002
   1.4110621   0.0000000   0.0000000   0.0000000   0.0000000   0.0000000   0.0000000   0.0000000   0.0000000   0.0000001   0.0000003
   1.4331099   0.0000000   0.0000000   0.0000000   0.0000000   0.0000000   0.0000000   0.0000000   0.0000000   0.0000001   0.0000004
   1.4551578   0.0000000   0.0000000   0.0000000   0.0000000   0.0000000   0.0000000   0.0000000   0.0000000   0.0000002   0.0000004
   1.4772056   0.0000000   0.0000000   0.0000000   0.0000000   0.0000000   0.0000000   0.0000000   0.0000001   0.0000002   0.0000005
   1.4992534   0.0000000   0.0000000   0.0000000   0.0000000   0.0000000   0.0000000   0.0000000   0.0000001   0.0000003   0.0000006
   1.5213013   0.0000000   0.0000000   0.0000000   0.0000000   0.0000000   0.0000000   0.0000000   0.0000001   0.0000003   0.0000008
   1.5433491   0.0000000   0.0000000   0.0000000   0.0000000   0.0000000   0.0000000   0.0000000   0.0000001   0.0000004   0.0000009
   1.5653970   0.0000000   0.0000000   0.0000000   0.0000000   0.0000000   0.0000000   0.0000000   0.0000002   0.0000005   0.0000011
   1.5874448   0.0000000   0.0000000   0.0000000   0.0000000   0.0000000   0.0000000   0.0000001   0.0000002   0.0000006   0.0000013
   1.6094927   0.0000000   0.0000000   0.0000000   0.0000000   0.0000000   0.0000000   0.0000001   0.0000003   0.0000008   0.0000015
   1.6315405   0.0000000   0.0000000   0.0000000   0.0000000   0.0000000   0.0000000   0.0000001   0.0000004   0.0000009   0.0000018
   1.6535884   0.0000000   0.0000000   0.0000000   0.0000000   0.0000000   0.0000000   0.0000001   0.0000005   0.0000011   0.0000021
   1.6756362   0.0000000   0.0000000   0.0000000   0.0000000   0.0000000   0.0000000   0.0000002   0.0000006   0.0000013   0.0000024
   1.6976840   0.0000000   0.0000000   0.0000000   0.0000000   0.0000000   0.0000000   0.0000003   0.0000008   0.0000016   0.0000029
   1.7197319   0.0000000   0.0000000   0.0000000   0.0000000   0.0000000   0.0000001   0.0000003   0.0000009   0.0000019   0.0000034
   1.7417797   0.0000000   0.0000000   0.0000000   0.0000000   0.0000000   0.0000001   0.0000004   0.0000012   0.0000022   0.0000039
   1.7638276   0.0000000   0.0000000   0.0000000   0.0000000   0.0000000   0.0000001   0.0000006   0.0000014   0.0000026   0.0000046
   1.7858754   0.0000000   0.0000000   0.0000000   0.0000000   0.0000000   0.0000002   0.0000008   0.0000017   0.0000031   0.0000054
   1.8079233   0.0000000   0.0000000   0.0000000   0.0000000   0.0000000   0.0000003   0.0000010   0.0000021   0.0000036   0.0000063
   1.8299711   0.0000000   0.0000000   0.0000000   0.0000000   0.0000001   0.0000004   0.0000012   0.0000026   0.0000043   0.0000073
   1.8520190   0.0000000   0.0000000   0.0000000   0.0000000   0.0000001   0.0000005   0.0000016   0.0000031   0.0000050   0.0000086
   1.8740668   0.0000000   0.0000000   0.0000000   0.0000000   0.0000001   0.0000007   0.0000020   0.0000037   0.0000058   0.0000100
   1.8961147   0.0000000   0.0000000   0.0000000   0.0000000   0.0000002   0.0000010   0.0000025   0.0000043   0.0000067   0.0000118
   1.9181625   0.0000000   0.0000000   0.0000000   0.0000000   0.0000003   0.0000013   0.0000030   0.0000051   0.0000077   0.0000138
   1.9402103   0.0000000   0.0000000   0.0000000   0.0000000   0.0000005   0.0000017   0.0000037   0.0000060   0.0000089   0.0000163
   1.9622582   0.0000000   0.0000000   0.0000000   0.0000001   0.0000007   0.0000023   0.0000045   0.0000070   0.0000103   0.0000192
   1.9843060   0.0000000   0.0000000   0.0000000   0.0000001   0.0000010   0.0000029   0.0000055   0.0000081   0.0000119   0.0000228
   2.0063539   0.0000000   0.0000000   0.0000000   0.0000002   0.0000014   0.0000038   0.0000066   0.0000094   0.0000137   0.0000270
   2.0284017   0.0000000   0.0000000   0.0000000   0.0000003   0.0000020   0.0000048   0.0000078   0.0000108   0.0000159   0.0000322
   2.0504496   0.0000000   0.0000000   0.0000000   0.0000006   0.0000027   0.0000060   0.0000092   0.0000124   0.0000183   0.0000385
   2.0724974   0.0000000   0.0000000   0.0000000   0.0000009   0.0000037   0.0000074   0.0000108   0.0000141   0.0000213   0.0000461
   2.0945453   0.0000000   0.0000000   0.0000001   0.0000014   0.0000049   0.0000090   0.0000126   0.0000160   0.0000247   0.0000554
   2.1165931   0.0000000   0.0000000   0.0000002   0.0000022   0.0000065   0.0000109   0.0000145   0.0000182   0.0000288   0.0000667
   2.1386409   0.0000000   0.0000000   0.0000004   0.0000033   0.0000084   0.0000131   0.0000166   0.0000206   0.0000338   0.0000806
   2.1606888   0.0000000   0.0000000   0.0000007   0.0000049   0.0000107   0.0000155   0.0000189   0.0000233   0.0000398   0.0000974
   2.1827366   0.0000000   0.0000000   0.0000014   0.0000069   0.0000135   0.0000182   0.0000213   0.0000264   0.0000471   0.0001179
   2.2047845   0.0000000   0.0000000   0.0000025   0.0000097   0.0000167   0.0000212   0.0000239   0.0000300   0.0000561   0.0001429
   2.2268323   0.0000000   0.0000001   0.0000043   0.0000132   0.0000204   0.0000243   0.0000267   0.0000341   0.0000671   0.0001733
   2.2488802   0.0000000   0.0000003   0.0000071   0.0000176   0.0000245   0.0000276   0.0000297   0.0000389   0.0000806   0.0002102
   2.2709280   0.0000000   0.0000010   0.0000113   0.0000228   0.0000289   0.0000310   0.0000328   0.0000447   0.0000974   0.0002549
   2.2929759   0.0000000   0.0000026   0.0000172   0.0000289   0.0000337   0.0000345   0.0000362   0.0000517   0.0001181   0.0003090
   2.3150237   0.0000000   0.0000060   0.0000251   0.0000358   0.0000386   0.0000381   0.0000398   0.0000602   0.0001437   0.0003743
   2.3370715   0.0000000   0.0000127   0.0000351   0.0000432   0.0000435   0.0000415   0.0000438   0.0000708   0.0001753   0.0004529
   2.3591194   0.0000002   0.0000245   0.0000469   0.0000509   0.0000483   0.0000449   0.0000483   0.0000840   0.0002144   0.0005474
   2.3811672   0.0000016   0.0000429   0.0000602   0.0000585   0.0000529   0.0000481   0.0000536   0.0001005   0.0002626   0.0006605
   2.4032151   0.0000098   0.0000681   0.0000739   0.0000657   0.0000569   0.0000512   0.0000598   0.0001213   0.0003220   0.0007956
   2.4252629   0.0000422   0.0000980   0.0000869   0.0000720   0.0000604   0.0000542   0.0000675   0.0001476   0.0003948   0.0009566
   2.4473108   0.0001226   0.0001280   0.0000978   0.0000769   0.0000631   0.0000571   0.0000771   0.0001809   0.0004840   0.0011478
   2.4693586   0.0002419   0.0001517   0.0001055   0.0000803   0.0000650   0.0000602   0.0000893   0.0002229   0.0005928   0.0013741
   2.4914065   0.0003233   0.0001631   0.0001089   0.0000817   0.0000660   0.0000636   0.0001052   0.0002759   0.0007252   0.0016414
   2.5134543   0.0002930   0.0001591   0.0001077   0.0000812   0.0000661   0.0000677   0.0001259   0.0003426   0.0008858   0.0019559
   2.5355022   0.0001799   0.0001409   0.0001021   0.0000788   0.0000655   0.0000730   0.0001530   0.0004263   0.0010798   0.0023250
   2.5575500   0.0000749   0.0001132   0.0000926   0.0000746   0.0000644   0.0000804   0.0001884   0.0005308   0.0013134   0.0027567
   2.5795978   0.0000211   0.0000825   0.0000804   0.0000690   0.0000630   0.0000907   0.0002347   0.0006610   0.0015937   0.0032601
   2.6016457   0.0000040   0.0000545   0.0000669   0.0000624   0.0000618   0.0001053   0.0002950   0.0008224   0.0019286   0.0038454
   2.6236935   0.0000005   0.0000327   0.0000533   0.0000551   0.0000616   0.0001258   0.0003732   0.0010215   0.0023274   0.0045237
   2.6457414   0.0000000   0.0000178   0.0000407   0.0000478   0.0000630   0.0001547   0.0004740   0.0012663   0.0028005   0.0053073
   2.6677892   0.0000000   0.0000088   0.0000298   0.0000409   0.0000674   0.0001947   0.0006032   0.0015656   0.0033595   0.0062098
   2.6898371   0.0000000   0.0000039   0.0000209   0.0000350   0.0000762   0.0002496   0.0007679   0.0019299   0.0040176   0.0072460
   2.7118849   0.0000000   0.0000016   0.0000140   0.0000308   0.0000915   0.0003240   0.0009766   0.0023714   0.0047895   0.0084321
   2.7339328   0.0000000   0.0000006   0.0000091   0.0000290   0.0001159   0.0004238   0.0012394   0.0029037   0.0056913   0.0097855
   2.7559806   0.0000000   0.0000002   0.0000058   0.0000308   0.0001530   0.0005565   0.0015682   0.0035425   0.0067409   0.0113250
   2.7780284   0.0000000   0.0000001   0.0000040   0.0000377   0.0002073   0.0007310   0.0019773   0.0043055   0.0079580   0.0130711
   2.8000763   0.0000000   0.0000000   0.0000034   0.0000522   0.0002848   0.0009588   0.0024831   0.0052126   0.0093640   0.0150452
   2.8221241   0.0000000   0.0000000   0.0000045   0.0000775   0.0003932   0.0012533   0.0031047   0.0062858   0.0109822   0.0172705
   2.8441720   0.0000000   0.0000000   0.0000078   0.0001185   0.0005421   0.0016314   0.0038641   0.0075496   0.0128378   0.0197713
   2.8662198   0.0000000   0.0000001   0.0000150   0.0001820   0.0007438   0.0021129   0.0047862   0.0090310   0.0149576   0.0225732
   2.8882677   0.0000000   0.0000003   0.0000290   0.0002769   0.0010136   0.0027215   0.0058993   0.0107593   0.0173705   0.0257033
   2.9103155   0.0000000   0.0000009   0.0000550   0.0004152   0.0013708   0.0034852   0.0072348   0.0127664   0.0201070   0.0291894
   2.9323634   0.0000000   0.0000028   0.0001013   0.0006120   0.0018391   0.0044365   0.0088279   0.0150867   0.0231994   0.0330606
   2.9544112   0.0000000   0.0000078   0.0001810   0.0008860   0.0024475   0.0056129   0.0107169   0.0177568   0.0266814   0.0373467
   2.9764590   0.0000000   0.0000199   0.0003134   0.0012605   0.0032317   0.0070572   0.0129439   0.0208159   0.0305882   0.0420785
   2.9985069   0.0000000   0.0000472   0.0005253   0.0017635   0.0042345   0.0088174   0.0155539   0.0243048   0.0349563   0.0472868
   3.0205547   0.0000002   0.0001042   0.0008521   0.0024287   0.0055071   0.0109468   0.0185953   0.0282668   0.0398231   0.0530032
   3.0426026   0.0000023   0.0002174   0.0013365   0.0032973   0.0071100   0.0135038   0.0221189   0.0327462   0.0452268   0.0592589
   3.0646504   0.0000178   0.0004334   0.0020260   0.0044199   0.0091134   0.0165513   0.0261783   0.0377893   0.0512059   0.0660852
   3.0866983   0.0000948   0.0008316   0.0029685   0.0058597   0.0115973   0.0201561   0.0308287   0.0434428   0.0577994   0.0735129
   3.1087461   0.0003423   0.0015394   0.0042058   0.0076964   0.0146512   0.0243878   0.0361270   0.0497542   0.0650459   0.0815716
   3.1307940   0.0008409   0.0027347   0.0057707   0.0100308   0.0183727   0.0293179   0.0421308   0.0567714   0.0729832   0.0902902
   3.1528418   0.0014354   0.0046158   0.0076883   0.0129889   0.0228648   0.0350187   0.0488982   0.0645416   0.0816485   0.0996960
   3.1748896   0.0019456   0.0073181   0.0099902   0.0167244   0.0282335   0.0415615   0.0564866   0.0731114   0.0910772   0.1098141
   3.1969375   0.0033229   0.0107891   0.0127418   0.0214183   0.0345829   0.0490160   0.0649529   0.0825259   0.1013031   0.1206680
   3.2189853   0.0086523   0.0146829   0.0160849   0.0272730   0.0420111   0.0574486   0.0743520   0.0928284   0.1123573   0.1322780
   3.2410332   0.0208068   0.0183754   0.0202867   0.0345006   0.0506054   0.0669220   0.0847369   0.1040596   0.1242683   0.1446618
   3.2630810   0.0359242   0.0211815   0.0257793   0.0433041   0.0604376   0.0774942   0.0961576   0.1162571   0.1370611   0.1578338
   3.2851289   0.0425042   0.0227687   0.0331678   0.0538536   0.0715614   0.0892183   0.1086608   0.1294547   0.1507566   0.1718043
   3.3071767   0.0342290   0.0236563   0.0431836   0.0662591   0.0840109   0.1021424   0.1222889   0.1436817   0.1653717   0.1865800
   3.3292246   0.0187423   0.0256271   0.0565673   0.0805464   0.0978017   0.1163102   0.1370798   0.1589625   0.1809179   0.2021629
   3.3512724   0.0069815   0.0318643   0.0738868   0.0966402   0.1129344   0.1317609   0.1530660   0.1753156   0.1974016   0.2185504
   3.3733203   0.0018621   0.0466064   0.0953217   0.1143628   0.1294013   0.1485297   0.1702736   0.1927533   0.2148233   0.2357351
   3.3953681   0.0014087   0.0740990   0.1204719   0.1334507   0.1471936   0.1666484   0.1887220   0.2112806   0.2331770   0.2537041
   3.4174159   0.0085285   0.1167711   0.1482650   0.1535931   0.1663110   0.1861444   0.2084228   0.2308950   0.2524504   0.2724393
   3.4394638   0.0442337   0.1730505   0.1770265   0.1744877   0.1867693   0.2070407   0.2293788   0.2515859   0.2726237   0.2919170
   3.4615116   0.1561422   0.2359175   0.2047437   0.1959084   0.2086061   0.2293540   0.2515833   0.2733336   0.2936700   0.3121082
   3.4835595   0.3736385   0.2935858   0.2294961   0.2177711   0.2318828   0.2530932   0.2750191   0.2961095   0.3155550   0.3329780
   3.5056073   0.6061087   0.3329536   0.2499640   0.2401856   0.2566812   0.2782561   0.2996575   0.3198750   0.3382366   0.3544862
   3.5276552   0.6668003   0.3448029   0.2658835   0.2634778   0.2830941   0.3048271   0.3254577   0.3445817   0.3616649   0.3765871
   3.5497030   0.4988216   0.3282484   0.2783119   0.2881737   0.3112109   0.3327735   0.3523662   0.3701712   0.3857828   0.3992301
   3.5717509   0.2582477   0.2919689   0.2896054   0.3149390   0.3410990   0.3620430   0.3803159   0.3965743   0.4105253   0.4223597
   3.5937987   0.1030304   0.2514847   0.3030867   0.3444799   0.3727833   0.3925612   0.4092263   0.4237122   0.4358207   0.4459162
   3.6158465   0.0480800   0.2239271   0.3224621   0.3774154   0.4062271   0.4242304   0.4390034   0.4514956   0.4615902   0.4698358
   3.6378944   0.0406249   0.2228260   0.3511136   0.4141426   0.4413174   0.4569294   0.4695394   0.4798256   0.4877495   0.4940519
   3.6599422   0.0639774   0.2549497   0.3914131   0.4547174   0.4778575   0.4905149   0.5007140   0.5085945   0.5142083   0.5184949
   3.6819901   0.1587147   0.3199342   0.4441910   0.4987750   0.5155702   0.5248241   0.5323944   0.5376857   0.5408723   0.5430940
   3.7040379   0.3583392   0.4122502   0.5084445   0.5455101   0.5541105   0.5596781   0.5644365   0.5669754   0.5676436   0.5677770
   3.7260858   0.5865990   0.5242585   0.5813192   0.5937287   0.5930898   0.5948868   0.5966859   0.5963335   0.5944218   0.5924722
   3.7481336   0.6987190   0.6486422   0.6583615   0.6419714   0.6321064   0.6302529   0.6289793   0.6256248   0.6211059   0.6171087
   3.7701815   0.7046603   0.7787176   0.7340161   0.6886961   0.6707805   0.6655765   0.6611453   0.6547107   0.6475951   0.6416177
   3.7922293   0.7886951   0.9064108   0.8023383   0.7324959   0.7087871   0.7006580   0.6930064   0.6834510   0.6737906   0.6659337
   3.8142771   1.0279169   1.0196351   0.8578658   0.7723190   0.7458820   0.7352999   0.7243804   0.7117062   0.6995976   0.6899952
   3.8363250   1.3226039   1.1019141   0.8965659   0.8076512   0.7819159   0.7693068   0.7550822   0.7393393   0.7249264   0.7137462
   3.8583728   1.5662584   1.1360895   0.9167182   0.8386266   0.8168326   0.8024838   0.7849261   0.7662188   0.7496945   0.7371367
   3.8804207   1.6263825   1.1111524   0.9195524   0.8660371   0.8506510   0.8346334   0.8137280   0.7922212   0.7738286   0.7601243
   3.9024685   1.3763272   1.0286968   0.9094481   0.8912282   0.8834309   0.8655523   0.8413086   0.8172339   0.7972658   0.7826745
   3.9245164   0.9247418   0.9052939   0.8935519   0.9158868   0.9152275   0.8950280   0.8674971   0.8411580   0.8199557   0.8047616
   3.9465642   0.5405132   0.7694998   0.8807683   0.9417462   0.9460411   0.9228369   0.8921349   0.8639116   0.8418615   0.8263698
   3.9686121   0.3515015   0.6552837   0.8802296   0.9702530   0.9757689   0.9487446   0.9150810   0.8854326   0.8629619   0.8474930
   3.9906599   0.2830942   0.5949235   0.8994950   1.0022510   1.0041683   0.9725104   0.9362170   0.9056816   0.8832516   0.8681354
   4.0127078   0.2277946   0.6131507   0.9428421   1.0377373   1.0308384   0.9938941   0.9554533   0.9246444   0.9027425   0.8883118
   4.0347556   0.2007589   0.7222578   1.0100458   1.0757426   1.0552252   1.0126687   0.9727348   0.9423342   0.9214641   0.9080471
   4.0568034   0.3464265   0.9174559   1.0959746   1.1143614   1.0766533   1.0286358   0.9880475   0.9587936   0.9394634   0.9273762
   4.0788513   0.8145058   1.1735844   1.1911749   1.1509405   1.0943820   1.0416444   1.0014237   0.9740951   0.9568048   0.9463433
   4.1008991   1.5620294   1.4463508   1.2833886   1.1824001   1.1076812   1.0516113   1.0129473   0.9883419   0.9735692   0.9650014
   4.1229470   2.3014301   1.6809070   1.3597135   1.2056419   1.1159198   1.0585415   1.0227571   1.0016673   0.9898529   0.9834107
   4.1449948   2.7614336   1.8269714   1.4089416   1.2179812   1.1186559   1.0625464   1.0310487   1.0142330   1.0057658   1.0016381
   4.1670427   2.8131887   1.8550272   1.4235482   1.2175362   1.1157179   1.0638579   1.0380744   1.0262268   1.0214293   1.0197550
   4.1890905   2.3693222   1.7659051   1.4008980   1.2035154   1.1072675   1.0628369   1.0441406   1.0378592   1.0369738   1.0378365
   4.2111384   1.5818756   1.5885322   1.3434394   1.1763649   1.0938363   1.0599742   1.0496029   1.0493586   1.0525358   1.0559591
   4.2331862   0.9156562   1.3668300   1.2579312   1.1377588   1.0763295   1.0558830   1.0548579   1.0609666   1.0682547   1.0741989
   4.2552340   0.6928066   1.1427923   1.1539827   1.0904443   1.0559980   1.0512828   1.0603332   1.0729310   1.0842690   1.0926301
   4.2772819   0.7904955   0.9444365   1.0423196   1.0379744   1.0343784   1.0469756   1.0664747   1.0855000   1.1007135   1.1113229
   4.2993297   0.8452438   0.7833754   0.9331883   0.9843735   1.0132081   1.0438143   1.0737327   1.0989140   1.1177147   1.1303415
   4.3213776   0.6636724   0.6602293   0.8351931   0.9337848   0.9943215   1.0426664   1.0825457   1.1133992   1.1353879   1.1497426
   4.3434254   0.3890368   0.5719650   0.7546915   0.8901446   0.9795385   1.0443744   1.0933245   1.1291597   1.1538335   1.1695736
   4.3654733   0.2563988   0.5161293   0.6957159   0.8569140   0.9705519   1.0497158   1.1064364   1.1463708   1.1731341   1.1898713
   4.3875211   0.3260944   0.4910594   0.6602813   0.8368850   0.9688261   1.0593643   1.1221900   1.1651727   1.1933513   1.2106603
   4.4095690   0.4689422   0.4944126   0.6489073   0.8320602   0.9755104   1.0738566   1.1408218   1.1856650   1.2145240   1.2319527
   4.4316168   0.5259258   0.5224440   0.6611881   0.8435997   0.9913764   1.0935640   1.1624853   1.2079023   1.2366664   1.2537466
   4.4536646   0.4965937   0.5705254   0.6962776   0.8718171   1.0167800   1.1186735   1.1872426   1.2318916   1.2597669   1.2760265
   4.4757125   0.5138839   0.6341344   0.7531925   0.9162128   1.0516509   1.1491771   1.2150603   1.2575903   1.2837877   1.2987627
   4.4977603   0.6420325   0.7100024   0.8308655   0.9755330   1.0955080   1.1848704   1.2458079   1.2849065   1.3086657   1.3219119
   4.5198082   0.8373098   0.7979104   0.9279319   1.0478534   1.1474984   1.2253609   1.2792604   1.3137005   1.3343125   1.3454177
   4.5418560   1.0100099   0.9029033   1.0422945   1.1306902   1.2064553   1.2700845   1.3151049   1.3437880   1.3606171   1.3692118
   4.5639039   1.0192203   1.0357193   1.1706033   1.2211429   1.2709702   1.3183285   1.3529494   1.3749445   1.3874479   1.3932148
   4.5859517   0.8355348   1.2084772   1.3078581   1.3160737   1.3394723   1.3692611   1.3923360   1.4069116   1.4146553   1.4173381
   4.6079996   0.7518881   1.4253119   1.4473737   1.4123162   1.4103093   1.4219639   1.4327552   1.4394038   1.4420760   1.4414855
   4.6300474   1.1863230   1.6725847   1.5812905   1.5068992   1.4818237   1.4754669   1.4736624   1.4721162   1.4695359   1.4655549
   4.6520952   2.1668422   1.9161798   1.7016634   1.5972576   1.5524191   1.5287838   1.5144961   1.5047333   1.4968549   1.4894410
   4.6741431   3.0794834   2.1104786   1.8019516   1.6813981   1.6206124   1.5809459   1.5546952   1.5369377   1.5238509   1.5130365
   4.6961909   3.2538037   2.2160051   1.8785373   1.7579854   1.6850718   1.6310342   1.5937171   1.5684183   1.5503441   1.5362352
   4.7182388   2.7820969   2.2163866   1.9317933   1.8263274   1.7446392   1.6782074   1.6310541   1.5988794   1.5761611   1.5589332
   4.7402866   2.2255769   2.1256262   1.9662677   1.8862542   1.7983402   1.7217276   1.6662486   1.6280479   1.6011391   1.5810317
   4.7623345   1.8234516   1.9833121   1.9897593   1.9379106   1.8453870   1.7609795   1.6989058   1.6556803   1.6251290   1.6024382
   4.7843823   1.5455766   1.8423705   2.0113747   1.9815047   1.8851759   1.7954870   1.7287042   1.6815687   1.6479991   1.6230685
   4.8064302   1.3756909   1.7557132   2.0389892   2.0170700   1.9172885   1.8249241   1.7554029   1.7055452   1.6696373   1.6428482
   4.8284780   1.2290157   1.7646468   2.0767774   2.0443038   1.9414950   1.8491205   1.7788462   1.7274850   1.6899533   1.6617136
   4.8505259   1.0794079   1.8882178   2.1235438   2.0625304   1.9577653   1.8680628   1.7989647   1.7473081   1.7088797   1.6796126
   4.8725737   1.2128131   2.1133616   2.1724291   2.0708138   1.9662840   1.8818901   1.8157735   1.7649798   1.7263731   1.6965056
   4.8946215   1.9852267   2.3901946   2.2122251   2.0682079   1.9674659   1.8908843   1.8293677   1.7805096   1.7424138   1.7123651
   4.9166694   3.2926125   2.6395242   2.2300723   2.0540969   1.9619669   1.8954556   1.8399148   1.7939485   1.7570052   1.7271760
   4.9387172   4.4263776   2.7756565   2.2148927   2.0285520   1.9506832   1.8961221   1.8476455   1.8053858   1.7701727   1.7409353
   4.9607651   4.5744565   2.7378551   2.1606463   1.9926174   1.9347317   1.8934861   1.8528423   1.8149446   1.7819615   1.7536510
   4.9828129   3.5910736   2.5156966   2.0685077   1.9484476   1.9154098   1.8882059   1.8558274   1.8227763   1.7924351   1.7653416
   5.0048608   2.1430529   2.1545486   1.9473387   1.8992453   1.8941313   1.8809664   1.8569491   1.8290550   1.8016718   1.7760343
   5.0269086   0.9910244   1.7380299   1.8123069   1.8489898   1.8723430   1.8724483   1.8565698   1.8339711   1.8097620   1.7857645
   5.0489565   0.3946680   1.3571609   1.6820058   1.8019893   1.8514280   1.8632989   1.8550525   1.8377253   1.8168053   1.7945733
   5.0710043   0.2218471   1.0819587   1.5748159   1.7623312   1.8326073   1.8541058   1.8527504   1.8405222   1.8229068   1.8025067
   5.0930521   0.2988995   0.9472308   1.5053836   1.7333256   1.8168490   1.8453759   1.8499967   1.8425644   1.8281738   1.8096136
   5.1151000   0.5434550   0.9545111   1.4819943   1.7170445   1.8047997   1.8375208   1.8470962   1.8440469   1.8327126   1.8159439
   5.1371478   0.8726337   1.0835275   1.5053215   1.7140367   1.7967462   1.8308489   1.8443198   1.8451523   1.8366255   1.8215473
   5.1591957   1.1585368   1.3038186   1.5686873   1.7232719   1.7926137   1.8255665   1.8418999   1.8460460   1.8400076   1.8264717
   5.1812435   1.3651799   1.5802966   1.6596452   1.7423187   1.7920034   1.8217851   1.8400280   1.8468729   1.8429445   1.8307617
   5.2032914   1.6510899   1.8728698   1.7624751   1.7677230   1.7942636   1.8195358   1.8388543   1.8477540   1.8455101   1.8344573
   5.2253392   2.2471373   2.1356723   1.8610567   1.7955200   1.7985886   1.8187879   1.8384877   1.8487842   1.8477645   1.8375932
   5.2473871   3.1065380   2.3223242   1.9415674   1.8217918   1.8041313   1.8194693   1.8389976   1.8500308   1.8497528   1.8401980
   5.2694349   3.6590740   2.3987558   1.9945117   1.8431866   1.8101168   1.8214877   1.8404154   1.8515321   1.8515044   1.8422933
   5.2914827   3.3203322   2.3576144   2.0157440   1.8573247   1.8159434   1.8247474   1.8427364   1.8532975   1.8530323   1.8438941
   5.3135306   2.3184040   2.2242838   2.0063690   1.8630470   1.8212571   1.8291631   1.8459215   1.8553075   1.8543333   1.8450083
   5.3355784   1.4636958   2.0482278   1.9716719   1.8604881   1.8259934   1.8346652   1.8498986   1.8575146   1.8553889   1.8456372
   5.3576263   1.1739315   1.8825803   1.9194586   1.8509872   1.8303779   1.8411993   1.8545633   1.8598450   1.8561659   1.8457763
   5.3796741   1.2592752   1.7626624   1.8583070   1.8368691   1.8348896   1.8487177   1.8597792   1.8622003   1.8566182   1.8454158
   5.4017220   1.4721637   1.6947389   1.7961908   1.8211375   1.8401869   1.8571644   1.8653784   1.8644605   1.8566889   1.8445417
   5.4237698   1.7704983   1.6600227   1.7397472   1.8071247   1.8470077   1.8664562   1.8711618   1.8664869   1.8563124   1.8431371
   5.4458177   2.0790273   1.6305001   1.6941996   1.7981339   1.8560532   1.8764610   1.8769004   1.8681264   1.8554174   1.8411836
   5.4678655   2.1213866   1.5874292   1.6637137   1.7970997   1.8678673   1.8869783   1.8823370   1.8692153   1.8539294   1.8386627
   5.4899134   1.7083422   1.5326266   1.6518523   1.8062835   1.8827263   1.8977218   1.8871904   1.8695848   1.8517745   1.8355573
   5.5119612   1.0883228   1.4868217   1.6618218   1.8270147   1.9005509   1.9083099   1.8911600   1.8690660   1.8488819   1.8318535
   5.5340090   0.7215668   1.4767303   1.6963331   1.8594888   1.9208501   1.9182646   1.8939340   1.8674959   1.8451878   1.8275416
   5.5560569   0.8621926   1.5195283   1.7570648   1.9026367   1.9427065   1.9270201   1.8951978   1.8647235   1.8406385   1.8226183
   5.5781047   1.4721331   1.6154578   1.8438491   1.9540844   1.9648053   1.9339432   1.8946462   1.8606158   1.8351929   1.8170870
   5.6001526   2.1886031   1.7537251   1.9537768   2.0102257   1.9855079   1.9383620   1.8919956   1.8550640   1.8288263   1.8109598
   5.6222004   2.4558585   1.9263440   2.0804588   2.0664253   2.0029655   1.9396042   1.8869979   1.8479891   1.8215318   1.8042578
   5.6442483   2.0670179   2.1368316   2.2136999   2.1173601   2.0152623   1.9370398   1.8794546   1.8393473   1.8133228   1.7970119
   5.6662961   1.4680173   2.3930565   2.3398375   2.1574851   2.0205780   1.9301270   1.8692300   1.8291342   1.8042341   1.7892627
   5.6883440   1.4489944   2.6862912   2.4429313   2.1815893   2.0173519   1.9184560   1.8562638   1.8173884   1.7943228   1.7810610
   5.7103918   2.5878781   2.9724443   2.5068285   2.1853807   2.0044334   1.9017874   1.8405803   1.8041933   1.7836683   1.7724669
   5.7324396   4.5254024   3.1741485   2.5178638   2.1660254   1.9812036   1.8800825   1.8222957   1.7896783   1.7723716   1.7635493
   5.7544875   5.7423954   3.2091511   2.4676714   2.1225572   1.9476530   1.8535219   1.8016213   1.7740174   1.7605538   1.7543844
   5.7765353   5.0482727   3.0303567   2.3554019   2.0560882   1.9044088   1.8225114   1.7788624   1.7574272   1.7483540   1.7450547
   5.7985832   3.1123279   2.6523697   2.1886677   1.9697719   1.8527062   1.7876735   1.7544136   1.7401624   1.7359262   1.7356470
   5.8206310   1.4434136   2.1478136   1.9828176   1.8685104   1.7943077   1.7498264   1.7287495   1.7225103   1.7234360   1.7262500
   5.8426789   0.6301391   1.6172335   1.7585868   1.7584378   1.7313788   1.7099511   1.7024114   1.7047833   1.7110562   1.7169529
   5.8647267   0.3567200   1.1522877   1.5386294   1.6462499   1.6663330   1.6691486   1.6759911   1.6873105   1.6989621   1.7078420
   5.8867746   0.2372104   0.8118534   1.3437406   1.5384796   1.6016645   1.6285924   1.6501114   1.6704283   1.6873267   1.6989990
   5.9088224   0.1397963   0.6177516   1.1896249   1.4408231   1.5397841   1.5894770   1.6254057   1.6544697   1.6763152   1.6904976
   5.9308702   0.0925832   0.5634569   1.0848655   1.3576157   1.4828768   1.5529676   1.6024949   1.6397539   1.6660801   1.6824019
   5.9529181   0.1606309   0.6249643   1.0303934   1.2915274   1.4327927   1.5201534   1.5819665   1.6265755   1.6567554   1.6747634
   5.9749659   0.4173928   0.7678579   1.0203756   1.2435084   1.3909796   1.4920069   1.5643526   1.6151938   1.6484521   1.6676189
   5.9970138   0.9120890   0.9516876   1.0441492   1.2129759   1.3584587   1.4693504   1.5501103   1.6058232   1.6412539   1.6609888
   6.0190616   1.5337940   1.1355514   1.0886834   1.1981910   1.3358406   1.4528313   1.5396051   1.5986248   1.6352126   1.6548752
   6.0411095   1.9364737   1.2860432   1.1410494   1.1967516   1.3233714   1.4429052   1.5330958   1.5936986   1.6303455   1.6492609
   6.0631573   1.8418634   1.3842349   1.1904881   1.2061113   1.3209974   1.4398273   1.5307238   1.5910782   1.6266331   1.6441090
   6.0852052   1.4383778   1.4270560   1.2298244   1.2240410   1.3284357   1.4436493   1.5325058   1.5907269   1.6240174   1.6393618
   6.1072530   1.1999106   1.4220620   1.2561396   1.2489616   1.3452373   1.4542224   1.5383303   1.5925356   1.6224016   1.6349420
   6.1293009   1.3523862   1.3799300   1.2707356   1.2801088   1.3708328   1.4712039   1.5479573   1.5963236   1.6216511   1.6307527
   6.1513487   1.6489607   1.3108354   1.2785071   1.3175128   1.4045566   1.4940668   1.5610229   1.6018408   1.6215953   1.6266794
   6.1733965   1.6278241   1.2269495   1.2868658   1.3618139   1.4456461   1.5221120   1.5770463   1.6087723   1.6220301   1.6225913
   6.1954444   1.1625929   1.1471285   1.3043790   1.4139511   1.4932221   1.5544816   1.5954415   1.6167450   1.6227221   1.6183439
   6.2174922   0.6169177   1.0973527   1.3392913   1.4747835   1.5462551   1.5901765   1.6155303   1.6253359   1.6234133   1.6137816
   6.2395401   0.3931886   1.1041430   1.3981073   1.5447085   1.6035297   1.6280742   1.6365604   1.6340823   1.6238266   1.6087407
   6.2615879   0.6119523   1.1846051   1.4844186   1.6233375   1.6636154   1.6669524   1.6577235   1.6424927   1.6236720   1.6030532
   6.2836358   1.1277533   1.3399392   1.5981376   1.7092820   1.7248549   1.7055148   1.6781769   1.6500598   1.6226532   1.5965498
   6.3056836   1.6296425   1.5564747   1.7352482   1.8000806   1.7853761   1.7424217   1.6970659   1.6562726   1.6204751   1.5890642
   6.3277315   1.9086408   1.8123773   1.8881112   1.8922804   1.8431319   1.7763248   1.7135471   1.6606305   1.6168504   1.5804368
   6.3497793   2.0445095   2.0844876   2.0462790   1.9816608   1.8959668   1.8059051   1.7268113   1.6626557   1.6115067   1.5705181
   6.3718271   2.2510618   2.3510904   2.1977050   2.0635687   1.9417070   1.8299135   1.7361069   1.6619063   1.6041937   1.5591727
   6.3938750   2.6819572   2.5908173   2.3301856   2.1333184   1.9782661   1.8472118   1.7407606   1.6579878   1.5946892   1.5462825
   6.4159228   3.1997219   2.7811457   2.4328402   2.1866038   2.0037569   1.8568125   1.7401976   1.6505637   1.5828051   1.5317500
   6.4379707   3.4182911   2.8997031   2.4974226   2.2198687   2.0165986   1.8579158   1.7339579   1.6393647   1.5683920   1.5155004
   6.4600185   3.3355327   2.9289930   2.5192566   2.2305910   2.0156106   1.8499398   1.7217097   1.6241958   1.5513437   1.4974847
   6.4820664   3.3126358   2.8627494   2.4976276   2.2174523   2.0000825   1.8325447   1.7032593   1.6049415   1.5316000   1.4776806
   6.5041142   3.2717510   2.7110083   2.4355398   2.1803809   1.9698169   1.8056466   1.6785564   1.5815689   1.5091489   1.4560942
   6.5261621   2.8161397   2.5007668   2.3388791   2.1204784   1.9251402   1.7694218   1.6476949   1.5541289   1.4840272   1.4327601
   6.5482099   2.0018137   2.2698929   2.2151665   2.0398521   1.8668826   1.7243001   1.6109097   1.5227548   1.4563206   1.4077422
   6.5702577   1.3413755   2.0547391   2.0722054   1.9413892   1.7963304   1.6709482   1.5685686   1.4876590   1.4261621   1.3811320
   6.5923056   1.2377809   1.8763051   1.9169581   1.8285070   1.7151538   1.6102428   1.5211610   1.4491277   1.3937297   1.3530484
   6.6143534   1.6210181   1.7325740   1.7549138   1.7049127   1.6253191   1.5432368   1.4692822   1.4075138   1.3592431   1.3236354
   6.6364013   2.0303289   1.6023703   1.5900432   1.5743937   1.5289897   1.4711183   1.4136157   1.3632284   1.3229591   1.2930604
   6.6584491   2.0492232   1.4591837   1.4252374   1.4406503   1.4284246   1.3951664   1.3549133   1.3167311   1.2851673   1.2615109
   6.6804970   1.6451710   1.2868482   1.2629797   1.3071676   1.3258788   1.3167056   1.2939736   1.2685193   1.2461836   1.2291920
   6.7025448   1.0741441   1.0879411   1.1059485   1.1771205   1.2235126   1.2370605   1.2316207   1.2191170   1.2063452   1.1963229
   6.7245927   0.5895424   0.8809925   0.9573186   1.0532988   1.1233122   1.1575144   1.1686828   1.1690638   1.1660031   1.1631332
   6.7466405   0.3106978   0.6898466   0.8206747   0.9380440   1.0270264   1.0792721   1.1059729   1.1189032   1.1255167   1.1298594
   6.7686883   0.2429477   0.5325752   0.6995989   0.8331925   0.9361194   1.0034300   1.0442707   1.0691722   1.0852464   1.0967407
   6.7907362   0.2996779   0.4160925   0.5971009   0.7400286   0.8517431   0.9309531   0.9843070   1.0203909   1.0455479   1.0640156
   6.8127840   0.3457664   0.3379096   0.5150770   0.6592545   0.7747265   0.8626601   0.9267509   0.9730538   1.0067659   1.0319181
   6.8348319   0.3004197   0.2919352   0.4539431   0.5909866   0.7055843   0.7992168   0.8722006   0.9276210   0.9692285   1.0006738
   6.8568797   0.1934823   0.2735418   0.4125121   0.5347881   0.6445400   0.7411368   0.8211762   0.8845121   0.9332421   0.9704971
   6.8789276   0.1055122   0.2806526   0.3881208   0.4897428   0.5915646   0.6887886   0.7741157   0.8440999   0.8990867   0.9415877
   6.9009754   0.0953750   0.3108694   0.3769722   0.4545673   0.5464247   0.6424087   0.7313741   0.8067063   0.8670125   0.9141279
   6.9230233   0.2040324   0.3574824   0.3746387   0.4277539   0.5087380   0.6021174   0.6932239   0.7725992   0.8372361   0.8882807
   6.9450711   0.4499798   0.4079446   0.3766580   0.4077284   0.4780318   0.5679380   0.6598578   0.7419907   0.8099385   0.8641873
   6.9671190   0.7320879   0.4466638   0.3791362   0.3930067   0.4537993   0.5398157   0.6313927   0.7150359   0.7852633   0.8419661
   6.9891668   0.8279743   0.4608952   0.3792552   0.3823310   0.4355507   0.5176360   0.6078744   0.6918335   0.7633158   0.8217113
   7.0112146   0.6454576   0.4461962   0.3755855   0.3747717   0.4228540   0.5012402   0.5892825   0.6724266   0.7441626   0.8034925
   7.0332625   0.3626849   0.4080749   0.3681335   0.3697859   0.4153639   0.4904384   0.5755359   0.6568051   0.7278321   0.7873549
   7.0553103   0.1981915   0.3590317   0.3581159   0.3672311   0.4128363   0.4850173   0.5664977   0.6449074   0.7143160   0.7733189
   7.0773582   0.1883448   0.3131365   0.3475300   0.3673354   0.4151278   0.4847445   0.5619795   0.6366247   0.7035702   0.7613814
   7.0994060   0.2267817   0.2812876   0.3386468   0.3706358   0.4221805   0.4893683   0.5617458   0.6318037   0.6955182   0.7515169
   7.1214539   0.2147969   0.2689127   0.3335769   0.3778913   0.4339946   0.4986138   0.5655175   0.6302514   0.6900527   0.7436791
   7.1435017   0.1632441   0.2757805   0.3340288   0.3899824   0.4505910   0.5121766   0.5729757   0.6317393   0.6870397   0.7378021
   7.1655496   0.1692119   0.2968202   0.3413052   0.4078040   0.4719671   0.5297144   0.5837652   0.6360089   0.6863216   0.7338035
   7.1875974   0.3030659   0.3236720   0.3564907   0.4321567   0.4980510   0.5508386   0.5974982   0.6427760   0.6877213   0.7315860
   7.2096452   0.5052072   0.3475807   0.3807050   0.4636400   0.5286571   0.5751074   0.6137586   0.6517374   0.6910461   0.7310402
   7.2316931   0.6012486   0.3637164   0.4152602   0.5025511   0.5634486   0.6020210   0.6321072   0.6625757   0.6960921   0.7320472
   7.2537409   0.4912870   0.3753150   0.4615888   0.5487950   0.6019099   0.6310208   0.6520879   0.6749660   0.7026484   0.7344816
   7.2757888   0.2771250   0.3949278   0.5208943   0.6018124   0.6433330   0.6614931   0.6732345   0.6885818   0.7105015   0.7382138
   7.2978366   0.1256129   0.4409344   0.5935922   0.6605369   0.6868194   0.6927782   0.6950794   0.7031009   0.7194394   0.7431129
   7.3198845   0.1216484   0.5299662   0.6787170   0.7233908   0.7312994   0.7241842   0.7171624   0.7182123   0.7292561   0.7490498
   7.3419323   0.2957246   0.6683533   0.7735163   0.7883295   0.7755684   0.7550060   0.7390412   0.7336213   0.7397547   0.7558989
   7.3639802   0.6430349   0.8466474   0.8734224   0.8529359   0.8183382   0.7845487   0.7603016   0.7490556   0.7507519   0.7635411
   7.3860280   1.0896361   1.0402733   0.9724734   0.9145630   0.8583009   0.8121530   0.7805681   0.7642707   0.7620805   0.7718658
   7.4080758   1.5568633   1.2168942   1.0641080   0.9705131   0.8942009   0.8372228   0.7995138   0.7790539   0.7735923   0.7807726
   7.4301237   1.9511044   1.3479265   1.1421240   1.0182356   0.9249094   0.8592513   0.8168701   0.7932287   0.7851610   0.7901732
   7.4521715   2.0224295   1.4190505   1.2015366   1.0555248   0.9494971   0.8778455   0.8324336   0.8066577   0.7966830   0.7999925
   7.4742194   1.6226881   1.4342357   1.2391164   1.0806959   0.9672978   0.8927462   0.8460723   0.8192442   0.8080798   0.8101699
   7.4962672   1.1056458   1.4108825   1.2535137   1.0927237   0.9779585   0.9038426   0.8577291   0.8309340   0.8192980   0.8206599
   7.5183151   0.9903991   1.3689549   1.2450260   1.0913323   0.9814710   0.9111794   0.8674220   0.8417147   0.8303096   0.8314324
   7.5403629   1.3005557   1.3207637   1.2151825   1.0770300   0.9781833   0.9149565   0.8752430   0.8516146   0.8411120   0.8424730
   7.5624108   1.5587145   1.2671612   1.1663511   1.0510896   0.9687868   0.9155204   0.8813527   0.8607008   0.8517267   0.8537826
   7.5844586   1.4402776   1.2009754   1.1015199   1.0154769   0.9542818   0.9133480   0.8859734   0.8690760   0.8621986   0.8653770
   7.6065065   1.1609063   1.1138118   1.0242913   0.9727338   0.9359224   0.9090231   0.8893797   0.8768744   0.8725935   0.8772862
   7.6285543   1.0396835   1.0015731   0.9390080   0.9258206   0.9151431   0.9032076   0.8918875   0.8842573   0.8829968   0.8895529
   7.6506021   1.0139876   0.8667594   0.8508559   0.8779279   0.8934749   0.8966087   0.8938413   0.8914080   0.8935106   0.9022320
   7.6726500   0.8425825   0.7184096   0.7657776   0.8322677   0.8724534   0.8899442   0.8956015   0.8985266   0.9042511   0.9153886
   7.6946978   0.5162288   0.5710722   0.6900963   0.7918571   0.8535283   0.8839085   0.8975321   0.9058245   0.9153463   0.9290966
   7.7167457   0.2221810   0.4431330   0.6298538   0.7593120   0.8379790   0.8791412   0.8999882   0.9135192   0.9269330   0.9434369
   7.7387935   0.0662488   0.3540691   0.5899831   0.7366675   0.8268434   0.8762003   0.9033061   0.9218296   0.9391535   0.9584956
   7.7608414   0.0151836   0.3204483   0.5735213   0.7252442   0.8208641   0.8755419   0.9077945   0.9309713   0.9521536   0.9743622
   7.7828892   0.0152350   0.3511265   0.5810950   0.7255726   0.8204579   0.8775077   0.9137287   0.9411530   0.9660792   0.9911275
   7.8049371   0.0743836   0.4427473   0.6108539   0.7373831   0.8257074   0.8823204   0.9213461   0.9525733   0.9810743   1.0088818
   7.8269849   0.2858567   0.5774806   0.6589093   0.7596603   0.8363797   0.8900883   0.9308460   0.9654182   0.9972780   1.0277128
   7.8490327   0.7573457   0.7255680   0.7201665   0.7907535   0.8519661   0.9008166   0.9423899   0.9798590   1.0148227   1.0477039
   7.8710806   1.3730962   0.8542066   0.7893047   0.8285292   0.8717434   0.9144265   0.9561052   0.9960519   1.0338320   1.0689320
   7.8931284   1.6984764   0.9407635   0.8615904   0.8705513   0.8948498   0.9307787   0.9720900   1.0141364   1.0544186   1.0914662
   7.9151763   1.4336066   0.9840032   0.9332708   0.9142732   0.9203709   0.9497000   0.9904191   1.0342357   1.0766824   1.1153658
   7.9372241   0.8374073   1.0057427   1.0014575   0.9572335   0.9474276   0.9710105   1.0111501   1.0564563   1.1007095   1.1406786
   7.9592720   0.3902719   1.0395894   1.0636354   0.9972466   0.9752598   0.9945502   1.0343304   1.0808883   1.1265698   1.1674398
   7.9813198   0.3388574   1.1113767   1.1171039   1.0325826   1.0032989   1.0202005   1.0600020   1.1076052   1.1543167   1.1956702
   8.0033677   0.7584408   1.2221434   1.1587143   1.0621291   1.0312221   1.0479021   1.0882065   1.1366638   1.1839846   1.2253753
   8.0254155   1.5793780   1.3441177   1.1851531   1.0855222   1.0589839   1.0776649   1.1189876   1.1681036   1.2155887   1.2565443
   8.0474633   2.3332709   1.4327479   1.1937902   1.1032295   1.0868220   1.1095718   1.1523917   1.2019461   1.2491232   1.2891486
   8.0695112   2.4224336   1.4481690   1.1838500   1.1165640   1.1152367   1.1437736   1.1884667   1.2381934   1.2845601   1.3231419
   8.0915590   1.8763138   1.3741253   1.1574874   1.1276109   1.1449448   1.1804784   1.2272589   1.2768261   1.3218487   1.3584591
   8.1136069   1.2471602   1.2247594   1.1203319   1.1390567   1.1768140   1.2199344   1.2688073   1.3178018   1.3609143   1.3950160
   8.1356547   0.8124448   1.0376088   1.0812099   1.1539257   1.2117821   1.2624082   1.3131372   1.3610521   1.4016575   1.4327094
   8.1577026   0.4945605   0.8587739   1.0509962   1.1752474   1.2507717   1.3081604   1.3602516   1.4064803   1.4439537   1.4714172
   8.1797504   0.2738061   0.7288262   1.0408034   1.2056959   1.2946075   1.3574211   1.4101233   1.4539587   1.4876525   1.5109987
   8.2017983   0.2305903   0.6752567   1.0598968   1.2472572   1.3439447   1.4103646   1.4626851   1.5033260   1.5325780   1.5512952
   8.2238461   0.3765173   0.7120965   1.1137970   1.3009788   1.3992176   1.4670885   1.5178215   1.5543853   1.5785290   1.5921310
   8.2458939   0.6009161   0.8430943   1.2029945   1.3668525   1.4606092   1.5275946   1.5753613   1.6069023   1.6252795   1.6333147
   8.2679418   0.7586312   1.0634094   1.3225939   1.4438537   1.5280460   1.5917753   1.6350706   1.6606047   1.6725804   1.6746403
   8.2899896   0.8657605   1.3568438   1.4630304   1.5301397   1.6012144   1.6594035   1.6966484   1.7151822   1.7201603   1.7158895
   8.3120375   1.1970737   1.6904419   1.6118006   1.6233693   1.6795927   1.7301284   1.7597244   1.7702873   1.7677287   1.7568331
   8.3340853   2.0518681   2.0129310   1.7559226   1.7210891   1.7624930   1.8034741   1.8238579   1.8255378   1.8149779   1.7972339
   8.3561332   3.2466828   2.2637048   1.8846316   1.8211092   1.8491029   1.8788436   1.8885413   1.8805200   1.8615866   1.8368488
   8.3781810   3.9501869   2.3928919   1.9916910   1.9217958   1.9385203   1.9555246   1.9532042   1.9347938   1.9072236   1.8754314
   8.4002289   3.5401616   2.3840228   2.0767163   2.0222216   2.0297760   2.0326997   2.0172216   1.9878979   1.9515520   1.9127353
   8.4222767   2.4561578   2.2661621   2.1451120   2.1221444   2.1218399   2.1094584   2.0799235   2.0393573   1.9942337   1.9485165
   8.4443246   1.5349920   2.1067303   2.2065756   2.2218195   2.2136144   2.1848124   2.1406080   2.0886912   2.0349343   1.9825370
   8.4663724   1.0318783   1.9870204   2.2725301   2.3216847   2.3039160   2.2577137   2.1985556   2.1354214   2.0733282   2.0145673
   8.4884202   0.8745860   1.9720191   2.3531601   2.4219843   2.3914562   2.3270758   2.2530454   2.1790818   2.1091037   2.0443898
   8.5104681   1.1690731   2.0885433   2.4548404   2.5224078   2.4748268   2.3917989   2.3033729   2.2192280   2.1419681   2.0718014
   8.5325159   1.9766942   2.3204707   2.5785998   2.6218170   2.5525002   2.4507975   2.3488682   2.2554470   2.1716528   2.0966162
   8.5545638   2.9701564   2.6208960   2.7199231   2.7181142   2.6228505   2.5030322   2.3889143   2.2873660   2.1979175   2.1186681
   8.5766116   3.6140663   2.9332572   2.8697823   2.8082806   2.6842002   2.5475435   2.4229655   2.3146612   2.2205550   2.1378129
   8.5986595   3.6805121   3.2105665   3.0164608   2.8885781   2.7348913   2.5834869   2.4505633   2.3370658   2.2393942   2.1539303
   8.6207073   3.4995503   3.4251405   3.1475843   2.9548876   2.7733774   2.6101678   2.4713519   2.3543758   2.2543034   2.1669250
   8.6427552   3.5972136   3.5682584   3.2518453   3.0031305   2.7983300   2.6270740   2.4850898   2.3664554   2.2651921   2.1767281
   8.6648030   4.0420581   3.6445775   3.3201322   3.0297178   2.8087455   2.6339034   2.4916586   2.3732400   2.2720126   2.1832972
   8.6868508   4.2476360   3.6659009   3.3460483   3.0319680   2.8040454   2.6305859   2.4910685   2.3747374   2.2747604   2.1866173
   8.7088987   3.7375146   3.6448389   3.3260251   3.0084436   2.7841532   2.6172946   2.4834586   2.3710279   2.2734732   2.1866998
   8.7309465   3.0352783   3.5871232   3.2593044   2.9591693   2.7495420   2.5944488   2.4690940   2.3622609   2.2682302   2.1835819
   8.7529944   3.1038555   3.4849314   3.1479904   2.8857107   2.7012427   2.5627035   2.4483575   2.3486513   2.2591490   2.1773254
   8.7750422   3.9528854   3.3179336   2.9971930   2.7911025   2.6408114   2.5229284   2.4217382   2.3304729   2.2463832   2.1680152
   8.7970901   4.4708675   3.0663952   2.8150986   2.6796379   2.5702564   2.4761763   2.3898150   2.3080508   2.2301178   2.1557572
   8.8191379   3.7700957   2.7308697   2.6127115   2.5565354   2.4919303   2.4236406   2.3532387   2.2817527   2.2105656   2.1406756
   8.8411858   2.2588031   2.3445784   2.4030602   2.4275199   2.4083967   2.3666073   2.3127102   2.2519785   2.1879613   2.1229111
   8.8632336   0.9767175   1.9670075   2.1998456   2.2983601   2.3222812   2.3064016   2.2689585   2.2191501   2.1625572   2.1026175
   8.8852814   0.4225204   1.6602312   2.0157419   2.1744101   2.2361227   2.2443339   2.2227173   2.1837007   2.1346170   2.0799591
   8.9073293   0.5286954   1.4624029   1.8607325   2.0602078   2.1522337   2.1816475   2.1747033   2.1460636   2.1044104   2.0551076
   8.9293771   1.0960976   1.3749573   1.7408911   1.9591697   2.0725843   2.1194719   2.1255948   2.1066624   2.0722081   2.0282393
   8.9514250   1.7343045   1.3700063   1.6578890   1.8734159   1.9987151   2.0587838   2.0760140   2.0659014   2.0382765   1.9995319
   8.9734728   1.9046552   1.4105947   1.6092891   1.8037348   1.9316864   2.0003777   2.0265115   2.0241575   2.0028726   1.9691623
   8.9955207   1.5247782   1.4693147   1.5894661   1.7496847   1.8720644   1.9448483   1.9775550   1.9817730   1.9662405   1.9373037
   9.0175685   1.1444163   1.5345567   1.5908713   1.7098041   1.8199413   1.8925835   1.9295219   1.9390501   1.9286071   1.9041234
   9.0396164   1.2331438   1.6041537   1.6053473   1.6818949   1.7749855   1.8437693   1.8826954   1.8962472   1.8901796   1.8697807
   9.0616642   1.6770672   1.6747752   1.6252793   1.6633336   1.7365144   1.7984043   1.8372660   1.8535765   1.8511431   1.8344256
   9.0837121   2.0577757   1.7362327   1.6444651   1.6513657   1.7035807   1.7563227   1.7933347   1.8112035   1.8116591   1.7981970
   9.1057599   2.1254864   1.7739559   1.6586549   1.6433491   1.6750653   1.7172236   1.7509209   1.7692474   1.7718647   1.7612222
   9.1278077   1.9768948   1.7763466   1.6657354   1.6369260   1.6497682   1.6807040   1.7099718   1.7277840   1.7318728   1.7236156
   9.1498556   1.8579111   1.7415182   1.6655403   1.6301151   1.6264916   1.6462927   1.6703740   1.6868482   1.6917721   1.6854795
   9.1719034   1.8042035   1.6799887   1.6593010   1.6213355   1.6041106   1.6134844   1.6319665   1.6464390   1.6516291   1.6469031
   9.1939513   1.6541643   1.6126423   1.6488213   1.6093834   1.5816301   1.5817704   1.5945526   1.6065240   1.6114892   1.6079635
   9.2159991   1.3544271   1.5643992   1.6355588   1.5933850   1.5582244   1.5506646   1.5579135   1.5670451   1.5713791   1.5687263
   9.2380470   1.0389250   1.5545465   1.6198670   1.5727537   1.5332615   1.5197245   1.5218191   1.5279240   1.5313091   1.5292465
   9.2600948   0.9787629   1.5865409   1.6006489   1.5471653   1.5063124   1.4885658   1.4860391   1.4890681   1.4912760   1.4895692
   9.2821427   1.4173814   1.6426064   1.5755745   1.5165595   1.4771462   1.4568707   1.4503511   1.4503758   1.4512661   1.4497316
   9.3041905   2.1848507   1.6882682   1.5418298   1.4811588   1.4457127   1.4243906   1.4145478   1.4117419   1.4112576   1.4097640
   9.3262383   2.6578383   1.6869799   1.4971791   1.4414898   1.4121140   1.3909430   1.3784424   1.3730623   1.3712242   1.3696910
   9.3482862   2.3893406   1.6178266   1.4409936   1.3983827   1.3765686   1.3564048   1.3418719   1.3342382   1.3311373   1.3295335
   9.3703340   1.6077337   1.4858675   1.3748971   1.3529326   1.3393685   1.3207023   1.3046993   1.2951797   1.2909691   1.2893098
   9.3923819   0.9049474   1.3187819   1.3027986   1.3064084   1.3008337   1.2838003   1.2668145   1.2558094   1.2506945   1.2490373
   9.4144297   0.6215678   1.1525578   1.2302776   1.2601134   1.2612673   1.2456901   1.2281344   1.2160642   1.2102939   1.2087335
   9.4364776   0.6838735   1.0159532   1.1634834   1.2152126   1.2209161   1.2063797   1.1886022   1.1758976   1.1697544   1.1684174
   9.4585254   0.8653417   0.9229976   1.1078327   1.1725545   1.1799390   1.1658853   1.1481865   1.1352810   1.1290718   1.1281106
   9.4805733   0.9736015   0.8757396   1.0668245   1.1325207   1.1383882   1.1242262   1.1068806   1.0942046   1.0882515   1.0878381
   9.5026211   0.8775402   0.8717438   1.0412323   1.0949364   1.0962050   1.0814226   1.0647013   1.0526776   1.0473093   1.0476290
   9.5246689   0.6251518   0.9084111   1.0288330   1.0590632   1.0532308   1.0374971   1.0216884   1.0107288   1.0062722   1.0075170
   9.5467168   0.4901691   0.9803847   1.0247216   1.0236838   1.0092335   0.9924786   0.9779038   0.9684053   0.9651783   0.9675411
   9.5687646   0.7457773   1.0732923   1.0221497   0.9872687   0.9639451   0.9464094   0.9334318   0.9257728   0.9240769   0.9277451
   9.5908125   1.3674425   1.1610381   1.0137340   0.9482012   0.9171070   0.8993522   0.8883780   0.8829137   0.8830276   0.8881781
   9.6128603   1.9321378   1.2115003   0.9928067   0.9050231   0.8685179   0.8513989   0.8428691   0.8399262   0.8421002   0.8488940
   9.6349082   1.9691308   1.1987259   0.9546338   0.8566620   0.8180768   0.8026774   0.7970523   0.7969228   0.8013730   0.8099514
   9.6569560   1.4860520   1.1141861   0.8972441   0.8026025   0.7658179   0.7533571   0.7510936   0.7540279   0.7609326   0.7714125
   9.6790039   0.9158248   0.9699610   0.8216927   0.7429760   0.7119310   0.7036514   0.7051764   0.7113762   0.7208716   0.7333433
   9.7010517   0.5766655   0.7923837   0.7317181   0.6785575   0.6567666   0.6538174   0.6594985   0.6691102   0.6812876   0.6958119
   9.7230996   0.4261627   0.6107937   0.6329051   0.6106737   0.6008232   0.6041514   0.6142696   0.6273774   0.6422816   0.6588883
   9.7451474   0.3004719   0.4479561   0.5315857   0.5410442   0.5447209   0.5549818   0.5697067   0.5863282   0.6039561   0.6226433
   9.7671952   0.1653097   0.3159532   0.4337487   0.4715822   0.4891620   0.5066586   0.5260301   0.5461127   0.5664136   0.5871474
   9.7892431   0.0770284   0.2171745   0.3441964   0.4041884   0.4348850   0.4595408   0.4834583   0.5068783   0.5297549   0.5524699
   9.8112909   0.0546123   0.1477482   0.2660801   0.3405683   0.3826159   0.4139831   0.4422030   0.4687666   0.4940773   0.5186782
   9.8333388   0.0641318   0.1010268   0.2008306   0.2820938   0.3330230   0.3703215   0.4024639   0.4319113   0.4594732   0.4858365
   9.8553866   0.0655566   0.0700988   0.1484009   0.2297220   0.2866777   0.3288605   0.3644238   0.3964351   0.4260285   0.4540049
   9.8774345   0.0469691   0.0492540   0.1076857   0.1839723   0.2440267   0.2898614   0.3282440   0.3624484   0.3938212   0.4232390
   9.8994823   0.0229077   0.0345795   0.0769818   0.1449538   0.2053745   0.2535335   0.2940607   0.3300463   0.3629205   0.3935887
   9.9215302   0.0076551   0.0238607   0.0543866   0.1124301   0.1708795   0.2200279   0.2619819   0.2993083   0.3333859   0.3650979
   9.9435780   0.0021149   0.0160401   0.0380820   0.0859050   0.1405595   0.1894345   0.2320856   0.2702962   0.3052660   0.3378038
   9.9656258   0.0016274   0.0105801   0.0264941   0.0647141   0.1143070   0.1617824   0.2044185   0.2430538   0.2785982   0.3117365
   9.9876737   0.0030613   0.0070238   0.0183522   0.0481100   0.0919106   0.1370428   0.1789964   0.2176069   0.2534088   0.2869187
  10.0097215   0.0045590   0.0048494   0.0126798   0.0353332   0.0730798   0.1151342   0.1558052   0.1939628   0.2297122   0.2633656
  10.0317694   0.0046385   0.0035325   0.0087520   0.0256643   0.0574707   0.0959305   0.1348027   0.1721115   0.2075114   0.2410849
  10.0538172   0.0032001   0.0026594   0.0060427   0.0184580   0.0447108   0.0792686   0.1159214   0.1520266   0.1867986   0.2200768
  10.0758651   0.0014964   0.0019856   0.0041766   0.0131603   0.0344200   0.0649584   0.0990719   0.1336660   0.1675551   0.2003340
  10.0979129   0.0004743   0.0014157   0.0028891   0.0093125   0.0262286   0.0527916   0.0841467   0.1169743   0.1497524   0.1818424
  10.1199608   0.0001019   0.0009404   0.0019967   0.0065470   0.0197905   0.0425502   0.0710239   0.1018839   0.1333533   0.1645813
  10.1420086   0.0000148   0.0005742   0.0013743   0.0045769   0.0147917   0.0340147   0.0595714   0.0883175   0.1183121   0.1485236
  10.1640564   0.0000015   0.0003201   0.0009378   0.0031839   0.0109555   0.0269704   0.0496507   0.0761895   0.1045763   0.1336368
  10.1861043   0.0000001   0.0001624   0.0006310   0.0022046   0.0080442   0.0212128   0.0411206   0.0654085   0.0920874   0.1198834
  10.2081521   0.0000000   0.0000749   0.0004164   0.0015195   0.0058581   0.0165515   0.0338403   0.0558791   0.0807821   0.1072213
  10.2302000   0.0000000   0.0000313   0.0002681   0.0010422   0.0042330   0.0128131   0.0276725   0.0475038   0.0705934   0.0956050
  10.2522478   0.0000000   0.0000119   0.0001677   0.0007108   0.0030361   0.0098423   0.0224855   0.0401844   0.0614517   0.0849855
  10.2742957   0.0000000   0.0000041   0.0001016   0.0004815   0.0021624   0.0075029   0.0181553   0.0338243   0.0532859   0.0753119
  10.2963435   0.0000000   0.0000013   0.0000594   0.0003237   0.0015299   0.0056768   0.0145665   0.0283291   0.0460245   0.0665313
  10.3183914   0.0000000   0.0000004   0.0000334   0.0002155   0.0010755   0.0042638   0.0116137   0.0236083   0.0395962   0.0585898
  10.3404392   0.0000000   0.0000001   0.0000181   0.0001420   0.0007513   0.0031796   0.0092015   0.0195757   0.0339309   0.0514331
  10.3624870   0.0000000   0.0000000   0.0000094   0.0000924   0.0005217   0.0023545   0.0072450   0.0161505   0.0289605   0.0450069
  10.3845349   0.0000000   0.0000000   0.0000047   0.0000593   0.0003600   0.0017316   0.0056692   0.0132578   0.0246195   0.0392574
  10.4065827   0.0000000   0.0000000   0.0000023   0.0000374   0.0002469   0.0012650   0.0044090   0.0108285   0.0208453   0.0341322
  10.4286306   0.0000000   0.0000000   0.0000010   0.0000233   0.0001683   0.0009181   0.0034080   0.0087999   0.0175786   0.0295800
  10.4506784   0.0000000   0.0000000   0.0000005   0.0000142   0.0001139   0.0006621   0.0026183   0.0071155   0.0147640   0.0255515
  10.4727263   0.0000000   0.0000000   0.0000002   0.0000085   0.0000766   0.0004745   0.0019996   0.0057246   0.0123498   0.0219995
  10.4947741   0.0000000   0.0000000   0.0000001   0.0000050   0.0000511   0.0003380   0.0015181   0.0045826   0.0102885   0.0188792
  10.5168220   0.0000000   0.0000000   0.0000000   0.0000029   0.0000338   0.0002393   0.0011458   0.0036500   0.0085363   0.0161480
  10.5388698   0.0000000   0.0000000   0.0000000   0.0000016   0.0000222   0.0001684   0.0008598   0.0028928   0.0070538   0.0137662
  10.5609177   0.0000000   0.0000000   0.0000000   0.0000009   0.0000144   0.0001178   0.0006414   0.0022813   0.0058049   0.0116969
  10.5829655   0.0000000   0.0000000   0.0000000   0.0000005   0.0000093   0.0000820   0.0004759   0.0017901   0.0047577   0.0099055
  10.6050133   0.0000000   0.0000000   0.0000000   0.0000003   0.0000059   0.0000567   0.0003511   0.0013978   0.0038834   0.0083604
  10.6270612   0.0000000   0.0000000   0.0000000   0.0000001   0.0000037   0.0000390   0.0002575   0.0010861   0.0031569   0.0070328
  10.6491090   0.0000000   0.0000000   0.0000000   0.0000001   0.0000023   0.0000266   0.0001879   0.0008397   0.0025558   0.0058962
  10.6711569   0.0000000   0.0000000   0.0000000   0.0000000   0.0000014   0.0000181   0.0001364   0.0006461   0.0020607   0.0049266
  10.6932047   0.0000000   0.0000000   0.0000000   0.0000000   0.0000009   0.0000122   0.0000984   0.0004948   0.0016547   0.0041026
  10.7152526   0.0000000   0.0000000   0.0000000   0.0000000   0.0000005   0.0000082   0.0000707   0.0003770   0.0013233   0.0034049
  10.7373004   0.0000000   0.0000000   0.0000000   0.0000000   0.0000003   0.0000055   0.0000505   0.0002859   0.0010540   0.0028164
  10.7593483   0.0000000   0.0000000   0.0000000   0.0000000   0.0000002   0.0000036   0.0000359   0.0002158   0.0008361   0.0023217
  10.7813961   0.0000000   0.0000000   0.0000000   0.0000000   0.0000001   0.0000024   0.0000254   0.0001621   0.0006605   0.0019074
  10.8034439   0.0000000   0.0000000   0.0000000   0.0000000   0.0000001   0.0000016   0.0000178   0.0001212   0.0005197   0.0015617
  10.8254918   0.0000000   0.0000000   0.0000000   0.0000000   0.0000000   0.0000010   0.0000125   0.0000902   0.0004073   0.0012744
  10.8475396   0.0000000   0.0000000   0.0000000   0.0000000   0.0000000   0.0000006   0.0000087   0.0000668   0.0003179   0.0010364
  10.8695875   0.0000000   0.0000000   0.0000000   0.0000000   0.0000000   0.0000004   0.0000060   0.0000493   0.0002471   0.0008400
  10.8916353   0.0000000   0.0000000   0.0000000   0.0000000   0.0000000   0.0000003   0.0000041   0.0000362   0.0001913   0.0006785
  10.9136832   0.0000000   0.0000000   0.0000000   0.0000000   0.0000000   0.0000002   0.0000028   0.0000264   0.0001475   0.0005462
  10.9357310   0.0000000   0.0000000   0.0000000   0.0000000   0.0000000   0.0000001   0.0000019   0.0000192   0.0001133   0.0004382
  10.9577789   0.0000000   0.0000000   0.0000000   0.0000000   0.0000000   0.0000001   0.0000013   0.0000139   0.0000867   0.0003504
  10.9798267   0.0000000   0.0000000   0.0000000   0.0000000   0.0000000   0.0000000   0.0000009   0.0000100   0.0000660   0.0002792
  11.0018745   0.0000000   0.0000000   0.0000000   0.0000000   0.0000000   0.0000000   0.0000006   0.0000072   0.0000501   0.0002217
  11.0239224   0.0000000   0.0000000   0.0000000   0.0000000   0.0000000   0.0000000   0.0000004   0.0000051   0.0000379   0.0001755
 Integrated el-ph coupling
  #            2.7832620   2.7835918   2.7841421   2.7849140   2.7859088   2.7871285   2.7885753   2.7902521   2.7921619   2.7943071
 Phonon smearing (meV)
  #            0.0500000   0.1000000   0.1500000   0.2000000   0.2500000   0.3000000   0.3500000   0.4000000   0.4500000   0.5000000
 Electron smearing (eV)   0.0500000
 Fermi window (eV)   6.0000000
 Summed el-ph coupling    3.2424154
