   0.0220478   0.0000000   0.0000000   0.0000000   0.0000000   0.0000000   0.0000000   0.0000000   0.0000000   0.0000000   0.0000000
   0.0440957   0.0000000   0.0000000   0.0000000   0.0000000   0.0000000   0.0000000   0.0000000   0.0000000   0.0000000   0.0000000
   0.0661435   0.0000000   0.0000000   0.0000000   0.0000000   0.0000000   0.0000000   0.0000000   0.0000000   0.0000000   0.0000000
   0.0881914   0.0000000   0.0000000   0.0000000   0.0000000   0.0000000   0.0000000   0.0000000   0.0000000   0.0000000   0.0000000
   0.1102392   0.0000000   0.0000000   0.0000000   0.0000000   0.0000000   0.0000000   0.0000000   0.0000000   0.0000000   0.0000000
   0.1322871   0.0000000   0.0000000   0.0000000   0.0000000   0.0000000   0.0000000   0.0000000   0.0000000   0.0000000   0.0000000
   0.1543349   0.0000000   0.0000000   0.0000000   0.0000000   0.0000000   0.0000000   0.0000000   0.0000000   0.0000000   0.0000000
   0.1763828   0.0000000   0.0000000   0.0000000   0.0000000   0.0000000   0.0000000   0.0000000   0.0000000   0.0000000   0.0000000
   0.1984306   0.0000000   0.0000000   0.0000000   0.0000000   0.0000000   0.0000000   0.0000000   0.0000000   0.0000000   0.0000000
   0.2204784   0.0000000   0.0000000   0.0000000   0.0000000   0.0000000   0.0000000   0.0000000   0.0000000   0.0000000   0.0000000
   0.2425263   0.0000000   0.0000000   0.0000000   0.0000000   0.0000000   0.0000000   0.0000000   0.0000000   0.0000000   0.0000000
   0.2645741   0.0000000   0.0000000   0.0000000   0.0000000   0.0000000   0.0000000   0.0000000   0.0000000   0.0000000   0.0000000
   0.2866220   0.0000000   0.0000000   0.0000000   0.0000000   0.0000000   0.0000000   0.0000000   0.0000000   0.0000000   0.0000000
   0.3086698   0.0000000   0.0000000   0.0000000   0.0000000   0.0000000   0.0000000   0.0000000   0.0000000   0.0000000   0.0000000
   0.3307177   0.0000000   0.0000000   0.0000000   0.0000000   0.0000000   0.0000000   0.0000000   0.0000000   0.0000000   0.0000000
   0.3527655   0.0000000   0.0000000   0.0000000   0.0000000   0.0000000   0.0000000   0.0000000   0.0000000   0.0000000   0.0000000
   0.3748134   0.0000000   0.0000000   0.0000000   0.0000000   0.0000000   0.0000000   0.0000000   0.0000000   0.0000000   0.0000000
   0.3968612   0.0000000   0.0000000   0.0000000   0.0000000   0.0000000   0.0000000   0.0000000   0.0000000   0.0000000   0.0000000
   0.4189091   0.0000000   0.0000000   0.0000000   0.0000000   0.0000000   0.0000000   0.0000000   0.0000000   0.0000000   0.0000000
   0.4409569   0.0000000   0.0000000   0.0000000   0.0000000   0.0000000   0.0000000   0.0000000   0.0000000   0.0000000   0.0000000
   0.4630047   0.0000000   0.0000000   0.0000000   0.0000000   0.0000000   0.0000000   0.0000000   0.0000000   0.0000000   0.0000000
   0.4850526   0.0000000   0.0000000   0.0000000   0.0000000   0.0000000   0.0000000   0.0000000   0.0000000   0.0000000   0.0000000
   0.5071004   0.0000000   0.0000000   0.0000000   0.0000000   0.0000000   0.0000000   0.0000000   0.0000000   0.0000000   0.0000000
   0.5291483   0.0000000   0.0000000   0.0000000   0.0000000   0.0000000   0.0000000   0.0000000   0.0000000   0.0000000   0.0000000
   0.5511961   0.0000000   0.0000000   0.0000000   0.0000000   0.0000000   0.0000000   0.0000000   0.0000000   0.0000000   0.0000000
   0.5732440   0.0000000   0.0000000   0.0000000   0.0000000   0.0000000   0.0000000   0.0000000   0.0000000   0.0000000   0.0000000
   0.5952918   0.0000000   0.0000000   0.0000000   0.0000000   0.0000000   0.0000000   0.0000000   0.0000000   0.0000000   0.0000000
   0.6173397   0.0000000   0.0000000   0.0000000   0.0000000   0.0000000   0.0000000   0.0000000   0.0000000   0.0000000   0.0000000
   0.6393875   0.0000000   0.0000000   0.0000000   0.0000000   0.0000000   0.0000000   0.0000000   0.0000000   0.0000000   0.0000000
   0.6614353   0.0000000   0.0000000   0.0000000   0.0000000   0.0000000   0.0000000   0.0000000   0.0000000   0.0000000   0.0000000
   0.6834832   0.0000000   0.0000000   0.0000000   0.0000000   0.0000000   0.0000000   0.0000000   0.0000000   0.0000000   0.0000000
   0.7055310   0.0000000   0.0000000   0.0000000   0.0000000   0.0000000   0.0000000   0.0000000   0.0000000   0.0000000   0.0000000
   0.7275789   0.0000000   0.0000000   0.0000000   0.0000000   0.0000000   0.0000000   0.0000000   0.0000000   0.0000000   0.0000000
   0.7496267   0.0000000   0.0000000   0.0000000   0.0000000   0.0000000   0.0000000   0.0000000   0.0000000   0.0000000   0.0000000
   0.7716746   0.0000000   0.0000000   0.0000000   0.0000000   0.0000000   0.0000000   0.0000000   0.0000000   0.0000000   0.0000000
   0.7937224   0.0000000   0.0000000   0.0000000   0.0000000   0.0000000   0.0000000   0.0000000   0.0000000   0.0000000   0.0000000
   0.8157703   0.0000000   0.0000000   0.0000000   0.0000000   0.0000000   0.0000000   0.0000000   0.0000000   0.0000000   0.0000000
   0.8378181   0.0000000   0.0000000   0.0000000   0.0000000   0.0000000   0.0000000   0.0000000   0.0000000   0.0000000   0.0000000
   0.8598659   0.0000000   0.0000000   0.0000000   0.0000000   0.0000000   0.0000000   0.0000000   0.0000000   0.0000000   0.0000000
   0.8819138   0.0000000   0.0000000   0.0000000   0.0000000   0.0000000   0.0000000   0.0000000   0.0000000   0.0000000   0.0000000
   0.9039616   0.0000000   0.0000000   0.0000000   0.0000000   0.0000000   0.0000000   0.0000000   0.0000000   0.0000000   0.0000000
   0.9260095   0.0000000   0.0000000   0.0000000   0.0000000   0.0000000   0.0000000   0.0000000   0.0000000   0.0000000   0.0000000
   0.9480573   0.0000000   0.0000000   0.0000000   0.0000000   0.0000000   0.0000000   0.0000000   0.0000000   0.0000000   0.0000000
   0.9701052   0.0000000   0.0000000   0.0000000   0.0000000   0.0000000   0.0000000   0.0000000   0.0000000   0.0000000   0.0000000
   0.9921530   0.0000000   0.0000000   0.0000000   0.0000000   0.0000000   0.0000000   0.0000000   0.0000000   0.0000000   0.0000000
   1.0142009   0.0000000   0.0000000   0.0000000   0.0000000   0.0000000   0.0000000   0.0000000   0.0000000   0.0000000   0.0000000
   1.0362487   0.0000000   0.0000000   0.0000000   0.0000000   0.0000000   0.0000000   0.0000000   0.0000000   0.0000000   0.0000000
   1.0582965   0.0000000   0.0000000   0.0000000   0.0000000   0.0000000   0.0000000   0.0000000   0.0000000   0.0000000   0.0000000
   1.0803444   0.0000000   0.0000000   0.0000000   0.0000000   0.0000000   0.0000000   0.0000000   0.0000000   0.0000000   0.0000000
   1.1023922   0.0000000   0.0000000   0.0000000   0.0000000   0.0000000   0.0000000   0.0000000   0.0000000   0.0000000   0.0000000
   1.1244401   0.0000000   0.0000000   0.0000000   0.0000000   0.0000000   0.0000000   0.0000000   0.0000000   0.0000000   0.0000000
   1.1464879   0.0000000   0.0000000   0.0000000   0.0000000   0.0000000   0.0000000   0.0000000   0.0000000   0.0000000   0.0000000
   1.1685358   0.0000000   0.0000000   0.0000000   0.0000000   0.0000000   0.0000000   0.0000000   0.0000000   0.0000000   0.0000000
   1.1905836   0.0000000   0.0000000   0.0000000   0.0000000   0.0000000   0.0000000   0.0000000   0.0000000   0.0000000   0.0000000
   1.2126315   0.0000000   0.0000000   0.0000000   0.0000000   0.0000000   0.0000000   0.0000000   0.0000000   0.0000000   0.0000000
   1.2346793   0.0000000   0.0000000   0.0000000   0.0000000   0.0000000   0.0000000   0.0000000   0.0000000   0.0000000   0.0000000
   1.2567272   0.0000000   0.0000000   0.0000000   0.0000000   0.0000000   0.0000000   0.0000000   0.0000000   0.0000000   0.0000000
   1.2787750   0.0000000   0.0000000   0.0000000   0.0000000   0.0000000   0.0000000   0.0000000   0.0000000   0.0000000   0.0000000
   1.3008228   0.0000000   0.0000000   0.0000000   0.0000000   0.0000000   0.0000000   0.0000000   0.0000000   0.0000000   0.0000000
   1.3228707   0.0000000   0.0000000   0.0000000   0.0000000   0.0000000   0.0000000   0.0000000   0.0000000   0.0000000   0.0000000
   1.3449185   0.0000000   0.0000000   0.0000000   0.0000000   0.0000000   0.0000000   0.0000000   0.0000000   0.0000000   0.0000000
   1.3669664   0.0000000   0.0000000   0.0000000   0.0000000   0.0000000   0.0000000   0.0000000   0.0000000   0.0000000   0.0000000
   1.3890142   0.0000000   0.0000000   0.0000000   0.0000000   0.0000000   0.0000000   0.0000000   0.0000000   0.0000000   0.0000000
   1.4110621   0.0000000   0.0000000   0.0000000   0.0000000   0.0000000   0.0000000   0.0000000   0.0000000   0.0000000   0.0000001
   1.4331099   0.0000000   0.0000000   0.0000000   0.0000000   0.0000000   0.0000000   0.0000000   0.0000000   0.0000000   0.0000001
   1.4551578   0.0000000   0.0000000   0.0000000   0.0000000   0.0000000   0.0000000   0.0000000   0.0000000   0.0000000   0.0000001
   1.4772056   0.0000000   0.0000000   0.0000000   0.0000000   0.0000000   0.0000000   0.0000000   0.0000000   0.0000000   0.0000001
   1.4992534   0.0000000   0.0000000   0.0000000   0.0000000   0.0000000   0.0000000   0.0000000   0.0000000   0.0000000   0.0000002
   1.5213013   0.0000000   0.0000000   0.0000000   0.0000000   0.0000000   0.0000000   0.0000000   0.0000000   0.0000000   0.0000002
   1.5433491   0.0000000   0.0000000   0.0000000   0.0000000   0.0000000   0.0000000   0.0000000   0.0000000   0.0000000   0.0000003
   1.5653970   0.0000000   0.0000000   0.0000000   0.0000000   0.0000000   0.0000000   0.0000000   0.0000000   0.0000000   0.0000004
   1.5874448   0.0000000   0.0000000   0.0000000   0.0000000   0.0000000   0.0000000   0.0000000   0.0000000   0.0000001   0.0000005
   1.6094927   0.0000000   0.0000000   0.0000000   0.0000000   0.0000000   0.0000000   0.0000000   0.0000000   0.0000001   0.0000007
   1.6315405   0.0000000   0.0000000   0.0000000   0.0000000   0.0000000   0.0000000   0.0000000   0.0000000   0.0000001   0.0000009
   1.6535884   0.0000000   0.0000000   0.0000000   0.0000000   0.0000000   0.0000000   0.0000000   0.0000000   0.0000002   0.0000011
   1.6756362   0.0000000   0.0000000   0.0000000   0.0000000   0.0000000   0.0000000   0.0000000   0.0000000   0.0000002   0.0000015
   1.6976840   0.0000000   0.0000000   0.0000000   0.0000000   0.0000000   0.0000000   0.0000000   0.0000000   0.0000003   0.0000019
   1.7197319   0.0000000   0.0000000   0.0000000   0.0000000   0.0000000   0.0000000   0.0000000   0.0000000   0.0000004   0.0000024
   1.7417797   0.0000000   0.0000000   0.0000000   0.0000000   0.0000000   0.0000000   0.0000000   0.0000001   0.0000006   0.0000031
   1.7638276   0.0000000   0.0000000   0.0000000   0.0000000   0.0000000   0.0000000   0.0000000   0.0000001   0.0000008   0.0000039
   1.7858754   0.0000000   0.0000000   0.0000000   0.0000000   0.0000000   0.0000000   0.0000000   0.0000001   0.0000010   0.0000050
   1.8079233   0.0000000   0.0000000   0.0000000   0.0000000   0.0000000   0.0000000   0.0000000   0.0000002   0.0000014   0.0000063
   1.8299711   0.0000000   0.0000000   0.0000000   0.0000000   0.0000000   0.0000000   0.0000000   0.0000003   0.0000018   0.0000079
   1.8520190   0.0000000   0.0000000   0.0000000   0.0000000   0.0000000   0.0000000   0.0000000   0.0000004   0.0000024   0.0000100
   1.8740668   0.0000000   0.0000000   0.0000000   0.0000000   0.0000000   0.0000000   0.0000000   0.0000005   0.0000032   0.0000125
   1.8961147   0.0000000   0.0000000   0.0000000   0.0000000   0.0000000   0.0000000   0.0000001   0.0000007   0.0000041   0.0000156
   1.9181625   0.0000000   0.0000000   0.0000000   0.0000000   0.0000000   0.0000000   0.0000001   0.0000010   0.0000054   0.0000195
   1.9402103   0.0000000   0.0000000   0.0000000   0.0000000   0.0000000   0.0000000   0.0000001   0.0000013   0.0000070   0.0000241
   1.9622582   0.0000000   0.0000000   0.0000000   0.0000000   0.0000000   0.0000000   0.0000002   0.0000018   0.0000090   0.0000299
   1.9843060   0.0000000   0.0000000   0.0000000   0.0000000   0.0000000   0.0000000   0.0000003   0.0000025   0.0000115   0.0000368
   2.0063539   0.0000000   0.0000000   0.0000000   0.0000000   0.0000000   0.0000000   0.0000004   0.0000034   0.0000147   0.0000453
   2.0284017   0.0000000   0.0000000   0.0000000   0.0000000   0.0000000   0.0000000   0.0000006   0.0000045   0.0000187   0.0000555
   2.0504496   0.0000000   0.0000000   0.0000000   0.0000000   0.0000000   0.0000001   0.0000009   0.0000060   0.0000237   0.0000679
   2.0724974   0.0000000   0.0000000   0.0000000   0.0000000   0.0000000   0.0000001   0.0000013   0.0000080   0.0000299   0.0000827
   2.0945453   0.0000000   0.0000000   0.0000000   0.0000000   0.0000000   0.0000001   0.0000018   0.0000106   0.0000376   0.0001005
   2.1165931   0.0000000   0.0000000   0.0000000   0.0000000   0.0000000   0.0000002   0.0000026   0.0000140   0.0000471   0.0001218
   2.1386409   0.0000000   0.0000000   0.0000000   0.0000000   0.0000000   0.0000003   0.0000036   0.0000183   0.0000587   0.0001471
   2.1606888   0.0000000   0.0000000   0.0000000   0.0000000   0.0000000   0.0000005   0.0000051   0.0000238   0.0000729   0.0001773
   2.1827366   0.0000000   0.0000000   0.0000000   0.0000000   0.0000000   0.0000008   0.0000071   0.0000308   0.0000902   0.0002130
   2.2047845   0.0000000   0.0000000   0.0000000   0.0000000   0.0000000   0.0000012   0.0000098   0.0000397   0.0001113   0.0002553
   2.2268323   0.0000000   0.0000000   0.0000000   0.0000000   0.0000001   0.0000018   0.0000133   0.0000508   0.0001367   0.0003051
   2.2488802   0.0000000   0.0000000   0.0000000   0.0000000   0.0000001   0.0000028   0.0000181   0.0000648   0.0001673   0.0003638
   2.2709280   0.0000000   0.0000000   0.0000000   0.0000000   0.0000002   0.0000041   0.0000244   0.0000821   0.0002040   0.0004326
   2.2929759   0.0000000   0.0000000   0.0000000   0.0000000   0.0000004   0.0000060   0.0000327   0.0001035   0.0002479   0.0005132
   2.3150237   0.0000000   0.0000000   0.0000000   0.0000000   0.0000007   0.0000088   0.0000435   0.0001299   0.0003002   0.0006073
   2.3370715   0.0000000   0.0000000   0.0000000   0.0000000   0.0000011   0.0000127   0.0000574   0.0001623   0.0003625   0.0007170
   2.3591194   0.0000000   0.0000000   0.0000000   0.0000000   0.0000019   0.0000181   0.0000752   0.0002017   0.0004361   0.0008444
   2.3811672   0.0000000   0.0000000   0.0000000   0.0000001   0.0000030   0.0000256   0.0000979   0.0002495   0.0005231   0.0009923
   2.4032151   0.0000000   0.0000000   0.0000000   0.0000002   0.0000048   0.0000359   0.0001265   0.0003071   0.0006256   0.0011635
   2.4252629   0.0000000   0.0000000   0.0000000   0.0000003   0.0000076   0.0000498   0.0001623   0.0003764   0.0007459   0.0013611
   2.4473108   0.0000000   0.0000000   0.0000000   0.0000006   0.0000118   0.0000684   0.0002069   0.0004593   0.0008867   0.0015888
   2.4693586   0.0000000   0.0000000   0.0000000   0.0000011   0.0000181   0.0000930   0.0002620   0.0005581   0.0010512   0.0018505
   2.4914065   0.0000000   0.0000000   0.0000000   0.0000020   0.0000274   0.0001253   0.0003297   0.0006754   0.0012428   0.0021508
   2.5134543   0.0000000   0.0000000   0.0000001   0.0000036   0.0000409   0.0001672   0.0004122   0.0008139   0.0014654   0.0024946
   2.5355022   0.0000000   0.0000000   0.0000002   0.0000063   0.0000603   0.0002209   0.0005121   0.0009771   0.0017234   0.0028872
   2.5575500   0.0000000   0.0000000   0.0000004   0.0000108   0.0000875   0.0002891   0.0006323   0.0011687   0.0020219   0.0033346
   2.5795978   0.0000000   0.0000000   0.0000008   0.0000183   0.0001252   0.0003748   0.0007762   0.0013929   0.0023664   0.0038434
   2.6016457   0.0000000   0.0000000   0.0000016   0.0000303   0.0001767   0.0004813   0.0009474   0.0016544   0.0027630   0.0044206
   2.6236935   0.0000000   0.0000000   0.0000031   0.0000494   0.0002459   0.0006126   0.0011500   0.0019587   0.0032186   0.0050739
   2.6457414   0.0000000   0.0000001   0.0000059   0.0000789   0.0003375   0.0007728   0.0013886   0.0023118   0.0037410   0.0058117
   2.6677892   0.0000000   0.0000004   0.0000111   0.0001238   0.0004567   0.0009664   0.0016683   0.0027205   0.0043387   0.0066428
   2.6898371   0.0000000   0.0000010   0.0000205   0.0001902   0.0006094   0.0011982   0.0019947   0.0031927   0.0050208   0.0075768
   2.7118849   0.0000000   0.0000025   0.0000375   0.0002863   0.0008021   0.0014736   0.0023744   0.0037369   0.0057978   0.0086237
   2.7339328   0.0000000   0.0000059   0.0000675   0.0004221   0.0010414   0.0017981   0.0028144   0.0043630   0.0066808   0.0097941
   2.7559806   0.0000000   0.0000124   0.0001195   0.0006091   0.0013342   0.0021777   0.0033230   0.0050820   0.0076819   0.0110992
   2.7780284   0.0000002   0.0000240   0.0002073   0.0008601   0.0016870   0.0026187   0.0039094   0.0059061   0.0088142   0.0125505
   2.8000763   0.0000019   0.0000436   0.0003512   0.0011883   0.0021062   0.0031281   0.0045842   0.0068490   0.0100917   0.0141598
   2.8221241   0.0000112   0.0000759   0.0005784   0.0016061   0.0025975   0.0037137   0.0053596   0.0079259   0.0115293   0.0159390
   2.8441720   0.0000445   0.0001324   0.0009232   0.0021239   0.0031660   0.0043842   0.0062492   0.0091535   0.0131426   0.0179004
   2.8662198   0.0001196   0.0002400   0.0014239   0.0027484   0.0038165   0.0051494   0.0072692   0.0105501   0.0149482   0.0200559
   2.8882677   0.0002179   0.0004575   0.0021175   0.0034817   0.0045534   0.0060213   0.0084375   0.0121358   0.0169627   0.0224171
   2.9103155   0.0002692   0.0008934   0.0030311   0.0043203   0.0053817   0.0070137   0.0097748   0.0139320   0.0192035   0.0249954
   2.9323634   0.0002274   0.0017129   0.0041716   0.0052555   0.0063071   0.0081432   0.0113047   0.0159617   0.0216879   0.0278011
   2.9544112   0.0001556   0.0031123   0.0055163   0.0062749   0.0073378   0.0094300   0.0130535   0.0182491   0.0244329   0.0308437
   2.9764590   0.0002920   0.0052450   0.0070072   0.0073648   0.0084848   0.0108981   0.0150506   0.0208194   0.0274550   0.0341315
   2.9985069   0.0014487   0.0081050   0.0085536   0.0085144   0.0097634   0.0125762   0.0173285   0.0236984   0.0307698   0.0376713
   3.0205547   0.0057583   0.0114204   0.0100451   0.0097198   0.0111947   0.0144984   0.0199226   0.0269122   0.0343915   0.0414679
   3.0426026   0.0156395   0.0146354   0.0113744   0.0109885   0.0128064   0.0167045   0.0228709   0.0304864   0.0383325   0.0455242
   3.0646504   0.0288017   0.0170396   0.0124678   0.0123433   0.0146346   0.0192406   0.0262134   0.0344453   0.0426026   0.0498405
   3.0866983   0.0359525   0.0180229   0.0133150   0.0138240   0.0167240   0.0221592   0.0299918   0.0388117   0.0472090   0.0544148
   3.1087461   0.0304193   0.0173438   0.0139908   0.0154871   0.0191296   0.0255191   0.0342479   0.0436052   0.0521554   0.0592417
   3.1307940   0.0174453   0.0152710   0.0146611   0.0174036   0.0219174   0.0293847   0.0390229   0.0488420   0.0574414   0.0643131
   3.1528418   0.0067814   0.0125321   0.0155671   0.0196552   0.0251649   0.0338254   0.0443555   0.0545333   0.0630624   0.0696173
   3.1748896   0.0017869   0.0101202   0.0169882   0.0223294   0.0289622   0.0389137   0.0502803   0.0606845   0.0690087   0.0751392
   3.1969375   0.0003213   0.0090788   0.0191902   0.0255165   0.0334118   0.0447231   0.0568258   0.0672943   0.0752654   0.0808601
   3.2189853   0.0000708   0.0103400   0.0223682   0.0293089   0.0386286   0.0513250   0.0640122   0.0743532   0.0818119   0.0867577
   3.2410332   0.0003249   0.0145944   0.0266008   0.0338048   0.0447383   0.0587852   0.0718491   0.0818431   0.0886218   0.0928062
   3.2630810   0.0021850   0.0221175   0.0318286   0.0391168   0.0518751   0.0671596   0.0803331   0.0897363   0.0956627   0.0989763
   3.2851289   0.0100743   0.0325405   0.0378695   0.0453836   0.0601769   0.0764887   0.0894459   0.0979950   0.1028963   0.1052353
   3.3071767   0.0316479   0.0446929   0.0444762   0.0527838   0.0697782   0.0867928   0.0991521   0.1065707   0.1102785   0.1115476
   3.3292246   0.0683028   0.0567187   0.0514311   0.0615472   0.0808005   0.0980658   0.1093973   0.1154047   0.1177598   0.1178749
   3.3512724   0.1034054   0.0665783   0.0586649   0.0719585   0.0933393   0.1102702   0.1201079   0.1244278   0.1252856   0.1241766
   3.3733203   0.1150154   0.0728073   0.0663780   0.0843482   0.1074498   0.1233323   0.1311896   0.1335612   0.1327974   0.1304101
   3.3953681   0.1016383   0.0751776   0.0751354   0.0990671   0.1231297   0.1371381   0.1425286   0.1427174   0.1402327   0.1365318
   3.4174159   0.0768702   0.0749037   0.0859074   0.1164423   0.1403029   0.1515314   0.1539921   0.1518017   0.1475269   0.1424973
   3.4394638   0.0514597   0.0743000   0.1000280   0.1367151   0.1588044   0.1663133   0.1654310   0.1607138   0.1546136   0.1482623
   3.4615116   0.0371314   0.0761977   0.1190486   0.1599683   0.1783693   0.1812447   0.1766823   0.1693497   0.1614263   0.1537829
   3.4835595   0.0472060   0.0836580   0.1444796   0.1860511   0.1986275   0.1960508   0.1875735   0.1776040   0.1678994   0.1590166
   3.5056073   0.0795342   0.1003226   0.1774318   0.2145164   0.2191066   0.2104286   0.1979274   0.1853728   0.1739696   0.1639232
   3.5276552   0.1084016   0.1310806   0.2182056   0.2445822   0.2392441   0.2240571   0.2075667   0.1925558   0.1795769   0.1684647
   3.5497030   0.1080656   0.1819871   0.2659083   0.2751334   0.2584094   0.2366094   0.2163207   0.1990591   0.1846664   0.1726068
   3.5717509   0.0867606   0.2582351   0.3182144   0.3047691   0.2759352   0.2477667   0.2240304   0.2047979   0.1891889   0.1763189
   3.5937987   0.0988857   0.3600454   0.3713801   0.3318990   0.2911558   0.2572334   0.2305551   0.2096989   0.1931024   0.1795749
   3.6158465   0.2455866   0.4783117   0.4205871   0.3548806   0.3034507   0.2647515   0.2357772   0.2137024   0.1963729   0.1823536
   3.6378944   0.6201801   0.5933188   0.4606080   0.3721821   0.3122888   0.2701149   0.2396075   0.2167638   0.1989749   0.1846390
   3.6599422   1.1218616   0.6791165   0.4866848   0.3825489   0.3172687   0.2731810   0.2419887   0.2188555   0.2008923   0.1864208
   3.6819901   1.3866835   0.7128455   0.4954219   0.3851501   0.3181527   0.2738800   0.2428979   0.2199674   0.2021188   0.1876941
   3.7040379   1.1680564   0.6845155   0.4854651   0.3796810   0.3148892   0.2722200   0.2423483   0.2201072   0.2026574   0.1884600
   3.7260858   0.6778640   0.6015637   0.4577784   0.3664069   0.3076219   0.2682885   0.2403887   0.2193002   0.2025211   0.1887252
   3.7481336   0.2860018   0.4854037   0.4154409   0.3461409   0.2966844   0.2622493   0.2371017   0.2175884   0.2017316   0.1885018
   3.7701815   0.1105539   0.3621360   0.3630238   0.3201599   0.2825810   0.2543353   0.2326008   0.2150292   0.2003195   0.1878076
   3.7922293   0.0667562   0.2528588   0.3057265   0.2900731   0.2659542   0.2448371   0.2270261   0.2116938   0.1983231   0.1866649
   3.8142771   0.0674212   0.1683642   0.2485016   0.2576640   0.2475435   0.2340894   0.2205383   0.2076643   0.1957876   0.1851007
   3.8363250   0.0698247   0.1095102   0.1953746   0.2247283   0.2281381   0.2224539   0.2133133   0.2030319   0.1927638   0.1831463
   3.8583728   0.0565051   0.0712064   0.1490813   0.1929290   0.2085275   0.2103022   0.2055346   0.1978936   0.1893073   0.1808361
   3.8804207   0.0327156   0.0468513   0.1110366   0.1636847   0.1894554   0.1979980   0.1973870   0.1923497   0.1854769   0.1782077
   3.9024685   0.0133828   0.0311161   0.0815619   0.1380974   0.1715783   0.1858807   0.1890500   0.1865010   0.1813333   0.1753009
   3.9245164   0.0042047   0.0207208   0.0602481   0.1169214   0.1554334   0.1742510   0.1806914   0.1804460   0.1769385   0.1721575
   3.9465642   0.0019109   0.0139886   0.0463322   0.1005648   0.1414159   0.1633591   0.1724625   0.1742786   0.1723538   0.1688201
   3.9686121   0.0027735   0.0101449   0.0389938   0.0891167   0.1297681   0.1533967   0.1644937   0.1680858   0.1676395   0.1653322
   3.9906599   0.0046966   0.0089319   0.0375231   0.0823871   0.1205784   0.1444928   0.1568913   0.1619466   0.1628534   0.1617372
   4.0127078   0.0059154   0.0106310   0.0413514   0.0799533   0.1137902   0.1367130   0.1497366   0.1559302   0.1580506   0.1580783
   4.0347556   0.0056400   0.0162792   0.0499702   0.0812058   0.1092196   0.1300629   0.1430849   0.1500957   0.1532825   0.1543977
   4.0568034   0.0049402   0.0277346   0.0627817   0.0853939   0.1065786   0.1244940   0.1369669   0.1444916   0.1485966   0.1507366
   4.0788513   0.0052506   0.0472503   0.0789387   0.0916707   0.1055035   0.1199127   0.1313906   0.1391561   0.1440363   0.1471348
   4.1008991   0.0089994   0.0763780   0.0972327   0.0991403   0.1055852   0.1161913   0.1263440   0.1341179   0.1396409   0.1436304
   4.1229470   0.0284599   0.1144297   0.1160796   0.1069085   0.1063997   0.1131789   0.1217996   0.1293971   0.1354455   0.1402596
   4.1449948   0.0950069   0.1572428   0.1336304   0.1141365   0.1075371   0.1107140   0.1177177   0.1250062   0.1314815   0.1370569
   4.1670427   0.2344537   0.1972632   0.1479979   0.1200959   0.1086269   0.1086355   0.1140512   0.1209523   0.1277770   0.1340545
   4.1890905   0.3975706   0.2255134   0.1575534   0.1242177   0.1093588   0.1067926   0.1107501   0.1172382   0.1243571   0.1312830
   4.2111384   0.4586803   0.2348945   0.1612199   0.1261314   0.1094973   0.1050534   0.1077650   0.1138641   0.1212444   0.1287707
   4.2331862   0.3610315   0.2231858   0.1586789   0.1256863   0.1088901   0.1033113   0.1050516   0.1108297   0.1184597   0.1265441
   4.2552340   0.1975157   0.1940132   0.1504318   0.1229517   0.1074693   0.1014885   0.1025728   0.1081353   0.1160223   0.1246277
   4.2772819   0.0816911   0.1552070   0.1376941   0.1181960   0.1052473   0.0995388   0.1003021   0.1057833   0.1139509   0.1230442
   4.2993297   0.0348057   0.1155601   0.1221515   0.1118450   0.1023057   0.0974462   0.0982248   0.1037794   0.1122633   0.1218142
   4.3213776   0.0244929   0.0818289   0.1056426   0.1044266   0.0987817   0.0952241   0.0963391   0.1021334   0.1109774   0.1209566
   4.3434254   0.0248609   0.0573414   0.0898493   0.0965100   0.0948508   0.0929114   0.0946567   0.1008597   0.1101108   0.1204880
   4.3654733   0.0241208   0.0423542   0.0760638   0.0886456   0.0907090   0.0905683   0.0932024   0.0999780   0.1096812   0.1204233
   4.3875211   0.0192458   0.0353236   0.0650722   0.0813153   0.0865556   0.0882724   0.0920135   0.0995123   0.1097062   0.1207748
   4.4095690   0.0159646   0.0341011   0.0571578   0.0748960   0.0825786   0.0861138   0.0911386   0.0994914   0.1102032   0.1215528
   4.4316168   0.0224439   0.0365645   0.0521992   0.0696402   0.0789439   0.0841913   0.0906363   0.0999477   0.1111886   0.1227646
   4.4536646   0.0394200   0.0407868   0.0498162   0.0656722   0.0757879   0.0826092   0.0905728   0.1009165   0.1126778   0.1244149
   4.4757125   0.0584532   0.0451108   0.0495198   0.0629977   0.0732163   0.0814746   0.0910207   0.1024345   0.1146840   0.1265051
   4.4977603   0.0700448   0.0483852   0.0508274   0.0615237   0.0713061   0.0808964   0.0920563   0.1045384   0.1172181   0.1290331
   4.5198082   0.0696143   0.0503196   0.0533221   0.0610844   0.0701128   0.0809840   0.0937573   0.1072633   0.1202876   0.1319933
   4.5418560   0.0569824   0.0516884   0.0566562   0.0614704   0.0696802   0.0818469   0.0962005   0.1106410   0.1238954   0.1353758
   4.5639039   0.0376375   0.0540962   0.0605115   0.0624601   0.0700523   0.0835949   0.0994590   0.1146983   0.1280396   0.1391663
   4.5859517   0.0220133   0.0592199   0.0645470   0.0638512   0.0712859   0.0863371   0.1035993   0.1194546   0.1327124   0.1433460
   4.6079996   0.0216351   0.0677760   0.0683640   0.0654929   0.0734620   0.0901812   0.1086785   0.1249206   0.1378991   0.1478914
   4.6300474   0.0490185   0.0787356   0.0715132   0.0673173   0.0766944   0.0952309   0.1147414   0.1310963   0.1435776   0.1527738
   4.6520952   0.1080665   0.0893244   0.0735548   0.0693689   0.0811343   0.1015829   0.1218170   0.1379695   0.1497180   0.1579598
   4.6741431   0.1696125   0.0959924   0.0741634   0.0718299   0.0869694   0.1093215   0.1299158   0.1455144   0.1562821   0.1634107
   4.6961909   0.1819406   0.0959551   0.0732543   0.0750361   0.0944171   0.1185132   0.1390265   0.1536906   0.1632230   0.1690833
   4.7182388   0.1327811   0.0884866   0.0711015   0.0794795   0.1037102   0.1291987   0.1491138   0.1624424   0.1704854   0.1749296
   4.7402866   0.0663825   0.0752360   0.0684210   0.0857926   0.1150770   0.1413853   0.1601158   0.1716982   0.1780056   0.1808973
   4.7623345   0.0242206   0.0594355   0.0664034   0.0947104   0.1287154   0.1550389   0.1719428   0.1813713   0.1857120   0.1869304
   4.7843823   0.0098106   0.0445554   0.0666892   0.1070079   0.1447641   0.1700761   0.1844760   0.1913596   0.1935260   0.1929695
   4.8064302   0.0092315   0.0332523   0.0712841   0.1234154   0.1632719   0.1863585   0.1975684   0.2015475   0.2013627   0.1989527
   4.8284780   0.0125997   0.0272104   0.0824086   0.1445174   0.1841700   0.2036882   0.2110454   0.2118074   0.2091321   0.2048163
   4.8505259   0.0159500   0.0279371   0.1022673   0.1706431   0.2072485   0.2218075   0.2247081   0.2220015   0.2167406   0.2104955
   4.8725737   0.0172698   0.0380882   0.1327309   0.2017655   0.2321422   0.2404005   0.2383361   0.2319847   0.2240924   0.2159254
   4.8946215   0.0157811   0.0625905   0.1749390   0.2374210   0.2583278   0.2590995   0.2516932   0.2416073   0.2310912   0.2210419
   4.9166694   0.0136521   0.1086731   0.2288713   0.2766691   0.2851337   0.2774951   0.2645331   0.2507186   0.2376421   0.2257827
   4.9387172   0.0172423   0.1840105   0.2929828   0.3181012   0.3117642   0.2951494   0.2766059   0.2591703   0.2436530   0.2300883
   4.9607651   0.0444744   0.2928040   0.3640229   0.3599092   0.3373369   0.3116127   0.2876663   0.2668200   0.2490371   0.2339030
   4.9828129   0.1505269   0.4309723   0.4371555   0.4000091   0.3609304   0.3264417   0.2974807   0.2735346   0.2537138   0.2371754
   5.0048608   0.4363437   0.5830884   0.5064386   0.4362123   0.3816396   0.3392196   0.3058354   0.2791943   0.2576113   0.2398600
   5.0269086   0.9307173   0.7239734   0.5656214   0.4664227   0.3986341   0.3495750   0.3125435   0.2836950   0.2606673   0.2419173
   5.0489565   1.4053284   0.8258744   0.6091147   0.4888372   0.4112129   0.3572000   0.3174519   0.2869519   0.2628307   0.2433146
   5.0710043   1.5021135   0.8685847   0.6329110   0.5021212   0.4188527   0.3618652   0.3204463   0.2889007   0.2640624   0.2440267
   5.0930521   1.1691873   0.8472591   0.6352272   0.5055364   0.4212434   0.3634311   0.3214555   0.2895004   0.2643365   0.2440364
   5.1151000   0.7357462   0.7734731   0.6167104   0.4990028   0.4183081   0.3618543   0.3204536   0.2887332   0.2636403   0.2433344
   5.1371478   0.4890612   0.6691138   0.5801717   0.4830897   0.4102065   0.3571897   0.3174607   0.2866057   0.2619748   0.2419196
   5.1591957   0.4128231   0.5569782   0.5299466   0.4589382   0.3973207   0.3495868   0.3125417   0.2831480   0.2593544   0.2397990
   5.1812435   0.3661779   0.4532877   0.4710713   0.4281307   0.3802252   0.3392809   0.3058036   0.2784124   0.2558065   0.2369877
   5.2032914   0.3101670   0.3651515   0.4084906   0.3925270   0.3596453   0.3265806   0.2973908   0.2724725   0.2513708   0.2335084
   5.2253392   0.2722529   0.2925379   0.3464629   0.3540892   0.3364062   0.3118520   0.2874798   0.2654200   0.2460982   0.2293907
   5.2473871   0.2354054   0.2321727   0.2882431   0.3147187   0.3113792   0.2955002   0.2762719   0.2573625   0.2400497   0.2246711
   5.2694349   0.1721709   0.1808445   0.2360257   0.2761198   0.2854284   0.2779503   0.2639866   0.2484201   0.2332949   0.2193916
   5.2914827   0.1021905   0.1369557   0.1910706   0.2397016   0.2593626   0.2596281   0.2508532   0.2387225   0.2259104   0.2135996
   5.3135306   0.0544682   0.1004942   0.1539070   0.2065203   0.2338964   0.2409431   0.2371036   0.2284050   0.2179782   0.2073465
   5.3355784   0.0296226   0.0722327   0.1245329   0.1772608   0.2096210   0.2222729   0.2229652   0.2176054   0.2095840   0.2006869
   5.3576263   0.0163396   0.0529094   0.1025611   0.1522516   0.1869875   0.2039513   0.2086543   0.2064608   0.2008153   0.1936780
   5.3796741   0.0093359   0.0427479   0.0873050   0.1315040   0.1663015   0.1862595   0.1943707   0.1951043   0.1917602   0.1863784
   5.4017220   0.0083714   0.0412813   0.0778267   0.1147685   0.1477287   0.1694216   0.1802935   0.1836625   0.1825054   0.1788473
   5.4237698   0.0153002   0.0472799   0.0729768   0.1016005   0.1313081   0.1536027   0.1665780   0.1722535   0.1731347   0.1711434
   5.4458177   0.0337261   0.0586761   0.0714551   0.0914291   0.1169732   0.1389112   0.1533538   0.1609844   0.1637283   0.1633245
   5.4678655   0.0667893   0.0725811   0.0719041   0.0836232   0.1045756   0.1254031   0.1407241   0.1499505   0.1543612   0.1554463
   5.4899134   0.1107211   0.0855922   0.0730289   0.0775512   0.0939108   0.1130889   0.1287665   0.1392343   0.1451023   0.1475620
   5.5119612   0.1477866   0.0944660   0.0737265   0.0726313   0.0847430   0.1019412   0.1175339   0.1289050   0.1360140   0.1397219
   5.5340090   0.1551895   0.0969727   0.0731942   0.0683681   0.0768272   0.0919037   0.1070570   0.1190185   0.1271516   0.1319723
   5.5560569   0.1296279   0.0925399   0.0709954   0.0643768   0.0699282   0.0828993   0.0973470   0.1096180   0.1185629   0.1243558
   5.5781047   0.0908910   0.0823420   0.0670643   0.0603924   0.0638336   0.0748389   0.0883981   0.1007342   0.1102883   0.1169105
   5.6001526   0.0573283   0.0687683   0.0616511   0.0562654   0.0583636   0.0676278   0.0801916   0.0923869   0.1023607   0.1096702
   5.6222004   0.0335758   0.0545324   0.0552208   0.0519477   0.0533754   0.0611723   0.0726979   0.0845857   0.0948056   0.1026641
   5.6442483   0.0196106   0.0418378   0.0483312   0.0474704   0.0487635   0.0553836   0.0658805   0.0773314   0.0876421   0.0959166
   5.6662961   0.0153238   0.0319167   0.0415158   0.0429178   0.0444572   0.0501815   0.0596979   0.0706171   0.0808826   0.0894479
   5.6883440   0.0168798   0.0250187   0.0351978   0.0384019   0.0404155   0.0454959   0.0541062   0.0644299   0.0745336   0.0832736
   5.7103918   0.0177684   0.0207031   0.0296435   0.0340400   0.0366213   0.0412677   0.0490609   0.0587516   0.0685965   0.0774053
   5.7324396   0.0155534   0.0182126   0.0249589   0.0299379   0.0330741   0.0374482   0.0445184   0.0535606   0.0630680   0.0718506
   5.7544875   0.0139721   0.0167592   0.0211189   0.0261793   0.0297841   0.0339986   0.0404369   0.0488322   0.0579408   0.0666135
   5.7765353   0.0163318   0.0156786   0.0180146   0.0228210   0.0267661   0.0308879   0.0367772   0.0445400   0.0532041   0.0616946
   5.7985832   0.0198060   0.0144981   0.0155045   0.0198936   0.0240351   0.0280918   0.0335030   0.0406566   0.0488446   0.0570918
   5.8206310   0.0190438   0.0129695   0.0134562   0.0174053   0.0216030   0.0255907   0.0305811   0.0371542   0.0448466   0.0528000
   5.8426789   0.0133122   0.0110829   0.0117736   0.0153473   0.0194758   0.0233680   0.0279808   0.0340051   0.0411926   0.0488122
   5.8647267   0.0066966   0.0090338   0.0104059   0.0136989   0.0176531   0.0214086   0.0256746   0.0311823   0.0378641   0.0451193
   5.8867746   0.0026397   0.0071351   0.0093428   0.0124326   0.0161273   0.0196980   0.0236367   0.0286593   0.0348417   0.0417106
   5.9088224   0.0013591   0.0056996   0.0085993   0.0115161   0.0148843   0.0182212   0.0218436   0.0264111   0.0321057   0.0385743
   5.9308702   0.0014794   0.0049428   0.0081974   0.0109142   0.0139037   0.0169621   0.0202735   0.0244136   0.0296363   0.0356973
   5.9529181   0.0019856   0.0049424   0.0081484   0.0105892   0.0131607   0.0159036   0.0189055   0.0226440   0.0274138   0.0330663
   5.9749659   0.0030093   0.0056513   0.0084410   0.0105002   0.0126264   0.0150270   0.0177203   0.0210808   0.0254190   0.0306672
   5.9970138   0.0052503   0.0069402   0.0090349   0.0106031   0.0122699   0.0143130   0.0166990   0.0197037   0.0236331   0.0284858
   6.0190616   0.0083382   0.0086398   0.0098617   0.0108512   0.0120590   0.0137414   0.0158239   0.0184938   0.0220384   0.0265079
   6.0411095   0.0107753   0.0105676   0.0108307   0.0111960   0.0119616   0.0132915   0.0150779   0.0174333   0.0206176   0.0247196
   6.0631573   0.0123572   0.0125371   0.0118389   0.0115892   0.0119471   0.0129433   0.0144446   0.0165058   0.0193547   0.0231072
   6.0852052   0.0147623   0.0143594   0.0127820   0.0119857   0.0119870   0.0126772   0.0139085   0.0156959   0.0182345   0.0216575
   6.1072530   0.0184432   0.0158493   0.0135671   0.0123459   0.0120560   0.0124746   0.0134550   0.0149895   0.0172430   0.0203579
   6.1293009   0.0210539   0.0168436   0.0141223   0.0126384   0.0121325   0.0123188   0.0130705   0.0143736   0.0163670   0.0191965
   6.1513487   0.0207564   0.0172289   0.0144058   0.0128421   0.0121990   0.0121945   0.0127425   0.0138365   0.0155947   0.0181619
   6.1733965   0.0190459   0.0169672   0.0144096   0.0129466   0.0122424   0.0120887   0.0124598   0.0133674   0.0149152   0.0172437
   6.1954444   0.0180341   0.0161088   0.0141599   0.0129526   0.0122535   0.0119901   0.0122121   0.0129569   0.0143187   0.0164323
   6.2174922   0.0171047   0.0147933   0.0137124   0.0128696   0.0122269   0.0118900   0.0119911   0.0125966   0.0137966   0.0157190
   6.2395401   0.0144179   0.0132348   0.0131435   0.0127141   0.0121604   0.0117814   0.0117892   0.0122792   0.0133411   0.0150958
   6.2615879   0.0100145   0.0116901   0.0125386   0.0125058   0.0120541   0.0116594   0.0116006   0.0119987   0.0129458   0.0145555
   6.2836358   0.0061180   0.0104069   0.0119784   0.0122647   0.0119101   0.0115209   0.0114209   0.0117502   0.0126050   0.0140921
   6.3056836   0.0050430   0.0095667   0.0115267   0.0120078   0.0117312   0.0113645   0.0112467   0.0115296   0.0123141   0.0137000
   6.3277315   0.0070484   0.0092494   0.0112206   0.0117467   0.0115211   0.0111902   0.0110762   0.0113343   0.0120695   0.0133746
   6.3497793   0.0097339   0.0094347   0.0110649   0.0114863   0.0112833   0.0109994   0.0109088   0.0111624   0.0118685   0.0131121
   6.3718271   0.0101747   0.0100304   0.0110327   0.0112249   0.0110216   0.0107945   0.0107448   0.0110131   0.0117090   0.0129094
   6.3938750   0.0087484   0.0108964   0.0110701   0.0109551   0.0107397   0.0105791   0.0105858   0.0108866   0.0115902   0.0127639
   6.4159228   0.0092694   0.0118491   0.0111062   0.0106662   0.0104417   0.0103575   0.0104342   0.0107839   0.0115116   0.0126739
   6.4379707   0.0137710   0.0126615   0.0110659   0.0103470   0.0101323   0.0101349   0.0102934   0.0107068   0.0114736   0.0126380
   6.4600185   0.0187312   0.0130911   0.0108836   0.0099891   0.0098171   0.0099169   0.0101673   0.0106579   0.0114772   0.0126554
   6.4820664   0.0191104   0.0129437   0.0105147   0.0095895   0.0095030   0.0097099   0.0100607   0.0106405   0.0115239   0.0127258
   6.5041142   0.0152568   0.0121425   0.0099448   0.0091527   0.0091983   0.0095208   0.0099791   0.0106584   0.0116157   0.0128492
   6.5261621   0.0113948   0.0107600   0.0091922   0.0086918   0.0089127   0.0093564   0.0099281   0.0107159   0.0117549   0.0130259
   6.5482099   0.0089185   0.0089919   0.0083067   0.0082281   0.0086569   0.0092242   0.0099142   0.0108179   0.0119442   0.0132563
   6.5702577   0.0063566   0.0070922   0.0073627   0.0077899   0.0084422   0.0091316   0.0099441   0.0109696   0.0121865   0.0135410
   6.5923056   0.0034668   0.0053042   0.0064497   0.0074095   0.0082798   0.0090861   0.0100248   0.0111762   0.0124846   0.0138806
   6.6143534   0.0013418   0.0038135   0.0056615   0.0071197   0.0081802   0.0090953   0.0101638   0.0114433   0.0128415   0.0142759
   6.6364013   0.0003855   0.0027315   0.0050862   0.0069503   0.0081525   0.0091667   0.0103684   0.0117763   0.0132599   0.0147271
   6.6584491   0.0002152   0.0021033   0.0047973   0.0069242   0.0082036   0.0093080   0.0106466   0.0121807   0.0137424   0.0152347
   6.6804970   0.0005332   0.0019369   0.0048465   0.0070539   0.0083385   0.0095271   0.0110062   0.0126615   0.0142912   0.0157987
   6.7025448   0.0012451   0.0022434   0.0052576   0.0073398   0.0085598   0.0098321   0.0114548   0.0132233   0.0149080   0.0164187
   6.7245927   0.0020047   0.0030697   0.0060214   0.0077696   0.0088689   0.0102318   0.0120003   0.0138704   0.0155939   0.0170941
   6.7466405   0.0022431   0.0044978   0.0070924   0.0083186   0.0092664   0.0107354   0.0126499   0.0146060   0.0163494   0.0178237
   6.7686883   0.0020758   0.0065906   0.0083883   0.0089539   0.0097539   0.0113529   0.0134104   0.0154325   0.0171743   0.0186059
   6.7907362   0.0030815   0.0092957   0.0097944   0.0096376   0.0103351   0.0120950   0.0142877   0.0163514   0.0180674   0.0194383
   6.8127840   0.0079533   0.0123588   0.0111738   0.0103342   0.0110178   0.0129731   0.0152866   0.0173625   0.0190266   0.0203184
   6.8348319   0.0179549   0.0153172   0.0123838   0.0110166   0.0118149   0.0139987   0.0164105   0.0184647   0.0200489   0.0212427
   6.8568797   0.0286960   0.0176122   0.0132975   0.0116741   0.0127455   0.0151830   0.0176609   0.0196549   0.0211303   0.0222074
   6.8789276   0.0318491   0.0187788   0.0138261   0.0123182   0.0138349   0.0165361   0.0190371   0.0209286   0.0222658   0.0232080
   6.9009754   0.0255878   0.0186154   0.0139388   0.0129878   0.0151139   0.0180664   0.0205358   0.0222794   0.0234493   0.0242395
   6.9230233   0.0175893   0.0172369   0.0136773   0.0137511   0.0166168   0.0197788   0.0221506   0.0236992   0.0246738   0.0252964
   6.9450711   0.0138188   0.0149965   0.0131625   0.0147041   0.0183786   0.0216740   0.0238720   0.0251781   0.0259314   0.0263728
   6.9671190   0.0121104   0.0123398   0.0125946   0.0159648   0.0204308   0.0237469   0.0256872   0.0267045   0.0272134   0.0274625
   6.9891668   0.0088658   0.0096827   0.0122461   0.0176631   0.0227971   0.0259858   0.0275796   0.0282652   0.0285105   0.0285588
   7.0112146   0.0047272   0.0073636   0.0124484   0.0199268   0.0254882   0.0283711   0.0295294   0.0298458   0.0298126   0.0296550
   7.0332625   0.0019441   0.0056710   0.0135715   0.0228636   0.0284970   0.0308752   0.0315137   0.0314306   0.0311096   0.0307442
   7.0553103   0.0009727   0.0049229   0.0159913   0.0265428   0.0317949   0.0334619   0.0335067   0.0330031   0.0323910   0.0318195
   7.0773582   0.0009008   0.0055790   0.0200440   0.0309764   0.0353291   0.0360871   0.0354806   0.0345466   0.0336463   0.0328743
   7.0994060   0.0010290   0.0083575   0.0259628   0.0361046   0.0390221   0.0387002   0.0374062   0.0360441   0.0348652   0.0339020
   7.1214539   0.0016152   0.0142891   0.0338064   0.0417871   0.0427732   0.0412454   0.0392538   0.0374793   0.0360379   0.0348963
   7.1435017   0.0036670   0.0245829   0.0433882   0.0478030   0.0464625   0.0436638   0.0409943   0.0388364   0.0371552   0.0358516
   7.1655496   0.0082318   0.0401874   0.0542309   0.0538611   0.0499577   0.0458970   0.0426004   0.0401013   0.0382087   0.0367626
   7.1875974   0.0182411   0.0610694   0.0655654   0.0596206   0.0531218   0.0478890   0.0440472   0.0412611   0.0391910   0.0376249
   7.2096452   0.0455169   0.0854925   0.0763930   0.0647204   0.0558235   0.0495903   0.0453140   0.0423054   0.0400960   0.0384345
   7.2316931   0.1085086   0.1097945   0.0856100   0.0688149   0.0579467   0.0509603   0.0463843   0.0432259   0.0409186   0.0391886
   7.2537409   0.1989651   0.1290850   0.0921800   0.0716111   0.0594006   0.0519700   0.0472473   0.0440170   0.0416553   0.0398849
   7.2757888   0.2580677   0.1388114   0.0953148   0.0729012   0.0601276   0.0526044   0.0478979   0.0446756   0.0423041   0.0405223
   7.2978366   0.2348731   0.1365215   0.0946227   0.0725887   0.0601091   0.0528631   0.0483372   0.0452018   0.0428643   0.0411004
   7.3198845   0.1556283   0.1228770   0.0901832   0.0707008   0.0593688   0.0527614   0.0485722   0.0455979   0.0433369   0.0416200
   7.3419323   0.0822631   0.1013370   0.0825296   0.0673879   0.0579719   0.0523292   0.0486157   0.0458693   0.0437242   0.0420829
   7.3639802   0.0392010   0.0767180   0.0725435   0.0629095   0.0560213   0.0516096   0.0484855   0.0460234   0.0440301   0.0424915
   7.3860280   0.0173834   0.0534544   0.0612927   0.0576087   0.0536506   0.0506566   0.0482037   0.0460700   0.0442595   0.0428497
   7.4080758   0.0065620   0.0344081   0.0498532   0.0518793   0.0510151   0.0495315   0.0477952   0.0460202   0.0444189   0.0431620
   7.4301237   0.0020612   0.0205893   0.0391611   0.0461300   0.0482798   0.0482998   0.0472873   0.0458869   0.0445156   0.0434338
   7.4521715   0.0007965   0.0115980   0.0299209   0.0407499   0.0456088   0.0470270   0.0467075   0.0456836   0.0445579   0.0436715
   7.4742194   0.0006189   0.0063321   0.0225809   0.0360789   0.0431524   0.0457751   0.0460831   0.0454244   0.0445550   0.0438821
   7.4962672   0.0006600   0.0035884   0.0173641   0.0323849   0.0410381   0.0445986   0.0454395   0.0451237   0.0445168   0.0440737
   7.5183151   0.0009293   0.0024133   0.0143303   0.0298490   0.0393614   0.0435420   0.0447995   0.0447956   0.0444537   0.0442548
   7.5403629   0.0015408   0.0022461   0.0134416   0.0285580   0.0381807   0.0426378   0.0441827   0.0444538   0.0443765   0.0444346
   7.5624108   0.0021142   0.0029623   0.0146072   0.0285039   0.0375146   0.0419046   0.0436045   0.0441113   0.0442965   0.0446230
   7.5844586   0.0020557   0.0048871   0.0176951   0.0295891   0.0373425   0.0413479   0.0430767   0.0437806   0.0442252   0.0448305
   7.6065065   0.0013749   0.0087605   0.0225098   0.0316367   0.0376081   0.0409598   0.0426070   0.0434732   0.0441746   0.0450678
   7.6285543   0.0007359   0.0155664   0.0287528   0.0344053   0.0382253   0.0407219   0.0421996   0.0432000   0.0441565   0.0453464
   7.6506021   0.0012638   0.0261309   0.0359838   0.0376073   0.0390866   0.0406065   0.0418562   0.0429716   0.0441834   0.0456780
   7.6726500   0.0065849   0.0405189   0.0436096   0.0409321   0.0400727   0.0405806   0.0415762   0.0427979   0.0442678   0.0460747
   7.6946978   0.0270136   0.0574650   0.0509151   0.0440701   0.0410618   0.0406090   0.0413585   0.0426890   0.0444224   0.0465491
   7.7167457   0.0755334   0.0742365   0.0571426   0.0467385   0.0419405   0.0406576   0.0412017   0.0426549   0.0446603   0.0471139
   7.7387935   0.1431833   0.0872371   0.0616043   0.0487051   0.0426116   0.0406967   0.0411059   0.0427064   0.0449951   0.0477820
   7.7608414   0.1839880   0.0932596   0.0638030   0.0498075   0.0430020   0.0407041   0.0410733   0.0428547   0.0454405   0.0485665
   7.7828892   0.1603342   0.0908142   0.0635268   0.0499657   0.0430674   0.0406675   0.0411090   0.0431122   0.0460106   0.0494808
   7.8049371   0.0951028   0.0807824   0.0608912   0.0491861   0.0427954   0.0405855   0.0412217   0.0434924   0.0467202   0.0505380
   7.8269849   0.0396474   0.0660032   0.0563131   0.0475567   0.0422059   0.0404693   0.0414241   0.0440101   0.0475842   0.0517515
   7.8490327   0.0149180   0.0500497   0.0504264   0.0452333   0.0413489   0.0403419   0.0417330   0.0446814   0.0486179   0.0531344
   7.8710806   0.0106523   0.0359160   0.0439578   0.0424211   0.0403012   0.0402378   0.0421693   0.0455238   0.0498369   0.0546995
   7.8931284   0.0119834   0.0252719   0.0375992   0.0393522   0.0391608   0.0402011   0.0427576   0.0465561   0.0512571   0.0564593
   7.9151763   0.0111152   0.0184681   0.0319028   0.0362647   0.0380409   0.0402838   0.0435255   0.0477980   0.0528941   0.0584258
   7.9372241   0.0078353   0.0150118   0.0272214   0.0333851   0.0370632   0.0405429   0.0445029   0.0492704   0.0547639   0.0606104
   7.9592720   0.0059838   0.0140840   0.0236989   0.0309166   0.0363511   0.0410377   0.0457216   0.0509945   0.0568817   0.0630235
   7.9813198   0.0084732   0.0148401   0.0213056   0.0290334   0.0360233   0.0418273   0.0472139   0.0529919   0.0592625   0.0656748
   8.0033677   0.0150237   0.0164914   0.0199032   0.0278813   0.0361880   0.0429674   0.0490118   0.0552838   0.0619204   0.0685727
   8.0254155   0.0226431   0.0183059   0.0193240   0.0275803   0.0369379   0.0445086   0.0511467   0.0578912   0.0648683   0.0717240
   8.0474633   0.0275418   0.0196497   0.0194470   0.0282301   0.0383462   0.0464940   0.0536479   0.0608339   0.0681179   0.0751344
   8.0695112   0.0281209   0.0200913   0.0202583   0.0299112   0.0404630   0.0489583   0.0565427   0.0641304   0.0716793   0.0788073
   8.0915590   0.0256582   0.0195230   0.0218847   0.0326843   0.0433137   0.0519270   0.0598555   0.0677974   0.0755602   0.0827447
   8.1136069   0.0212956   0.0182486   0.0245928   0.0365834   0.0468981   0.0554170   0.0636079   0.0718493   0.0797665   0.0869460
   8.1356547   0.0151526   0.0170246   0.0287478   0.0416054   0.0511913   0.0594369   0.0678182   0.0762975   0.0843010   0.0914086
   8.1577026   0.0088204   0.0170668   0.0347345   0.0476978   0.0561465   0.0639890   0.0725013   0.0811506   0.0891636   0.0961272
   8.1797504   0.0050083   0.0200121   0.0428472   0.0547483   0.0616991   0.0690710   0.0776690   0.0864134   0.0943511   0.1010940
   8.2017983   0.0045193   0.0277552   0.0531702   0.0625799   0.0677738   0.0746785   0.0833295   0.0920866   0.0998566   0.1062986
   8.2238461   0.0062872   0.0420276   0.0654753   0.0709553   0.0742922   0.0808067   0.0894875   0.0981663   0.1056693   0.1117277
   8.2458939   0.0123123   0.0636538   0.0791697   0.0795929   0.0811828   0.0874534   0.0961438   0.1046438   0.1117745   0.1173651
   8.2679418   0.0345854   0.0916525   0.0933219   0.0881955   0.0883907   0.0946196   0.1032949   0.1115050   0.1181535   0.1231918
   8.2899896   0.0934548   0.1226577   0.1067772   0.0964875   0.0958868   0.1023108   0.1109322   0.1187299   0.1247830   0.1291863
   8.3120375   0.1921597   0.1512395   0.1183502   0.1042589   0.1036761   0.1105362   0.1190414   0.1262925   0.1316359   0.1353241
   8.3340853   0.2868645   0.1713720   0.1270584   0.1114078   0.1118018   0.1193075   0.1276013   0.1341605   0.1386806   0.1415784
   8.3561332   0.3135415   0.1786067   0.1323422   0.1179755   0.1203458   0.1286361   0.1365826   0.1422952   0.1458816   0.1479200
   8.3781810   0.2567953   0.1719235   0.1342165   0.1241668   0.1294238   0.1385289   0.1459467   0.1506510   0.1531996   0.1543175
   8.4002289   0.1617617   0.1542548   0.1333176   0.1303509   0.1391756   0.1489836   0.1556447   0.1591761   0.1605921   0.1607379
   8.4222767   0.0836036   0.1313790   0.1308356   0.1370393   0.1497489   0.1599832   0.1656164   0.1678129   0.1680133   0.1671466
   8.4443246   0.0463391   0.1097845   0.1283595   0.1448413   0.1612799   0.1714903   0.1757896   0.1764976   0.1754153   0.1735081
   8.4663724   0.0391354   0.0945711   0.1276771   0.1543986   0.1738705   0.1834418   0.1860801   0.1851621   0.1827480   0.1797861
   8.4884202   0.0418777   0.0882656   0.1305781   0.1663068   0.1875645   0.1957445   0.1963918   0.1937341   0.1899604   0.1859439
   8.5104681   0.0531560   0.0908730   0.1386873   0.1810287   0.2023266   0.2082731   0.2066181   0.2021386   0.1970013   0.1919454
   8.5325159   0.0863930   0.1009797   0.1533283   0.1988114   0.2180255   0.2208689   0.2166435   0.2102995   0.2038198   0.1977549
   8.5545638   0.1350902   0.1174416   0.1753954   0.2196157   0.2344238   0.2333425   0.2263463   0.2181405   0.2103661   0.2033378
   8.5766116   0.1612258   0.1409857   0.2052063   0.2430687   0.2511776   0.2454778   0.2356015   0.2255877   0.2165929   0.2086611
   8.5986595   0.1418108   0.1748973   0.2423278   0.2684484   0.2678463   0.2570403   0.2442849   0.2325704   0.2224557   0.2136940
   8.6207073   0.1081838   0.2240671   0.2854046   0.2947068   0.2839125   0.2677861   0.2522771   0.2390235   0.2279137   0.2184078
   8.6427552   0.1174265   0.2922845   0.3320572   0.3205331   0.2988124   0.2774739   0.2594678   0.2448892   0.2329308   0.2227766
   8.6648030   0.2123750   0.3786922   0.3789318   0.3444561   0.3119729   0.2858782   0.2657607   0.2501180   0.2374757   0.2267776
   8.6868508   0.4046412   0.4751901   0.4219679   0.3649752   0.3228533   0.2928019   0.2710772   0.2546707   0.2415228   0.2303911
   8.7088987   0.6603668   0.5666137   0.4568890   0.3807072   0.3309882   0.2980894   0.2753600   0.2585190   0.2450525   0.2336009
   8.7309465   0.9096579   0.6344101   0.4798519   0.3905318   0.3360269   0.3016370   0.2785761   0.2616464   0.2480511   0.2363943
   8.7529944   1.0501145   0.6627076   0.4881143   0.3937154   0.3377652   0.3034009   0.2807186   0.2640485   0.2505115   0.2387622
   8.7750422   0.9781829   0.6441444   0.4805592   0.3899972   0.3361675   0.3034029   0.2818070   0.2657328   0.2524322   0.2406989
   8.7970901   0.7230241   0.5826456   0.4579287   0.3796252   0.3313756   0.3017301   0.2818870   0.2667182   0.2538179   0.2422022
   8.8191379   0.4468827   0.4918057   0.4227020   0.3633372   0.3237041   0.2985331   0.2810284   0.2670341   0.2546785   0.2432731
   8.8411858   0.2557464   0.3898312   0.3786423   0.3422905   0.3136216   0.2940176   0.2793219   0.2667190   0.2550285   0.2439157
   8.8632336   0.1472917   0.2936324   0.3301351   0.3179504   0.3017205   0.2884345   0.2768752   0.2658189   0.2548870   0.2441368
   8.8852814   0.0939600   0.2146463   0.2814833   0.2919554   0.2886771   0.2820658   0.2738076   0.2643852   0.2542762   0.2439457
   8.9073293   0.0720356   0.1575517   0.2363276   0.2659747   0.2752053   0.2752088   0.2702448   0.2624729   0.2532209   0.2433537
   8.9293771   0.0615720   0.1213748   0.1973056   0.2415768   0.2620091   0.2681592   0.2663127   0.2601381   0.2517477   0.2423740
   8.9514250   0.0582914   0.1016549   0.1659857   0.2201199   0.2497357   0.2611951   0.2621318   0.2574363   0.2498841   0.2410212
   8.9734728   0.0720450   0.0925670   0.1430333   0.2026720   0.2389347   0.2545612   0.2578116   0.2544201   0.2476577   0.2393110
   8.9955207   0.1048430   0.0886024   0.1285077   0.1899620   0.2300250   0.2484559   0.2534461   0.2511375   0.2450955   0.2372598
   9.0175685   0.1315861   0.0858974   0.1221679   0.1823581   0.2232720   0.2430218   0.2491101   0.2476305   0.2422234   0.2348846
   9.0396164   0.1209158   0.0832857   0.1236806   0.1798704   0.2187763   0.2383393   0.2448562   0.2439342   0.2390655   0.2322024
   9.0616642   0.0773858   0.0828518   0.1326696   0.1821709   0.2164742   0.2344250   0.2407141   0.2400756   0.2356438   0.2292304
   9.0837121   0.0342890   0.0895627   0.1486081   0.1886293   0.2161494   0.2312333   0.2366905   0.2360740   0.2319780   0.2259853
   9.1057599   0.0117128   0.1096611   0.1706130   0.1983617   0.2174541   0.2286626   0.2327703   0.2319409   0.2280856   0.2224838
   9.1278077   0.0108750   0.1479357   0.1972453   0.2102922   0.2199387   0.2265644   0.2289193   0.2276806   0.2239814   0.2187419
   9.1498556   0.0448892   0.2046318   0.2264201   0.2232260   0.2230863   0.2247552   0.2250879   0.2232912   0.2196785   0.2147754
   9.1719034   0.1604997   0.2733902   0.2555030   0.2359329   0.2263505   0.2230296   0.2212149   0.2187658   0.2151878   0.2105994
   9.1939513   0.3954064   0.3417293   0.2816022   0.2472351   0.2291931   0.2211747   0.2172331   0.2140942   0.2105187   0.2062288
   9.2159991   0.6652767   0.3946866   0.3019973   0.2560926   0.2311190   0.2189843   0.2130734   0.2092642   0.2056799   0.2016779
   9.2380470   0.7683275   0.4204420   0.3145887   0.2616786   0.2317068   0.2162712   0.2086702   0.2042632   0.2006791   0.1969610
   9.2600948   0.6216928   0.4151392   0.3182386   0.2634334   0.2306320   0.2128788   0.2039656   0.1990803   0.1955243   0.1920921
   9.2821427   0.3772061   0.3841398   0.3129071   0.2610941   0.2276825   0.2086895   0.1989132   0.1937070   0.1902236   0.1870851
   9.3041905   0.2092434   0.3389370   0.2995533   0.2546938   0.2227658   0.2036301   0.1934808   0.1881389   0.1847860   0.1819540
   9.3262383   0.1556643   0.2916179   0.2798441   0.2445339   0.2159068   0.1976751   0.1876531   0.1823766   0.1792218   0.1767129
   9.3482862   0.1809742   0.2501064   0.2557727   0.2311341   0.2072393   0.1908458   0.1814319   0.1764260   0.1735425   0.1713762
   9.3703340   0.2305175   0.2165245   0.2292944   0.2151686   0.1969900   0.1832074   0.1748364   0.1702991   0.1677614   0.1659584
   9.3923819   0.2415349   0.1887618   0.2020693   0.1973972   0.1854583   0.1748637   0.1679020   0.1640136   0.1618934   0.1604745
   9.4144297   0.1960318   0.1634900   0.1753455   0.1786011   0.1729933   0.1659493   0.1606787   0.1575929   0.1559552   0.1549395
   9.4364776   0.1329440   0.1385578   0.1499694   0.1595290   0.1599701   0.1566211   0.1532283   0.1510651   0.1499649   0.1493689
   9.4585254   0.0890727   0.1137335   0.1264745   0.1408570   0.1467662   0.1470490   0.1456212   0.1444624   0.1439421   0.1437782
   9.4805733   0.0679670   0.0900781   0.1051943   0.1231624   0.1337410   0.1374063   0.1379335   0.1378200   0.1379073   0.1381832
   9.5026211   0.0551004   0.0688947   0.0863577   0.1069109   0.1212176   0.1278609   0.1302429   0.1311751   0.1318819   0.1325995
   9.5246689   0.0394404   0.0510256   0.0701481   0.0924522   0.1094689   0.1185673   0.1226259   0.1245653   0.1258875   0.1270428
   9.5467168   0.0232500   0.0367100   0.0567254   0.0800220   0.0987085   0.1096600   0.1151543   0.1180278   0.1199457   0.1215282
   9.5687646   0.0128528   0.0257977   0.0462212   0.0697465   0.0890843   0.1012487   0.1078928   0.1115981   0.1140776   0.1160707
   9.5908125   0.0079979   0.0180396   0.0387191   0.0616482   0.0806780   0.0934152   0.1008967   0.1053092   0.1083032   0.1106847
   9.6128603   0.0050463   0.0133137   0.0342258   0.0556520   0.0735065   0.0862116   0.0942107   0.0991902   0.1026416   0.1053836
   9.6349082   0.0026298   0.0117582   0.0326380   0.0515931   0.0675282   0.0796613   0.0878677   0.0932664   0.0971101   0.1001804
   9.6569560   0.0011127   0.0137874   0.0337089   0.0492265   0.0626505   0.0737605   0.0818887   0.0875583   0.0917240   0.0950867
   9.6790039   0.0007184   0.0199228   0.0370212   0.0482410   0.0587400   0.0684817   0.0762834   0.0820815   0.0864968   0.0901134
   9.7010517   0.0025062   0.0303934   0.0419792   0.0482765   0.0556346   0.0637775   0.0710509   0.0768469   0.0814396   0.0852699
   9.7230996   0.0119607   0.0445996   0.0478296   0.0489469   0.0531549   0.0595857   0.0661807   0.0718607   0.0765615   0.0805648
   9.7451474   0.0409901   0.0607283   0.0537208   0.0498659   0.0511173   0.0558346   0.0616551   0.0671246   0.0718692   0.0760050
   9.7671952   0.0957954   0.0758641   0.0587955   0.0506738   0.0493447   0.0524476   0.0574503   0.0626365   0.0673672   0.0715966
   9.7892431   0.1522525   0.0867440   0.0623028   0.0510630   0.0476771   0.0493486   0.0535387   0.0583910   0.0630579   0.0673441
   9.8112909   0.1654796   0.0908909   0.0637051   0.0507997   0.0459795   0.0464656   0.0498905   0.0543802   0.0589421   0.0632509
   9.8333388   0.1264758   0.0875408   0.0627537   0.0497373   0.0441476   0.0437347   0.0464756   0.0505938   0.0550187   0.0593194
   9.8553866   0.0762098   0.0778436   0.0595139   0.0478218   0.0421108   0.0411020   0.0432650   0.0470207   0.0512851   0.0555507
   9.8774345   0.0478541   0.0642555   0.0543322   0.0450873   0.0398329   0.0385261   0.0402321   0.0436487   0.0477379   0.0519451
   9.8994823   0.0357086   0.0495252   0.0477564   0.0416435   0.0373095   0.0359777   0.0373535   0.0404654   0.0443722   0.0485018
   9.9215302   0.0242758   0.0358376   0.0404283   0.0376556   0.0345643   0.0334402   0.0346100   0.0374592   0.0411830   0.0452193
   9.9435780   0.0121609   0.0244412   0.0329760   0.0333219   0.0316431   0.0309082   0.0319862   0.0346185   0.0381642   0.0420954
   9.9656258   0.0042064   0.0157300   0.0259273   0.0288498   0.0286072   0.0283864   0.0294713   0.0319334   0.0353099   0.0391274
   9.9876737   0.0009900   0.0095372   0.0196582   0.0244350   0.0255264   0.0258871   0.0270583   0.0293946   0.0326139   0.0363119
  10.0097215   0.0001581   0.0054249   0.0143786   0.0202445   0.0224724   0.0234286   0.0247438   0.0269944   0.0300700   0.0336452
  10.0317694   0.0000171   0.0028788   0.0101484   0.0164067   0.0195131   0.0210322   0.0225273   0.0247261   0.0276721   0.0311234
  10.0538172   0.0000013   0.0014168   0.0069131   0.0130065   0.0167080   0.0187209   0.0204107   0.0225845   0.0254144   0.0287422
  10.0758651   0.0000001   0.0006432   0.0045454   0.0100863   0.0141051   0.0165167   0.0183973   0.0205650   0.0232915   0.0264971
  10.0979129   0.0000000   0.0002681   0.0028845   0.0076517   0.0117388   0.0144397   0.0164915   0.0186642   0.0212979   0.0243837
  10.1199608   0.0000000   0.0001023   0.0017665   0.0056787   0.0096301   0.0125063   0.0146977   0.0168793   0.0194287   0.0223974
  10.1420086   0.0000000   0.0000356   0.0010437   0.0041231   0.0077871   0.0107289   0.0130200   0.0152079   0.0176792   0.0205335
  10.1640564   0.0000000   0.0000113   0.0005947   0.0029289   0.0062063   0.0091154   0.0114616   0.0136479   0.0160449   0.0187874
  10.1861043   0.0000000   0.0000033   0.0003266   0.0020356   0.0048752   0.0076689   0.0100247   0.0121973   0.0145215   0.0171545
  10.2081521   0.0000000   0.0000009   0.0001729   0.0013842   0.0037744   0.0063883   0.0087099   0.0108538   0.0131047   0.0156304
  10.2302000   0.0000000   0.0000002   0.0000881   0.0009209   0.0028800   0.0052686   0.0075164   0.0096150   0.0117906   0.0142104
  10.2522478   0.0000000   0.0000000   0.0000432   0.0005995   0.0021658   0.0043017   0.0064416   0.0084782   0.0105750   0.0128901
  10.2742957   0.0000000   0.0000000   0.0000204   0.0003818   0.0016053   0.0034769   0.0054819   0.0074402   0.0094540   0.0116650
  10.2963435   0.0000000   0.0000000   0.0000093   0.0002379   0.0011726   0.0027819   0.0046321   0.0064974   0.0084235   0.0105309
  10.3183914   0.0000000   0.0000000   0.0000040   0.0001450   0.0008442   0.0022032   0.0038859   0.0056457   0.0074793   0.0094834
  10.3404392   0.0000000   0.0000000   0.0000017   0.0000865   0.0005990   0.0017272   0.0032363   0.0048806   0.0066174   0.0085182
  10.3624870   0.0000000   0.0000000   0.0000007   0.0000505   0.0004189   0.0013402   0.0026756   0.0041974   0.0058334   0.0076312
  10.3845349   0.0000000   0.0000000   0.0000003   0.0000288   0.0002887   0.0010294   0.0021958   0.0035908   0.0051231   0.0068180
  10.4065827   0.0000000   0.0000000   0.0000001   0.0000161   0.0001961   0.0007825   0.0017887   0.0030554   0.0044822   0.0060746
  10.4286306   0.0000000   0.0000000   0.0000000   0.0000088   0.0001313   0.0005888   0.0014462   0.0025858   0.0039061   0.0053970
  10.4506784   0.0000000   0.0000000   0.0000000   0.0000047   0.0000866   0.0004385   0.0011606   0.0021765   0.0033906   0.0047811
  10.4727263   0.0000000   0.0000000   0.0000000   0.0000024   0.0000563   0.0003232   0.0009244   0.0018218   0.0029313   0.0042230
  10.4947741   0.0000000   0.0000000   0.0000000   0.0000012   0.0000361   0.0002358   0.0007308   0.0015165   0.0025239   0.0037188
  10.5168220   0.0000000   0.0000000   0.0000000   0.0000006   0.0000228   0.0001703   0.0005733   0.0012552   0.0021641   0.0032648
  10.5388698   0.0000000   0.0000000   0.0000000   0.0000003   0.0000142   0.0001217   0.0004464   0.0010332   0.0018479   0.0028573
  10.5609177   0.0000000   0.0000000   0.0000000   0.0000001   0.0000087   0.0000861   0.0003449   0.0008455   0.0015711   0.0024928
  10.5829655   0.0000000   0.0000000   0.0000000   0.0000001   0.0000053   0.0000603   0.0002645   0.0006881   0.0013301   0.0021678
  10.6050133   0.0000000   0.0000000   0.0000000   0.0000000   0.0000031   0.0000418   0.0002013   0.0005567   0.0011213   0.0018790
  10.6270612   0.0000000   0.0000000   0.0000000   0.0000000   0.0000018   0.0000287   0.0001521   0.0004479   0.0009411   0.0016234
  10.6491090   0.0000000   0.0000000   0.0000000   0.0000000   0.0000011   0.0000194   0.0001140   0.0003582   0.0007864   0.0013978
  10.6711569   0.0000000   0.0000000   0.0000000   0.0000000   0.0000006   0.0000131   0.0000848   0.0002848   0.0006542   0.0011996
  10.6932047   0.0000000   0.0000000   0.0000000   0.0000000   0.0000003   0.0000087   0.0000626   0.0002252   0.0005418   0.0010260
  10.7152526   0.0000000   0.0000000   0.0000000   0.0000000   0.0000002   0.0000057   0.0000458   0.0001770   0.0004468   0.0008745
  10.7373004   0.0000000   0.0000000   0.0000000   0.0000000   0.0000001   0.0000037   0.0000333   0.0001383   0.0003667   0.0007428
  10.7593483   0.0000000   0.0000000   0.0000000   0.0000000   0.0000001   0.0000024   0.0000240   0.0001075   0.0002997   0.0006287
  10.7813961   0.0000000   0.0000000   0.0000000   0.0000000   0.0000000   0.0000015   0.0000172   0.0000830   0.0002438   0.0005303
  10.8034439   0.0000000   0.0000000   0.0000000   0.0000000   0.0000000   0.0000010   0.0000122   0.0000637   0.0001974   0.0004457
  10.8254918   0.0000000   0.0000000   0.0000000   0.0000000   0.0000000   0.0000006   0.0000086   0.0000486   0.0001591   0.0003733
  10.8475396   0.0000000   0.0000000   0.0000000   0.0000000   0.0000000   0.0000004   0.0000060   0.0000369   0.0001277   0.0003115
  10.8695875   0.0000000   0.0000000   0.0000000   0.0000000   0.0000000   0.0000002   0.0000042   0.0000279   0.0001020   0.0002590
  10.8916353   0.0000000   0.0000000   0.0000000   0.0000000   0.0000000   0.0000001   0.0000029   0.0000209   0.0000811   0.0002146
  10.9136832   0.0000000   0.0000000   0.0000000   0.0000000   0.0000000   0.0000001   0.0000020   0.0000156   0.0000642   0.0001771
  10.9357310   0.0000000   0.0000000   0.0000000   0.0000000   0.0000000   0.0000000   0.0000013   0.0000115   0.0000506   0.0001457
  10.9577789   0.0000000   0.0000000   0.0000000   0.0000000   0.0000000   0.0000000   0.0000009   0.0000085   0.0000396   0.0001194
  10.9798267   0.0000000   0.0000000   0.0000000   0.0000000   0.0000000   0.0000000   0.0000006   0.0000062   0.0000309   0.0000975
  11.0018745   0.0000000   0.0000000   0.0000000   0.0000000   0.0000000   0.0000000   0.0000004   0.0000045   0.0000240   0.0000793
  11.0239224   0.0000000   0.0000000   0.0000000   0.0000000   0.0000000   0.0000000   0.0000003   0.0000033   0.0000186   0.0000643
 Integrated el-ph coupling
  #            0.2929161   0.2929641   0.2930443   0.2931568   0.2933019   0.2934801   0.2936918   0.2939376   0.2942181   0.2945336
 Phonon smearing (meV)
  #            0.0500000   0.1000000   0.1500000   0.2000000   0.2500000   0.3000000   0.3500000   0.4000000   0.4500000   0.5000000
 Electron smearing (eV)   0.0500000
 Fermi window (eV)   6.0000000
 Summed el-ph coupling    0.3419213
