   0.0220478   0.0000000   0.0000000   0.0000000   0.0000000   0.0000000   0.0000000   0.0000000   0.0000000   0.0000000   0.0000000
   0.0440957   0.0000000   0.0000000   0.0000000   0.0000000   0.0000000   0.0000000   0.0000000   0.0000000   0.0000000   0.0000000
   0.0661435   0.0000000   0.0000000   0.0000000   0.0000000   0.0000000   0.0000000   0.0000000   0.0000000   0.0000000   0.0000000
   0.0881914   0.0000000   0.0000000   0.0000000   0.0000000   0.0000000   0.0000000   0.0000000   0.0000000   0.0000000   0.0000000
   0.1102392   0.0000000   0.0000000   0.0000000   0.0000000   0.0000000   0.0000000   0.0000000   0.0000000   0.0000000   0.0000000
   0.1322871   0.0000000   0.0000000   0.0000000   0.0000000   0.0000000   0.0000000   0.0000000   0.0000000   0.0000000   0.0000000
   0.1543349   0.0000000   0.0000000   0.0000000   0.0000000   0.0000000   0.0000000   0.0000000   0.0000000   0.0000000   0.0000000
   0.1763828   0.0000000   0.0000000   0.0000000   0.0000000   0.0000000   0.0000000   0.0000000   0.0000000   0.0000000   0.0000000
   0.1984306   0.0000000   0.0000000   0.0000000   0.0000000   0.0000000   0.0000000   0.0000000   0.0000000   0.0000000   0.0000000
   0.2204784   0.0000000   0.0000000   0.0000000   0.0000000   0.0000000   0.0000000   0.0000000   0.0000000   0.0000000   0.0000000
   0.2425263   0.0000000   0.0000000   0.0000000   0.0000000   0.0000000   0.0000000   0.0000000   0.0000000   0.0000000   0.0000000
   0.2645741   0.0000000   0.0000000   0.0000000   0.0000000   0.0000000   0.0000000   0.0000000   0.0000000   0.0000000   0.0000000
   0.2866220   0.0000000   0.0000000   0.0000000   0.0000000   0.0000000   0.0000000   0.0000000   0.0000000   0.0000000   0.0000000
   0.3086698   0.0000000   0.0000000   0.0000000   0.0000000   0.0000000   0.0000000   0.0000000   0.0000000   0.0000000   0.0000000
   0.3307177   0.0000000   0.0000000   0.0000000   0.0000000   0.0000000   0.0000000   0.0000000   0.0000000   0.0000000   0.0000000
   0.3527655   0.0000000   0.0000000   0.0000000   0.0000000   0.0000000   0.0000000   0.0000000   0.0000000   0.0000000   0.0000000
   0.3748134   0.0000000   0.0000000   0.0000000   0.0000000   0.0000000   0.0000000   0.0000000   0.0000000   0.0000000   0.0000000
   0.3968612   0.0000000   0.0000000   0.0000000   0.0000000   0.0000000   0.0000000   0.0000000   0.0000000   0.0000000   0.0000000
   0.4189091   0.0000000   0.0000000   0.0000000   0.0000000   0.0000000   0.0000000   0.0000000   0.0000000   0.0000000   0.0000000
   0.4409569   0.0000000   0.0000000   0.0000000   0.0000000   0.0000000   0.0000000   0.0000000   0.0000000   0.0000000   0.0000000
   0.4630047   0.0000000   0.0000000   0.0000000   0.0000000   0.0000000   0.0000000   0.0000000   0.0000000   0.0000000   0.0000000
   0.4850526   0.0000000   0.0000000   0.0000000   0.0000000   0.0000000   0.0000000   0.0000000   0.0000000   0.0000000   0.0000000
   0.5071004   0.0000000   0.0000000   0.0000000   0.0000000   0.0000000   0.0000000   0.0000000   0.0000000   0.0000000   0.0000000
   0.5291483   0.0000000   0.0000000   0.0000000   0.0000000   0.0000000   0.0000000   0.0000000   0.0000000   0.0000000   0.0000000
   0.5511961   0.0000000   0.0000000   0.0000000   0.0000000   0.0000000   0.0000000   0.0000000   0.0000000   0.0000000   0.0000000
   0.5732440   0.0000000   0.0000000   0.0000000   0.0000000   0.0000000   0.0000000   0.0000000   0.0000000   0.0000000   0.0000000
   0.5952918   0.0000000   0.0000000   0.0000000   0.0000000   0.0000000   0.0000000   0.0000000   0.0000000   0.0000000   0.0000000
   0.6173397   0.0000000   0.0000000   0.0000000   0.0000000   0.0000000   0.0000000   0.0000000   0.0000000   0.0000000   0.0000000
   0.6393875   0.0000000   0.0000000   0.0000000   0.0000000   0.0000000   0.0000000   0.0000000   0.0000000   0.0000000   0.0000000
   0.6614353   0.0000000   0.0000000   0.0000000   0.0000000   0.0000000   0.0000000   0.0000000   0.0000000   0.0000000   0.0000000
   0.6834832   0.0000000   0.0000000   0.0000000   0.0000000   0.0000000   0.0000000   0.0000000   0.0000000   0.0000000   0.0000000
   0.7055310   0.0000000   0.0000000   0.0000000   0.0000000   0.0000000   0.0000000   0.0000000   0.0000000   0.0000000   0.0000000
   0.7275789   0.0000000   0.0000000   0.0000000   0.0000000   0.0000000   0.0000000   0.0000000   0.0000000   0.0000000   0.0000000
   0.7496267   0.0000000   0.0000000   0.0000000   0.0000000   0.0000000   0.0000000   0.0000000   0.0000000   0.0000000   0.0000000
   0.7716746   0.0000000   0.0000000   0.0000000   0.0000000   0.0000000   0.0000000   0.0000000   0.0000000   0.0000000   0.0000000
   0.7937224   0.0000000   0.0000000   0.0000000   0.0000000   0.0000000   0.0000000   0.0000000   0.0000000   0.0000000   0.0000000
   0.8157703   0.0000000   0.0000000   0.0000000   0.0000000   0.0000000   0.0000000   0.0000000   0.0000000   0.0000000   0.0000000
   0.8378181   0.0000000   0.0000000   0.0000000   0.0000000   0.0000000   0.0000000   0.0000000   0.0000000   0.0000000   0.0000000
   0.8598659   0.0000000   0.0000000   0.0000000   0.0000000   0.0000000   0.0000000   0.0000000   0.0000000   0.0000000   0.0000000
   0.8819138   0.0000000   0.0000000   0.0000000   0.0000000   0.0000000   0.0000000   0.0000000   0.0000000   0.0000000   0.0000000
   0.9039616   0.0000000   0.0000000   0.0000000   0.0000000   0.0000000   0.0000000   0.0000000   0.0000000   0.0000000   0.0000000
   0.9260095   0.0000000   0.0000000   0.0000000   0.0000000   0.0000000   0.0000000   0.0000000   0.0000000   0.0000000   0.0000000
   0.9480573   0.0000000   0.0000000   0.0000000   0.0000000   0.0000000   0.0000000   0.0000000   0.0000000   0.0000000   0.0000000
   0.9701052   0.0000000   0.0000000   0.0000000   0.0000000   0.0000000   0.0000000   0.0000000   0.0000000   0.0000000   0.0000000
   0.9921530   0.0000000   0.0000000   0.0000000   0.0000000   0.0000000   0.0000000   0.0000000   0.0000000   0.0000000   0.0000000
   1.0142009   0.0000000   0.0000000   0.0000000   0.0000000   0.0000000   0.0000000   0.0000000   0.0000000   0.0000000   0.0000000
   1.0362487   0.0000000   0.0000000   0.0000000   0.0000000   0.0000000   0.0000000   0.0000000   0.0000000   0.0000000   0.0000000
   1.0582965   0.0000000   0.0000000   0.0000000   0.0000000   0.0000000   0.0000000   0.0000000   0.0000000   0.0000000   0.0000000
   1.0803444   0.0000000   0.0000000   0.0000000   0.0000000   0.0000000   0.0000000   0.0000000   0.0000000   0.0000000   0.0000000
   1.1023922   0.0000000   0.0000000   0.0000000   0.0000000   0.0000000   0.0000000   0.0000000   0.0000000   0.0000000   0.0000000
   1.1244401   0.0000000   0.0000000   0.0000000   0.0000000   0.0000000   0.0000000   0.0000000   0.0000000   0.0000000   0.0000000
   1.1464879   0.0000000   0.0000000   0.0000000   0.0000000   0.0000000   0.0000000   0.0000000   0.0000000   0.0000000   0.0000000
   1.1685358   0.0000000   0.0000000   0.0000000   0.0000000   0.0000000   0.0000000   0.0000000   0.0000000   0.0000000   0.0000000
   1.1905836   0.0000000   0.0000000   0.0000000   0.0000000   0.0000000   0.0000000   0.0000000   0.0000000   0.0000000   0.0000000
   1.2126315   0.0000000   0.0000000   0.0000000   0.0000000   0.0000000   0.0000000   0.0000000   0.0000000   0.0000000   0.0000000
   1.2346793   0.0000000   0.0000000   0.0000000   0.0000000   0.0000000   0.0000000   0.0000000   0.0000000   0.0000000   0.0000000
   1.2567272   0.0000000   0.0000000   0.0000000   0.0000000   0.0000000   0.0000000   0.0000000   0.0000000   0.0000000   0.0000001
   1.2787750   0.0000000   0.0000000   0.0000000   0.0000000   0.0000000   0.0000000   0.0000000   0.0000000   0.0000000   0.0000001
   1.3008228   0.0000000   0.0000000   0.0000000   0.0000000   0.0000000   0.0000000   0.0000000   0.0000000   0.0000000   0.0000001
   1.3228707   0.0000000   0.0000000   0.0000000   0.0000000   0.0000000   0.0000000   0.0000000   0.0000000   0.0000000   0.0000001
   1.3449185   0.0000000   0.0000000   0.0000000   0.0000000   0.0000000   0.0000000   0.0000000   0.0000000   0.0000001   0.0000001
   1.3669664   0.0000000   0.0000000   0.0000000   0.0000000   0.0000000   0.0000000   0.0000000   0.0000000   0.0000001   0.0000001
   1.3890142   0.0000000   0.0000000   0.0000000   0.0000000   0.0000000   0.0000000   0.0000000   0.0000000   0.0000001   0.0000002
   1.4110621   0.0000000   0.0000000   0.0000000   0.0000000   0.0000000   0.0000000   0.0000000   0.0000001   0.0000001   0.0000002
   1.4331099   0.0000000   0.0000000   0.0000000   0.0000000   0.0000000   0.0000000   0.0000000   0.0000001   0.0000001   0.0000002
   1.4551578   0.0000000   0.0000000   0.0000000   0.0000000   0.0000000   0.0000000   0.0000000   0.0000001   0.0000001   0.0000003
   1.4772056   0.0000000   0.0000000   0.0000000   0.0000000   0.0000000   0.0000000   0.0000000   0.0000001   0.0000002   0.0000004
   1.4992534   0.0000000   0.0000000   0.0000000   0.0000000   0.0000000   0.0000000   0.0000001   0.0000001   0.0000002   0.0000004
   1.5213013   0.0000000   0.0000000   0.0000000   0.0000000   0.0000000   0.0000000   0.0000001   0.0000001   0.0000002   0.0000005
   1.5433491   0.0000000   0.0000000   0.0000000   0.0000000   0.0000000   0.0000000   0.0000001   0.0000002   0.0000003   0.0000006
   1.5653970   0.0000000   0.0000000   0.0000000   0.0000000   0.0000000   0.0000000   0.0000001   0.0000002   0.0000003   0.0000008
   1.5874448   0.0000000   0.0000000   0.0000000   0.0000000   0.0000000   0.0000001   0.0000001   0.0000002   0.0000004   0.0000009
   1.6094927   0.0000000   0.0000000   0.0000000   0.0000000   0.0000000   0.0000001   0.0000002   0.0000003   0.0000004   0.0000011
   1.6315405   0.0000000   0.0000000   0.0000000   0.0000000   0.0000000   0.0000001   0.0000002   0.0000003   0.0000005   0.0000014
   1.6535884   0.0000000   0.0000000   0.0000000   0.0000000   0.0000000   0.0000001   0.0000002   0.0000004   0.0000006   0.0000017
   1.6756362   0.0000000   0.0000000   0.0000000   0.0000000   0.0000001   0.0000002   0.0000003   0.0000004   0.0000007   0.0000021
   1.6976840   0.0000000   0.0000000   0.0000000   0.0000000   0.0000001   0.0000002   0.0000003   0.0000005   0.0000009   0.0000026
   1.7197319   0.0000000   0.0000000   0.0000000   0.0000000   0.0000001   0.0000003   0.0000004   0.0000006   0.0000011   0.0000032
   1.7417797   0.0000000   0.0000000   0.0000000   0.0000000   0.0000002   0.0000003   0.0000005   0.0000007   0.0000013   0.0000040
   1.7638276   0.0000000   0.0000000   0.0000000   0.0000001   0.0000002   0.0000004   0.0000006   0.0000008   0.0000016   0.0000050
   1.7858754   0.0000000   0.0000000   0.0000000   0.0000001   0.0000003   0.0000005   0.0000006   0.0000009   0.0000019   0.0000062
   1.8079233   0.0000000   0.0000000   0.0000000   0.0000001   0.0000004   0.0000006   0.0000007   0.0000010   0.0000024   0.0000077
   1.8299711   0.0000000   0.0000000   0.0000000   0.0000002   0.0000005   0.0000007   0.0000008   0.0000012   0.0000029   0.0000095
   1.8520190   0.0000000   0.0000000   0.0000001   0.0000003   0.0000006   0.0000008   0.0000010   0.0000014   0.0000036   0.0000118
   1.8740668   0.0000000   0.0000000   0.0000001   0.0000004   0.0000007   0.0000009   0.0000011   0.0000016   0.0000045   0.0000146
   1.8961147   0.0000000   0.0000000   0.0000002   0.0000006   0.0000009   0.0000011   0.0000012   0.0000019   0.0000056   0.0000180
   1.9181625   0.0000000   0.0000000   0.0000003   0.0000007   0.0000011   0.0000012   0.0000014   0.0000023   0.0000070   0.0000222
   1.9402103   0.0000000   0.0000000   0.0000005   0.0000010   0.0000013   0.0000014   0.0000015   0.0000028   0.0000087   0.0000273
   1.9622582   0.0000000   0.0000001   0.0000007   0.0000013   0.0000015   0.0000015   0.0000017   0.0000034   0.0000110   0.0000336
   1.9843060   0.0000000   0.0000002   0.0000010   0.0000016   0.0000017   0.0000017   0.0000019   0.0000041   0.0000138   0.0000412
   2.0063539   0.0000000   0.0000005   0.0000015   0.0000019   0.0000019   0.0000019   0.0000021   0.0000051   0.0000173   0.0000504
   2.0284017   0.0000000   0.0000010   0.0000020   0.0000022   0.0000022   0.0000020   0.0000024   0.0000064   0.0000216   0.0000616
   2.0504496   0.0000000   0.0000017   0.0000026   0.0000026   0.0000024   0.0000022   0.0000028   0.0000081   0.0000271   0.0000750
   2.0724974   0.0000003   0.0000028   0.0000032   0.0000029   0.0000026   0.0000023   0.0000033   0.0000103   0.0000338   0.0000912
   2.0945453   0.0000013   0.0000041   0.0000038   0.0000032   0.0000027   0.0000025   0.0000040   0.0000131   0.0000422   0.0001106
   2.1165931   0.0000044   0.0000055   0.0000044   0.0000035   0.0000029   0.0000026   0.0000048   0.0000168   0.0000525   0.0001338
   2.1386409   0.0000096   0.0000067   0.0000048   0.0000037   0.0000030   0.0000028   0.0000060   0.0000214   0.0000651   0.0001614
   2.1606888   0.0000143   0.0000074   0.0000050   0.0000038   0.0000030   0.0000030   0.0000075   0.0000274   0.0000805   0.0001943
   2.1827366   0.0000144   0.0000075   0.0000050   0.0000038   0.0000030   0.0000033   0.0000096   0.0000349   0.0000993   0.0002333
   2.2047845   0.0000099   0.0000068   0.0000048   0.0000037   0.0000030   0.0000037   0.0000124   0.0000444   0.0001221   0.0002795
   2.2268323   0.0000046   0.0000056   0.0000044   0.0000035   0.0000029   0.0000043   0.0000162   0.0000564   0.0001497   0.0003339
   2.2488802   0.0000014   0.0000042   0.0000039   0.0000033   0.0000029   0.0000052   0.0000213   0.0000715   0.0001830   0.0003980
   2.2709280   0.0000003   0.0000028   0.0000033   0.0000030   0.0000028   0.0000065   0.0000280   0.0000901   0.0002229   0.0004732
   2.2929759   0.0000000   0.0000018   0.0000026   0.0000026   0.0000028   0.0000084   0.0000367   0.0001133   0.0002708   0.0005613
   2.3150237   0.0000000   0.0000010   0.0000020   0.0000023   0.0000028   0.0000111   0.0000482   0.0001418   0.0003278   0.0006642
   2.3370715   0.0000000   0.0000005   0.0000015   0.0000019   0.0000031   0.0000151   0.0000630   0.0001768   0.0003956   0.0007841
   2.3591194   0.0000000   0.0000002   0.0000011   0.0000016   0.0000035   0.0000207   0.0000820   0.0002195   0.0004760   0.0009236
   2.3811672   0.0000000   0.0000001   0.0000007   0.0000013   0.0000045   0.0000285   0.0001063   0.0002713   0.0005710   0.0010855
   2.4032151   0.0000000   0.0000000   0.0000005   0.0000011   0.0000061   0.0000392   0.0001370   0.0003340   0.0006829   0.0012728
   2.4252629   0.0000000   0.0000000   0.0000003   0.0000010   0.0000087   0.0000538   0.0001756   0.0004093   0.0008144   0.0014892
   2.4473108   0.0000000   0.0000000   0.0000002   0.0000011   0.0000129   0.0000735   0.0002237   0.0004996   0.0009685   0.0017386
   2.4693586   0.0000000   0.0000000   0.0000001   0.0000014   0.0000193   0.0000998   0.0002832   0.0006072   0.0011484   0.0020253
   2.4914065   0.0000000   0.0000000   0.0000001   0.0000021   0.0000288   0.0001342   0.0003564   0.0007351   0.0013582   0.0023542
   2.5134543   0.0000000   0.0000000   0.0000001   0.0000035   0.0000429   0.0001790   0.0004458   0.0008864   0.0016020   0.0027308
   2.5355022   0.0000000   0.0000000   0.0000001   0.0000060   0.0000631   0.0002367   0.0005543   0.0010648   0.0018847   0.0031609
   2.5575500   0.0000000   0.0000000   0.0000003   0.0000104   0.0000919   0.0003100   0.0006850   0.0012743   0.0022118   0.0036512
   2.5795978   0.0000000   0.0000000   0.0000005   0.0000178   0.0001319   0.0004024   0.0008416   0.0015197   0.0025893   0.0042086
   2.6016457   0.0000000   0.0000000   0.0000011   0.0000299   0.0001868   0.0005176   0.0010282   0.0018062   0.0030241   0.0048409
   2.6236935   0.0000000   0.0000000   0.0000022   0.0000495   0.0002608   0.0006597   0.0012494   0.0021397   0.0035237   0.0055567
   2.6457414   0.0000000   0.0000001   0.0000044   0.0000801   0.0003589   0.0008333   0.0015101   0.0025269   0.0040965   0.0063649
   2.6677892   0.0000000   0.0000002   0.0000088   0.0001271   0.0004871   0.0010436   0.0018161   0.0029754   0.0047518   0.0072753
   2.6898371   0.0000000   0.0000006   0.0000172   0.0001972   0.0006517   0.0012958   0.0021736   0.0034936   0.0054998   0.0082983
   2.7118849   0.0000000   0.0000015   0.0000330   0.0002993   0.0008598   0.0015959   0.0025899   0.0040911   0.0063516   0.0094449
   2.7339328   0.0000000   0.0000034   0.0000622   0.0004443   0.0011188   0.0019500   0.0030729   0.0047786   0.0073196   0.0107268
   2.7559806   0.0000000   0.0000073   0.0001145   0.0006448   0.0014362   0.0023648   0.0036315   0.0055680   0.0084168   0.0121560
   2.7780284   0.0000001   0.0000146   0.0002051   0.0009150   0.0018194   0.0028476   0.0042762   0.0064730   0.0096577   0.0137452
   2.8000763   0.0000011   0.0000276   0.0003562   0.0012694   0.0022754   0.0034062   0.0050184   0.0075082   0.0110574   0.0155073
   2.8221241   0.0000065   0.0000518   0.0005980   0.0017217   0.0028108   0.0040493   0.0058715   0.0086904   0.0126321   0.0174556
   2.8441720   0.0000259   0.0001006   0.0009684   0.0022834   0.0034316   0.0047867   0.0068508   0.0100376   0.0143991   0.0196031
   2.8662198   0.0000695   0.0002056   0.0015095   0.0029622   0.0041432   0.0056295   0.0079735   0.0115699   0.0163761   0.0219632
   2.8882677   0.0001266   0.0004335   0.0022622   0.0037604   0.0049511   0.0065909   0.0092595   0.0133089   0.0185815   0.0245487
   2.9103155   0.0001565   0.0009049   0.0032564   0.0046746   0.0058612   0.0076864   0.0107313   0.0152779   0.0210341   0.0273720
   2.9323634   0.0001333   0.0018005   0.0044997   0.0056959   0.0068806   0.0089343   0.0124142   0.0175019   0.0237528   0.0304446
   2.9544112   0.0001046   0.0033337   0.0059672   0.0068112   0.0080186   0.0103566   0.0143369   0.0200070   0.0267563   0.0337771
   2.9764590   0.0002931   0.0056691   0.0075956   0.0080064   0.0092880   0.0119795   0.0165311   0.0228207   0.0300627   0.0373788
   2.9985069   0.0015717   0.0087975   0.0092854   0.0092707   0.0107065   0.0138343   0.0190318   0.0259710   0.0336890   0.0412574
   3.0205547   0.0062719   0.0124205   0.0109162   0.0106014   0.0122975   0.0159576   0.0218771   0.0294861   0.0376510   0.0454185
   3.0426026   0.0170374   0.0159315   0.0123712   0.0120085   0.0140919   0.0183923   0.0251080   0.0333937   0.0419624   0.0498655
   3.0646504   0.0313763   0.0185561   0.0135707   0.0135191   0.0161287   0.0211878   0.0287677   0.0377206   0.0466343   0.0545995
   3.0866983   0.0391664   0.0196302   0.0145055   0.0151789   0.0184565   0.0244001   0.0329007   0.0424914   0.0516748   0.0596185
   3.1087461   0.0331386   0.0188911   0.0152612   0.0170519   0.0211344   0.0280920   0.0375523   0.0477279   0.0570886   0.0649175
   3.1307940   0.0190049   0.0166312   0.0160245   0.0192175   0.0242323   0.0323322   0.0427668   0.0534478   0.0628758   0.0704879
   3.1528418   0.0073876   0.0136424   0.0170671   0.0217652   0.0278325   0.0371945   0.0485859   0.0596640   0.0690322   0.0763179
   3.1748896   0.0019466   0.0110069   0.0187045   0.0247897   0.0320294   0.0427561   0.0550474   0.0663829   0.0755479   0.0823917
   3.1969375   0.0003499   0.0098667   0.0212380   0.0283857   0.0369306   0.0490954   0.0621824   0.0736038   0.0824077   0.0886895
   3.2189853   0.0000762   0.0112553   0.0248901   0.0326478   0.0426564   0.0562887   0.0700132   0.0813177   0.0895901   0.0951880
   3.2410332   0.0003452   0.0159674   0.0297497   0.0376734   0.0493385   0.0644066   0.0785511   0.0895059   0.0970675   0.1018597
   3.2630810   0.0023216   0.0243766   0.0357438   0.0435724   0.0571181   0.0735094   0.0877939   0.0981400   0.1048058   0.1086734
   3.2851289   0.0107157   0.0361765   0.0426509   0.0504808   0.0661405   0.0836417   0.0977232   0.1071802   0.1127645   0.1155943
   3.3071767   0.0337595   0.0501673   0.0501609   0.0585772   0.0765488   0.0948266   0.1083026   0.1165760   0.1208968   0.1225843
   3.3292246   0.0734023   0.0643117   0.0579824   0.0680963   0.0884733   0.1070600   0.1194760   0.1262652   0.1291501   0.1296024
   3.3512724   0.1131679   0.0762099   0.0659797   0.0793353   0.1020187   0.1203047   0.1311662   0.1361748   0.1374663   0.1366047
   3.3733203   0.1309081   0.0839105   0.0743167   0.0926464   0.1172483   0.1344851   0.1432743   0.1462213   0.1457826   0.1435457
   3.3953681   0.1234238   0.0867231   0.0835735   0.1084104   0.1341660   0.1494831   0.1556804   0.1563117   0.1540324   0.1503779
   3.4174159   0.1000251   0.0856388   0.0948008   0.1269906   0.1526987   0.1651359   0.1682441   0.1663451   0.1621460   0.1570533
   3.4394638   0.0685613   0.0831730   0.1094770   0.1486661   0.1726798   0.1812348   0.1808075   0.1762143   0.1700520   0.1635236
   3.4615116   0.0429652   0.0828263   0.1293446   0.1735518   0.1938366   0.1975282   0.1931975   0.1858079   0.1776785   0.1697409
   3.4835595   0.0406286   0.0886413   0.1561178   0.2015170   0.2157839   0.2137257   0.2052305   0.1950129   0.1849543   0.1756587
   3.5056073   0.0644929   0.1052461   0.1910801   0.2321138   0.2380265   0.2295062   0.2167168   0.2037171   0.1918103   0.1812324
   3.5276552   0.0967979   0.1382093   0.2346277   0.2645340   0.2599711   0.2445283   0.2274667   0.2118121   0.1981811   0.1864201
   3.5497030   0.1127928   0.1937855   0.2858530   0.2976070   0.2809491   0.2584429   0.2372964   0.2191957   0.2040058   0.1911832
   3.5717509   0.1070532   0.2768959   0.3422879   0.3298486   0.3002494   0.2709086   0.2460343   0.2257751   0.2092300   0.1954873
   3.5937987   0.1232002   0.3871209   0.3999265   0.3595618   0.3171594   0.2816069   0.2535270   0.2314693   0.2138062   0.1993025
   3.6158465   0.2716712   0.5144311   0.4536006   0.3849829   0.3310106   0.2902583   0.2596456   0.2362113   0.2176955   0.2026039
   3.6378944   0.6622303   0.6379668   0.4976961   0.4044561   0.3412266   0.2966371   0.2642904   0.2399502   0.2208678   0.2053723
   3.6599422   1.1928900   0.7305483   0.5270891   0.4166129   0.3473668   0.3005841   0.2673953   0.2426524   0.2233029   0.2075942
   3.6819901   1.4766707   0.7682893   0.5380953   0.4205305   0.3491628   0.3020168   0.2689302   0.2443030   0.2249907   0.2092621
   3.7040379   1.2497237   0.7407179   0.5291899   0.4158449   0.3465435   0.3009349   0.2689032   0.2449057   0.2259312   0.2103747
   3.7260858   0.7362172   0.6555160   0.5013046   0.4028014   0.3396459   0.2974224   0.2673597   0.2444827   0.2261346   0.2109368
   3.7481336   0.3281899   0.5349320   0.4576202   0.3822336   0.3288104   0.2916442   0.2643814   0.2430743   0.2256209   0.2109591
   3.7701815   0.1474833   0.4061050   0.4029202   0.3554778   0.3145601   0.2838390   0.2600826   0.2407367   0.2244192   0.2104582
   3.7922293   0.1017449   0.2909840   0.3426902   0.3242343   0.2975678   0.2743074   0.2546057   0.2375410   0.2225671   0.2094559
   3.8142771   0.1008324   0.2008538   0.2822009   0.2903997   0.2786116   0.2633971   0.2481158   0.2335702   0.2201096   0.2079792
   3.8363250   0.1004030   0.1367979   0.2257897   0.2558927   0.2585244   0.2514856   0.2407940   0.2289171   0.2170981   0.2060597
   3.8583728   0.0798040   0.0939005   0.1764668   0.2224977   0.2381416   0.2389613   0.2328302   0.2236810   0.2135890   0.2037329
   3.8804207   0.0459310   0.0658288   0.1358623   0.1917417   0.2182504   0.2262054   0.2244162   0.2179652   0.2096427   0.2010377
   3.9024685   0.0190052   0.0475904   0.1044405   0.1648136   0.1995465   0.2135738   0.2157386   0.2118736   0.2053223   0.1980161
   3.9245164   0.0074545   0.0361461   0.0818590   0.1425266   0.1825984   0.2013819   0.2069721   0.2055084   0.2006921   0.1947122
   3.9465642   0.0085604   0.0297964   0.0673482   0.1253177   0.1678238   0.1898925   0.1982748   0.1989675   0.1958167   0.1911719
   3.9686121   0.0185120   0.0274441   0.0600172   0.1132746   0.1554771   0.1793071   0.1897829   0.1923421   0.1907600   0.1874421
   3.9906599   0.0310136   0.0283376   0.0590352   0.1061791   0.1456488   0.1697611   0.1816083   0.1857154   0.1855838   0.1835704
   4.0127078   0.0360164   0.0323058   0.0636794   0.1035590   0.1382756   0.1613236   0.1738365   0.1791610   0.1803479   0.1796046
   4.0347556   0.0302946   0.0401231   0.0732711   0.1047407   0.1331591   0.1540004   0.1665266   0.1727424   0.1751086   0.1755922
   4.0568034   0.0236540   0.0535650   0.0870425   0.1089022   0.1299915   0.1477410   0.1597119   0.1665128   0.1699191   0.1715802
   4.0788513   0.0272545   0.0748429   0.1039912   0.1151258   0.1283865   0.1424478   0.1534027   0.1605153   0.1648288   0.1676145
   4.1008991   0.0419884   0.1053701   0.1227797   0.1224512   0.1279114   0.1379875   0.1475889   0.1547837   0.1598836   0.1637399
   4.1229470   0.0686677   0.1441986   0.1417311   0.1299318   0.1281202   0.1342035   0.1422444   0.1493436   0.1551260   0.1599999
   4.1449948   0.1322688   0.1868883   0.1589461   0.1366923   0.1285840   0.1309281   0.1373314   0.1442137   0.1505952   0.1564367
   4.1670427   0.2655881   0.2257333   0.1725322   0.1419846   0.1289181   0.1279950   0.1328049   0.1394079   0.1463277   0.1530908
   4.1890905   0.4267131   0.2518222   0.1808981   0.1452370   0.1288028   0.1252496   0.1286179   0.1349364   0.1423578   0.1500011
   4.2111384   0.4861286   0.2583409   0.1830382   0.1460917   0.1279987   0.1225578   0.1247253   0.1308084   0.1387181   0.1472048
   4.2331862   0.3817016   0.2434992   0.1787264   0.1444227   0.1263544   0.1198127   0.1210881   0.1270330   0.1354399   0.1447376
   4.2552340   0.2094026   0.2113766   0.1685628   0.1403328   0.1238074   0.1169390   0.1176768   0.1236215   0.1325536   0.1426334
   4.2772819   0.0884651   0.1701338   0.1538543   0.1341274   0.1203784   0.1138952   0.1144742   0.1205887   0.1300897   0.1409242
   4.2993297   0.0416213   0.1286485   0.1363629   0.1262691   0.1161599   0.1106732   0.1114774   0.1179539   0.1280785   0.1396401
   4.3213776   0.0352951   0.0934810   0.1179862   0.1173185   0.1113011   0.1072970   0.1086989   0.1157420   0.1265503   0.1388093
   4.3434254   0.0408073   0.0675831   0.1004503   0.1078696   0.1059902   0.1038194   0.1061672   0.1139838   0.1255361   0.1384575
   4.3654733   0.0416339   0.0508727   0.0850801   0.0984880   0.1004365   0.1003181   0.1039267   0.1127163   0.1250665   0.1386083
   4.3875211   0.0321044   0.0417339   0.0726825   0.0896599   0.0948531   0.0968916   0.1020373   0.1119824   0.1251724   0.1392821
   4.4095690   0.0200904   0.0383237   0.0635437   0.0817565   0.0894435   0.0936551   0.1005726   0.1118301   0.1258836   0.1404965
   4.4316168   0.0169356   0.0391030   0.0575160   0.0750169   0.0843912   0.0907368   0.0996183   0.1123119   0.1272289   0.1422653
   4.4536646   0.0264390   0.0427153   0.0541531   0.0695484   0.0798547   0.0882747   0.0992706   0.1134827   0.1292348   0.1445987
   4.4757125   0.0457378   0.0477117   0.0528570   0.0653413   0.0759676   0.0864146   0.0996332   0.1153986   0.1319247   0.1475023
   4.4977603   0.0688104   0.0525583   0.0530048   0.0622959   0.0728426   0.0853083   0.1008144   0.1181150   0.1353180   0.1509767
   4.5198082   0.0848630   0.0560243   0.0540360   0.0602544   0.0705805   0.0851126   0.1029245   0.1216839   0.1394286   0.1550173
   4.5418560   0.0822200   0.0576865   0.0554953   0.0590370   0.0692810   0.0859879   0.1060718   0.1261519   0.1442644   0.1596137
   4.5639039   0.0613292   0.0581447   0.0570359   0.0584773   0.0690558   0.0880975   0.1103592   0.1315574   0.1498251   0.1647493
   4.5859517   0.0365925   0.0586760   0.0583964   0.0584564   0.0700406   0.0916051   0.1158801   0.1379285   0.1561023   0.1704010
   4.6079996   0.0244163   0.0604235   0.0593737   0.0589346   0.0724053   0.0966722   0.1227139   0.1452799   0.1630773   0.1765387
   4.6300474   0.0361617   0.0635613   0.0598088   0.0599809   0.0763610   0.1034530   0.1309221   0.1536112   0.1707211   0.1831254
   4.6520952   0.0728990   0.0669790   0.0596014   0.0617978   0.0821602   0.1120886   0.1405432   0.1629045   0.1789933   0.1901172
   4.6741431   0.1130738   0.0687527   0.0587571   0.0647403   0.0900920   0.1226992   0.1515888   0.1731224   0.1878419   0.1974629
   4.6961909   0.1211965   0.0671682   0.0574624   0.0693269   0.1004682   0.1353743   0.1640392   0.1842071   0.1972026   0.2051048
   4.7182388   0.0886806   0.0616851   0.0561748   0.0762344   0.1136032   0.1501627   0.1778400   0.1960794   0.2069995   0.2129786
   4.7402866   0.0447810   0.0532617   0.0557118   0.0862758   0.1297854   0.1670610   0.1928992   0.2086381   0.2171450   0.2210142
   4.7623345   0.0173216   0.0438951   0.0573255   0.1003520   0.1492435   0.1860036   0.2090852   0.2217609   0.2275409   0.2291362
   4.7843823   0.0094221   0.0357588   0.0627420   0.1193776   0.1721093   0.2068529   0.2262262   0.2353050   0.2380793   0.2372647
   4.8064302   0.0127196   0.0305731   0.0741442   0.1441790   0.1983804   0.2293925   0.2441110   0.2491091   0.2486440   0.2453166
   4.8284780   0.0204347   0.0297056   0.0940616   0.1753722   0.2278862   0.2533234   0.2624914   0.2629957   0.2591120   0.2532060
   4.8505259   0.0275223   0.0351091   0.1251292   0.2132293   0.2602620   0.2782646   0.2810861   0.2767745   0.2693558   0.2608460
   4.8725737   0.0294398   0.0507645   0.1696886   0.2575525   0.2949349   0.3037581   0.2995864   0.2902456   0.2792454   0.2681495
   4.8946215   0.0250646   0.0838940   0.2292409   0.3075745   0.3311250   0.3292793   0.3176638   0.3032043   0.2886505   0.2750309
   4.9166694   0.0189314   0.1448853   0.3038225   0.3619081   0.3678638   0.3542520   0.3349782   0.3154456   0.2974431   0.2814072
   4.9387172   0.0210128   0.2448348   0.3914431   0.4185619   0.4040308   0.3780686   0.3511879   0.3267686   0.3055000   0.2871992
   4.9607651   0.0563305   0.3903516   0.4877707   0.4750335   0.4384074   0.4001134   0.3659604   0.3369820   0.3127053   0.2923332
   4.9828129   0.1969622   0.5769764   0.5862410   0.5284806   0.4697433   0.4197881   0.3789823   0.3459088   0.3189526   0.2967417
   5.0048608   0.5685195   0.7845904   0.6786875   0.5759540   0.4968326   0.4365389   0.3899708   0.3533910   0.3241474   0.3003651
   5.0269086   1.2105802   0.9788176   0.7564520   0.6146695   0.5185910   0.4498820   0.3986824   0.3592936   0.3282091   0.3031524
   5.0489565   1.8625008   1.1201597   0.8117738   0.6422817   0.5341290   0.4594269   0.4049225   0.3635081   0.3310725   0.3050618
   5.0710043   2.0787583   1.1779764   0.8391390   0.6571228   0.5428130   0.4648956   0.4085515   0.3659559   0.3326891   0.3060619
   5.0930521   1.7108857   1.1424941   0.8362506   0.6583713   0.5443085   0.4661358   0.4094898   0.3665896   0.3330284   0.3061319
   5.1151000   1.0889623   1.0282061   0.8043643   0.6461271   0.5386027   0.4631286   0.4077204   0.3653945   0.3320783   0.3052619
   5.1371478   0.6209713   0.8668300   0.7479155   0.6213835   0.5260020   0.4559877   0.4032892   0.3623887   0.3298447   0.3034531
   5.1591957   0.4064499   0.6940892   0.6735624   0.5859018   0.5071074   0.4449534   0.3963024   0.3576221   0.3263521   0.3007175
   5.1812435   0.3219622   0.5375393   0.5889201   0.5420121   0.4827685   0.4303788   0.3869222   0.3511746   0.3216421   0.2970779
   5.2032914   0.2796729   0.4107776   0.5013180   0.4923696   0.4540223   0.4127111   0.3753598   0.3431537   0.3157725   0.2925668
   5.2253392   0.2614755   0.3147656   0.4168551   0.4397024   0.4220217   0.3924692   0.3618675   0.3336910   0.3088160   0.2872265
   5.2473871   0.2364996   0.2432699   0.3398979   0.3865817   0.3879614   0.3702176   0.3467290   0.3229382   0.3008582   0.2811074
   5.2694349   0.1817768   0.1885468   0.2730187   0.3352406   0.3530064   0.3465409   0.3302491   0.3110627   0.2919957   0.2742677
   5.2914827   0.1196365   0.1448486   0.2172571   0.2874528   0.3182295   0.3220176   0.3127430   0.2982430   0.2823339   0.2667719
   5.3135306   0.0749469   0.1093686   0.1725381   0.2444756   0.2845619   0.2971976   0.2945264   0.2846641   0.2719845   0.2586897
   5.3355784   0.0456434   0.0815328   0.1380930   0.2070499   0.2527586   0.2725819   0.2759056   0.2705126   0.2610633   0.2500949
   5.3576263   0.0246271   0.0617775   0.1127867   0.1754457   0.2233809   0.2486078   0.2571691   0.2559724   0.2496882   0.2410639
   5.3796741   0.0124116   0.0505385   0.0953188   0.1495371   0.1967935   0.2256379   0.2385803   0.2412208   0.2379762   0.2316748
   5.4017220   0.0109789   0.0476546   0.0843182   0.1288940   0.1731757   0.2039552   0.2203727   0.2264245   0.2260421   0.2220057
   5.4237698   0.0213197   0.0520954   0.0783806   0.1128759   0.1525430   0.1837616   0.2027453   0.2117374   0.2139961   0.2121339
   5.4458177   0.0431159   0.0619032   0.0760927   0.1007222   0.1347755   0.1651820   0.1858611   0.1972977   0.2019423   0.2021349
   5.4678655   0.0734229   0.0743368   0.0760778   0.0916304   0.1196510   0.1482709   0.1698462   0.1832263   0.1899776   0.1920811
   5.4899134   0.1074685   0.0862637   0.0770682   0.0848205   0.1068781   0.1330217   0.1547913   0.1696261   0.1781899   0.1820411
   5.5119612   0.1358598   0.0947852   0.0779923   0.0795840   0.0961282   0.1193779   0.1407536   0.1565818   0.1666580   0.1720790
   5.5340090   0.1444798   0.0979343   0.0780547   0.0753176   0.0870627   0.1072449   0.1277602   0.1441593   0.1554505   0.1622539
   5.5560569   0.1289443   0.0951815   0.0767823   0.0715419   0.0793563   0.0965019   0.1158120   0.1324073   0.1446259   0.1526191
   5.5781047   0.1000939   0.0875016   0.0740245   0.0679070   0.0727132   0.0870122   0.1048878   0.1213581   0.1342326   0.1432222
   5.6001526   0.0692391   0.0769318   0.0699031   0.0641862   0.0668792   0.0786337   0.0949492   0.1110291   0.1243087   0.1341047
   5.6222004   0.0432335   0.0657858   0.0647266   0.0602619   0.0616464   0.0712259   0.0859447   0.1014242   0.1148829   0.1253018
   5.6442483   0.0301419   0.0558600   0.0588906   0.0561047   0.0568555   0.0646570   0.0778139   0.0925363   0.1059748   0.1168427
   5.6662961   0.0338842   0.0479687   0.0527862   0.0517508   0.0523923   0.0588074   0.0704911   0.0843485   0.0975957   0.1087507
   5.6883440   0.0454675   0.0419658   0.0467365   0.0472789   0.0481832   0.0535728   0.0639089   0.0768364   0.0897495   0.1010434
   5.7103918   0.0488152   0.0371546   0.0409670   0.0427900   0.0441882   0.0488653   0.0580000   0.0699697   0.0824332   0.0937329
   5.7324396   0.0385106   0.0328020   0.0356080   0.0383908   0.0403933   0.0446126   0.0527000   0.0637140   0.0756384   0.0868266
   5.7544875   0.0249514   0.0284781   0.0307182   0.0341817   0.0368026   0.0407578   0.0479485   0.0580318   0.0693516   0.0803269
   5.7765353   0.0186322   0.0241106   0.0263165   0.0302496   0.0334319   0.0372563   0.0436896   0.0528846   0.0635557   0.0742326
   5.7985832   0.0182563   0.0198437   0.0224095   0.0266634   0.0303021   0.0340747   0.0398730   0.0482332   0.0582300   0.0685385
   5.8206310   0.0167964   0.0158745   0.0190093   0.0234733   0.0274340   0.0311879   0.0364537   0.0440388   0.0533519   0.0632364
   5.8426789   0.0117224   0.0123762   0.0161380   0.0207103   0.0248451   0.0285764   0.0333918   0.0402640   0.0488968   0.0583156
   5.8647267   0.0059300   0.0095031   0.0138231   0.0183877   0.0225466   0.0262251   0.0306521   0.0368727   0.0448393   0.0537630
   5.8867746   0.0023572   0.0074089   0.0120855   0.0165021   0.0205420   0.0241206   0.0282037   0.0338310   0.0411536   0.0495638
   5.9088224   0.0012441   0.0062297   0.0109278   0.0150347   0.0188267   0.0222504   0.0260190   0.0311069   0.0378137   0.0457020
   5.9308702   0.0014605   0.0060340   0.0103238   0.0139533   0.0173881   0.0206014   0.0240736   0.0286709   0.0347939   0.0421607
   5.9529181   0.0023963   0.0067712   0.0102142   0.0132136   0.0162066   0.0191597   0.0223455   0.0264955   0.0320696   0.0389223
   5.9749659   0.0048186   0.0082518   0.0105075   0.0127623   0.0152570   0.0179102   0.0208143   0.0245554   0.0296168   0.0359690
   5.9970138   0.0097707   0.0101745   0.0110878   0.0125394   0.0145098   0.0168362   0.0194616   0.0228275   0.0274127   0.0332832
   6.0190616   0.0157123   0.0121920   0.0118261   0.0124826   0.0139332   0.0159203   0.0182699   0.0212904   0.0254358   0.0308474
   6.0411095   0.0187448   0.0139937   0.0125942   0.0125308   0.0134950   0.0151441   0.0172228   0.0199248   0.0236661   0.0286445
   6.0631573   0.0178440   0.0153671   0.0132782   0.0126278   0.0131639   0.0144894   0.0163047   0.0187129   0.0220847   0.0266585
   6.0852052   0.0166313   0.0162138   0.0137890   0.0127260   0.0129108   0.0139380   0.0155011   0.0176386   0.0206746   0.0248737
   6.1072530   0.0177327   0.0165227   0.0140697   0.0127890   0.0127106   0.0134725   0.0147982   0.0166872   0.0194198   0.0232758
   6.1293009   0.0191593   0.0163304   0.0140978   0.0127927   0.0125418   0.0130766   0.0141829   0.0158455   0.0183061   0.0218514
   6.1513487   0.0181864   0.0156954   0.0138842   0.0127259   0.0123879   0.0127357   0.0136435   0.0151014   0.0173207   0.0205880
   6.1733965   0.0155290   0.0146965   0.0134683   0.0125891   0.0122365   0.0124368   0.0131689   0.0144443   0.0164523   0.0194747
   6.1954444   0.0134996   0.0134412   0.0129101   0.0123920   0.0120793   0.0121687   0.0127494   0.0138649   0.0156908   0.0185015
   6.2174922   0.0123818   0.0120712   0.0122822   0.0121510   0.0119118   0.0119221   0.0123763   0.0133550   0.0150276   0.0176597
   6.2395401   0.0106748   0.0107543   0.0116591   0.0118855   0.0117316   0.0116897   0.0120422   0.0129077   0.0144557   0.0169420
   6.2615879   0.0077858   0.0096610   0.0111087   0.0116147   0.0115385   0.0114658   0.0117411   0.0125172   0.0139692   0.0163423
   6.2836358   0.0051845   0.0089291   0.0106829   0.0113540   0.0113333   0.0112464   0.0114681   0.0121791   0.0135637   0.0158559
   6.3056836   0.0049481   0.0086302   0.0104119   0.0111133   0.0111170   0.0110289   0.0112198   0.0118903   0.0132360   0.0154790
   6.3277315   0.0074652   0.0087564   0.0102997   0.0108957   0.0108909   0.0108122   0.0109938   0.0116488   0.0129844   0.0152094
   6.3497793   0.0104260   0.0092370   0.0103243   0.0106969   0.0106557   0.0105964   0.0107894   0.0114541   0.0128085   0.0150459
   6.3718271   0.0108442   0.0099691   0.0104404   0.0105067   0.0104124   0.0103825   0.0106069   0.0113068   0.0127091   0.0149885
   6.3938750   0.0091040   0.0108354   0.0105857   0.0103111   0.0101618   0.0101728   0.0104479   0.0112090   0.0126884   0.0150385
   6.4159228   0.0091802   0.0116963   0.0106901   0.0100943   0.0099053   0.0099707   0.0103155   0.0111642   0.0127497   0.0151979
   6.4379707   0.0132667   0.0123763   0.0106858   0.0098426   0.0096454   0.0097802   0.0102138   0.0111772   0.0128978   0.0154700
   6.4600185   0.0179477   0.0126794   0.0105182   0.0095469   0.0093861   0.0096067   0.0101485   0.0112542   0.0131385   0.0158589
   6.4820664   0.0182393   0.0124445   0.0101549   0.0092051   0.0091331   0.0094562   0.0101264   0.0114029   0.0134788   0.0163695
   6.5041142   0.0144345   0.0116109   0.0095919   0.0088238   0.0088941   0.0093359   0.0101559   0.0116324   0.0139270   0.0170074
   6.5261621   0.0106814   0.0102507   0.0088555   0.0084189   0.0086785   0.0092540   0.0102468   0.0119533   0.0144920   0.0177790
   6.5482099   0.0083806   0.0085474   0.0080003   0.0080147   0.0084975   0.0092198   0.0104106   0.0123776   0.0151840   0.0186911
   6.5702577   0.0060431   0.0067374   0.0071029   0.0076417   0.0083630   0.0092435   0.0106603   0.0129186   0.0160138   0.0197506
   6.5923056   0.0033359   0.0050462   0.0062532   0.0073343   0.0082877   0.0093371   0.0110110   0.0135908   0.0169930   0.0209650
   6.6143534   0.0013040   0.0036471   0.0055450   0.0071266   0.0082837   0.0095139   0.0114792   0.0144104   0.0181335   0.0223415
   6.6364013   0.0003791   0.0026463   0.0050663   0.0070487   0.0083628   0.0097890   0.0120839   0.0153940   0.0194475   0.0238874
   6.6584491   0.0002199   0.0020933   0.0048909   0.0071228   0.0085355   0.0101799   0.0128458   0.0165597   0.0209474   0.0256094
   6.6804970   0.0005527   0.0020087   0.0050707   0.0073606   0.0088122   0.0107066   0.0137876   0.0179259   0.0226453   0.0275139
   6.7025448   0.0012914   0.0024234   0.0056281   0.0077612   0.0092030   0.0113924   0.0149339   0.0195113   0.0245529   0.0296065
   6.7245927   0.0020818   0.0034073   0.0065505   0.0083112   0.0097195   0.0122641   0.0163110   0.0213350   0.0266810   0.0318918
   6.7466405   0.0023529   0.0050606   0.0077856   0.0089866   0.0103766   0.0133526   0.0179468   0.0234153   0.0290395   0.0343732
   6.7686883   0.0022956   0.0074485   0.0092409   0.0097570   0.0111946   0.0146929   0.0198698   0.0257698   0.0316369   0.0370530
   6.7907362   0.0037018   0.0104934   0.0107891   0.0105920   0.0122019   0.0163244   0.0221090   0.0284149   0.0344799   0.0399316
   6.8127840   0.0094899   0.0138840   0.0122808   0.0114695   0.0134371   0.0182905   0.0246932   0.0313648   0.0375731   0.0430080
   6.8348319   0.0207702   0.0170804   0.0135647   0.0123844   0.0149514   0.0206380   0.0276497   0.0346314   0.0409187   0.0462791
   6.8568797   0.0324062   0.0194511   0.0145132   0.0133593   0.0168097   0.0234159   0.0310036   0.0382233   0.0445165   0.0497399
   6.8789276   0.0353210   0.0204948   0.0150497   0.0144527   0.0190905   0.0266736   0.0347765   0.0421456   0.0483629   0.0533830
   6.9009754   0.0277772   0.0200295   0.0151730   0.0157662   0.0218851   0.0304592   0.0389854   0.0463992   0.0524514   0.0571989
   6.9230233   0.0182280   0.0182446   0.0149772   0.0174484   0.0252938   0.0348168   0.0436411   0.0509798   0.0567720   0.0611759
   6.9450711   0.0132962   0.0155973   0.0146637   0.0196928   0.0294217   0.0397833   0.0487477   0.0558783   0.0613112   0.0652996
   6.9671190   0.0110886   0.0126350   0.0145471   0.0227314   0.0343711   0.0453856   0.0543006   0.0610798   0.0660517   0.0695537
   6.9891668   0.0079732   0.0098511   0.0150540   0.0268212   0.0402344   0.0516374   0.0602860   0.0665635   0.0709726   0.0739192
   7.0112146   0.0042924   0.0076440   0.0167144   0.0322240   0.0470840   0.0585360   0.0666802   0.0723027   0.0760496   0.0783752
   7.0332625   0.0020042   0.0063847   0.0201396   0.0391816   0.0549636   0.0660600   0.0734488   0.0782650   0.0812547   0.0828986
   7.0553103   0.0014709   0.0065700   0.0259796   0.0478866   0.0638789   0.0741672   0.0805469   0.0844118   0.0865567   0.0874646
   7.0773582   0.0017201   0.0090293   0.0348550   0.0584533   0.0737905   0.0827938   0.0879191   0.0906995   0.0919217   0.0920466
   7.0994060   0.0020771   0.0151294   0.0472591   0.0708904   0.0846090   0.0918544   0.0955004   0.0970797   0.0973128   0.0966167
   7.1214539   0.0033640   0.0268459   0.0634443   0.0850813   0.0961929   0.1012432   0.1032171   0.1034995   0.1026912   0.1011459
   7.1435017   0.0076716   0.0464815   0.0833120   0.1007735   0.1083506   0.1108365   0.1109882   0.1099030   0.1080166   0.1056044
   7.1655496   0.0168500   0.0758389   0.1063403   0.1175816   0.1208465   0.1204959   0.1187275   0.1162317   0.1132472   0.1099620
   7.1875974   0.0359031   0.1149283   0.1315799   0.1350028   0.1334106   0.1300737   0.1263453   0.1224256   0.1183409   0.1141886
   7.2096452   0.0868316   0.1607777   0.1577353   0.1524470   0.1457517   0.1394173   0.1337505   0.1284246   0.1232559   0.1182543
   7.2316931   0.2047185   0.2072959   0.1833223   0.1692767   0.1575729   0.1483757   0.1408536   0.1341691   0.1279506   0.1221300
   7.2537409   0.3736471   0.2469076   0.2068676   0.1848543   0.1685889   0.1568047   0.1475680   0.1396018   0.1323853   0.1257877
   7.2757888   0.4805572   0.2736385   0.2270955   0.1985920   0.1785428   0.1645728   0.1538127   0.1446678   0.1365220   0.1292010
   7.2978366   0.4277432   0.2860479   0.2430535   0.2099990   0.1872212   0.1715658   0.1595144   0.1493165   0.1403252   0.1323453
   7.3198845   0.2700548   0.2879632   0.2541521   0.2187218   0.1944669   0.1776906   0.1646084   0.1535020   0.1437627   0.1351984
   7.3419323   0.1438730   0.2860926   0.2601318   0.2245744   0.2001868   0.1828779   0.1690404   0.1571838   0.1468058   0.1377404
   7.3639802   0.1306159   0.2857142   0.2610010   0.2275543   0.2043549   0.1870826   0.1727671   0.1603279   0.1494298   0.1399546
   7.3860280   0.2401498   0.2871936   0.2569976   0.2278432   0.2070103   0.1902844   0.1757567   0.1629067   0.1516148   0.1418273
   7.4080758   0.4069182   0.2857235   0.2486053   0.2257909   0.2082489   0.1924848   0.1779887   0.1648998   0.1533451   0.1433480
   7.4301237   0.4891982   0.2745284   0.2366182   0.2218831   0.2082117   0.1937054   0.1794537   0.1662939   0.1546104   0.1445100
   7.4521715   0.4017751   0.2494345   0.2222041   0.2166932   0.2070683   0.1939829   0.1801527   0.1670830   0.1554054   0.1453102
   7.4742194   0.2241780   0.2119275   0.2069001   0.2108234   0.2049999   0.1933660   0.1800963   0.1672685   0.1557300   0.1457490
   7.4962672   0.0851137   0.1690662   0.1924875   0.2048394   0.2021814   0.1919102   0.1793037   0.1668585   0.1555895   0.1458309
   7.5183151   0.0225718   0.1307595   0.1807380   0.1992068   0.1987658   0.1896741   0.1778015   0.1658680   0.1549940   0.1455641
   7.5403629   0.0055014   0.1062371   0.1730767   0.1942371   0.1948719   0.1867160   0.1756229   0.1643186   0.1539591   0.1449602
   7.5624108   0.0042632   0.1013406   0.1702502   0.1900522   0.1905770   0.1830919   0.1728066   0.1622376   0.1525049   0.1440349
   7.5844586   0.0131093   0.1171708   0.1721024   0.1865740   0.1859153   0.1788536   0.1693963   0.1596582   0.1506563   0.1428069
   7.6065065   0.0511177   0.1498568   0.1775372   0.1835414   0.1808816   0.1740488   0.1654396   0.1566185   0.1484423   0.1412984
   7.6285543   0.1536778   0.1912562   0.1846950   0.1805546   0.1754401   0.1687223   0.1609883   0.1531613   0.1458961   0.1395345
   7.6506021   0.3200289   0.2307332   0.1913086   0.1771388   0.1695371   0.1629171   0.1560972   0.1493338   0.1430541   0.1375430
   7.6726500   0.4556125   0.2579784   0.1951545   0.1728196   0.1631155   0.1566774   0.1508249   0.1451865   0.1399563   0.1353544
   7.6946978   0.4501961   0.2660806   0.1944852   0.1671966   0.1561301   0.1500505   0.1452328   0.1407732   0.1366449   0.1330011
   7.7167457   0.3302668   0.2534966   0.1883430   0.1600041   0.1485607   0.1430899   0.1393855   0.1361502   0.1331647   0.1305173
   7.7387935   0.2170476   0.2239386   0.1766868   0.1511507   0.1404221   0.1358567   0.1333507   0.1313759   0.1295620   0.1279385
   7.7608414   0.1568004   0.1843612   0.1603213   0.1407313   0.1317701   0.1284216   0.1271985   0.1265101   0.1258844   0.1253016
   7.7828892   0.1119241   0.1422486   0.1406673   0.1290116   0.1227028   0.1208649   0.1210014   0.1216136   0.1221803   0.1226436
   7.8049371   0.0630182   0.1035095   0.1194459   0.1163914   0.1133567   0.1132766   0.1148337   0.1167472   0.1184982   0.1200023
   7.8269849   0.0261520   0.0715945   0.0983588   0.1033515   0.1038993   0.1057544   0.1087704   0.1119715   0.1148862   0.1174150
   7.8490327   0.0105012   0.0476588   0.0788335   0.0903962   0.0945195   0.0984022   0.1028868   0.1073461   0.1113918   0.1149185
   7.8710806   0.0086404   0.0312450   0.0618692   0.0779998   0.0854152   0.0913270   0.0972568   0.1029289   0.1080610   0.1125487
   7.8931284   0.0102821   0.0210467   0.0479915   0.0665641   0.0767819   0.0846353   0.0919525   0.0987754   0.1049382   0.1103404
   7.9151763   0.0097135   0.0155269   0.0372947   0.0563923   0.0688023   0.0784303   0.0870423   0.0949384   0.1020656   0.1083264
   7.9372241   0.0070395   0.0133017   0.0295404   0.0476799   0.0616376   0.0728082   0.0825900   0.0914669   0.0994826   0.1065379
   7.9592720   0.0058463   0.0132747   0.0242784   0.0405215   0.0554218   0.0678550   0.0786537   0.0884063   0.0972258   0.1050036
   7.9813198   0.0089117   0.0145835   0.0209651   0.0349295   0.0502580   0.0636442   0.0752848   0.0857971   0.0953282   0.1037495
   8.0033677   0.0160184   0.0164791   0.0190640   0.0308598   0.0462177   0.0602347   0.0725269   0.0836751   0.0938193   0.1027992
   8.0254155   0.0241471   0.0182648   0.0181232   0.0282381   0.0433418   0.0576693   0.0704157   0.0820709   0.0927247   0.1021728
   8.0474633   0.0290317   0.0193463   0.0178291   0.0269839   0.0416421   0.0559747   0.0689784   0.0810095   0.0920658   0.1018873
   8.0695112   0.0283624   0.0193555   0.0180376   0.0270265   0.0411049   0.0551611   0.0682335   0.0805105   0.0918595   0.1019562
   8.0915590   0.0236289   0.0182602   0.0187840   0.0283123   0.0416931   0.0552235   0.0681914   0.0805878   0.0921184   0.1023895
   8.1136069   0.0174994   0.0163989   0.0202703   0.0308022   0.0433496   0.0561431   0.0688546   0.0812495   0.0928505   0.1031936
   8.1356547   0.0113537   0.0144398   0.0228262   0.0344612   0.0459996   0.0578896   0.0702183   0.0824983   0.0940590   0.1043709
   8.1577026   0.0063513   0.0133201   0.0268445   0.0392421   0.0495540   0.0604233   0.0722712   0.0843312   0.0957426   0.1059202
   8.1797504   0.0038676   0.0142106   0.0326929   0.0450679   0.0539117   0.0636981   0.0749965   0.0867403   0.0978953   0.1078365
   8.2017983   0.0039640   0.0184886   0.0406116   0.0518166   0.0589647   0.0676645   0.0783728   0.0897124   0.1005065   0.1101109
   8.2238461   0.0052849   0.0276095   0.0506143   0.0593136   0.0646020   0.0722720   0.0823747   0.0932292   0.1035610   0.1127312
   8.2458939   0.0079894   0.0427387   0.0624148   0.0673331   0.0707162   0.0774725   0.0869736   0.0972680   0.1070393   0.1156812
   8.2679418   0.0179449   0.0641100   0.0754043   0.0756117   0.0772102   0.0832217   0.0921384   0.1018014   0.1109177   0.1189415
   8.2899896   0.0476209   0.0903221   0.0886977   0.0838735   0.0840041   0.0894813   0.0978357   0.1067977   0.1151681   0.1224894
   8.3120375   0.1079581   0.1180194   0.1012517   0.0918635   0.0910425   0.0962195   0.1040296   0.1122208   0.1197589   0.1262993
   8.3340853   0.1916270   0.1424078   0.1120387   0.0993849   0.0982994   0.1034110   0.1106822   0.1180305   0.1246547   0.1303425
   8.3561332   0.2624410   0.1586715   0.1202440   0.1063353   0.1057814   0.1110362   0.1177525   0.1241828   0.1298167   0.1345880
   8.3781810   0.2728545   0.1637678   0.1254396   0.1127343   0.1135278   0.1190789   0.1251960   0.1306294   0.1352032   0.1390026
   8.4002289   0.2120474   0.1576881   0.1276954   0.1187380   0.1216061   0.1275235   0.1329643   0.1373187   0.1407696   0.1435509
   8.4222767   0.1289345   0.1434672   0.1276019   0.1246355   0.1301041   0.1363513   0.1410039   0.1441951   0.1464692   0.1481963
   8.4443246   0.0794019   0.1259261   0.1262034   0.1308260   0.1391178   0.1455367   0.1492557   0.1512002   0.1522532   0.1529009
   8.4663724   0.0680220   0.1098523   0.1248632   0.1377777   0.1487364   0.1550426   0.1576544   0.1582725   0.1580718   0.1576257
   8.4884202   0.0663526   0.0985631   0.1250918   0.1459713   0.1590257   0.1648168   0.1661282   0.1653480   0.1638739   0.1623318
   8.5104681   0.0645278   0.0934621   0.1283706   0.1558350   0.1700111   0.1747887   0.1745987   0.1723610   0.1696083   0.1669801
   8.5325159   0.0767177   0.0946247   0.1359867   0.1676780   0.1816629   0.1848673   0.1829816   0.1792447   0.1752241   0.1715318
   8.5545638   0.1036747   0.1019784   0.1488846   0.1816312   0.1938853   0.1949402   0.1911872   0.1859321   0.1806712   0.1759493
   8.5766116   0.1187510   0.1164070   0.1675303   0.1976029   0.2065108   0.2048750   0.1991221   0.1923568   0.1859010   0.1801958
   8.5986595   0.1042111   0.1400988   0.1917902   0.2152576   0.2193012   0.2145219   0.2066911   0.1984544   0.1908669   0.1842366
   8.6207073   0.0824233   0.1757172   0.2208419   0.2340212   0.2319558   0.2237184   0.2137988   0.2041631   0.1955253   0.1880388
   8.6427552   0.0984288   0.2245606   0.2531484   0.2531156   0.2441260   0.2322951   0.2203532   0.2094254   0.1998357   0.1915719
   8.6648030   0.1888229   0.2845884   0.2865325   0.2716196   0.2554366   0.2400834   0.2262675   0.2141887   0.2037614   0.1948081
   8.6868508   0.3518220   0.3495307   0.3183745   0.2885513   0.2655101   0.2469233   0.2314633   0.2184069   0.2072702   0.1977224
   8.7088987   0.5238822   0.4098851   0.3459272   0.3029611   0.2739934   0.2526714   0.2358736   0.2220409   0.2103346   0.2002934
   8.7309465   0.6276821   0.4555668   0.3667021   0.3140260   0.2805840   0.2572093   0.2394446   0.2250598   0.2129320   0.2025025
   8.7529944   0.6416484   0.4790064   0.3788530   0.3211308   0.2850522   0.2604496   0.2421382   0.2274412   0.2150452   0.2043350
   8.7750422   0.5902641   0.4772729   0.3814713   0.3239275   0.2872592   0.2623419   0.2439333   0.2291718   0.2166627   0.2057796
   8.7970901   0.5146747   0.4524427   0.3747218   0.3223640   0.2871672   0.2628751   0.2448267   0.2302477   0.2177780   0.2068286
   8.8191379   0.4400608   0.4104194   0.3597855   0.3166802   0.2848423   0.2620794   0.2448331   0.2306739   0.2183904   0.2074779
   8.8411858   0.3552480   0.3590376   0.3386219   0.3073723   0.2804496   0.2600242   0.2439844   0.2304642   0.2185042   0.2077266
   8.8632336   0.2646876   0.3062742   0.3136064   0.2951339   0.2742407   0.2568150   0.2423284   0.2296405   0.2181286   0.2075775
   8.8852814   0.1989527   0.2589540   0.2871264   0.2807817   0.2665360   0.2525878   0.2399269   0.2282322   0.2172772   0.2070362
   8.9073293   0.1593392   0.2219013   0.2612261   0.2651783   0.2577023   0.2475016   0.2368528   0.2262746   0.2159680   0.2061114
   8.9293771   0.1262130   0.1973357   0.2373724   0.2491613   0.2481286   0.2417303   0.2331873   0.2238083   0.2142221   0.2048145
   8.9514250   0.1074803   0.1844840   0.2163815   0.2334867   0.2382020   0.2354540   0.2290164   0.2208774   0.2120638   0.2031591
   8.9734728   0.1352087   0.1796850   0.1985043   0.2187900   0.2282853   0.2288497   0.2244278   0.2175285   0.2095196   0.2011609
   8.9955207   0.2132521   0.1773775   0.1836258   0.2055645   0.2186976   0.2220835   0.2195077   0.2138094   0.2066179   0.1988374
   9.0175685   0.2800683   0.1720365   0.1715066   0.1941550   0.2096995   0.2153030   0.2143373   0.2097673   0.2033879   0.1962076
   9.0396164   0.2621250   0.1604669   0.1619861   0.1847608   0.2014830   0.2086317   0.2089908   0.2054482   0.1998596   0.1932915
   9.0616642   0.1686549   0.1433781   0.1550814   0.1774450   0.1941665   0.2021651   0.2035330   0.2008957   0.1960630   0.1901099
   9.0837121   0.0741190   0.1253232   0.1509576   0.1721458   0.1877948   0.1959683   0.1980181   0.1961502   0.1920275   0.1866843
   9.1057599   0.0228264   0.1128749   0.1497879   0.1686894   0.1823433   0.1900759   0.1924884   0.1912481   0.1877817   0.1830363
   9.1278077   0.0087970   0.1118028   0.1515639   0.1668040   0.1777262   0.1844936   0.1869749   0.1862218   0.1833530   0.1791875
   9.1498556   0.0223375   0.1244646   0.1559362   0.1661374   0.1738079   0.1792012   0.1814971   0.1810992   0.1787674   0.1751594
   9.1719034   0.0778947   0.1485090   0.1621522   0.1662788   0.1704160   0.1741572   0.1760645   0.1759039   0.1740493   0.1709729
   9.1939513   0.1915204   0.1774727   0.1691229   0.1667861   0.1673554   0.1693038   0.1706778   0.1706553   0.1692211   0.1666486
   9.2159991   0.3229276   0.2031289   0.1756026   0.1672164   0.1644237   0.1645730   0.1653309   0.1653695   0.1643040   0.1622062
   9.2380470   0.3769781   0.2186497   0.1804233   0.1671582   0.1614242   0.1598927   0.1600129   0.1600591   0.1593171   0.1576649
   9.2600948   0.3158292   0.2211327   0.1827098   0.1662609   0.1581791   0.1551920   0.1547101   0.1547343   0.1542779   0.1530427
   9.2821427   0.2106809   0.2122454   0.1820106   0.1642579   0.1545395   0.1504068   0.1494083   0.1494034   0.1492026   0.1483571
   9.3041905   0.1394279   0.1967405   0.1783144   0.1609805   0.1503934   0.1454840   0.1440943   0.1440734   0.1441061   0.1436245
   9.3262383   0.1183022   0.1798175   0.1719620   0.1563623   0.1456704   0.1403848   0.1387579   0.1387507   0.1390019   0.1388604
   9.3482862   0.1358527   0.1648787   0.1634965   0.1504325   0.1403439   0.1350870   0.1333930   0.1334418   0.1339027   0.1340794
   9.3703340   0.1673263   0.1527658   0.1535064   0.1433034   0.1344299   0.1295854   0.1279984   0.1281534   0.1288203   0.1292954
   9.3923819   0.1748044   0.1424719   0.1425069   0.1351524   0.1279838   0.1238924   0.1225782   0.1228927   0.1237660   0.1245211
   9.4144297   0.1470660   0.1324623   0.1308849   0.1262028   0.1210948   0.1180359   0.1171419   0.1176682   0.1187502   0.1197687
   9.4364776   0.1124758   0.1216482   0.1189040   0.1167069   0.1138788   0.1120576   0.1117044   0.1124891   0.1137830   0.1150496
   9.4585254   0.0983759   0.1096243   0.1067512   0.1069304   0.1064701   0.1060096   0.1062845   0.1073658   0.1088743   0.1103744
   9.4805733   0.1026001   0.0964276   0.0945984   0.0971408   0.0990127   0.0999514   0.1009047   0.1023092   0.1040333   0.1057527
   9.5026211   0.1009773   0.0822906   0.0826538   0.0875971   0.0916515   0.0939458   0.0955898   0.0973312   0.0992690   0.1011939
   9.5246689   0.0778407   0.0676215   0.0711910   0.0785412   0.0845243   0.0880555   0.0903654   0.0924436   0.0945900   0.0967065
   9.5467168   0.0451602   0.0530969   0.0605479   0.0701887   0.0777539   0.0823394   0.0852571   0.0876585   0.0900044   0.0922981
   9.5687646   0.0218259   0.0396438   0.0511004   0.0627197   0.0714419   0.0768498   0.0802890   0.0829874   0.0855199   0.0879759
   9.5908125   0.0108501   0.0282488   0.0432171   0.0562684   0.0656642   0.0716297   0.0754827   0.0784412   0.0811435   0.0837466
   9.6128603   0.0058449   0.0197282   0.0372045   0.0509141   0.0604677   0.0667111   0.0708565   0.0740296   0.0768817   0.0796159
   9.6349082   0.0029936   0.0146239   0.0332517   0.0466738   0.0558693   0.0621143   0.0664247   0.0697612   0.0727402   0.0755891
   9.6569560   0.0015323   0.0132428   0.0313850   0.0434991   0.0518566   0.0578471   0.0621973   0.0656429   0.0687241   0.0716708
   9.6790039   0.0010796   0.0157069   0.0314394   0.0412779   0.0483902   0.0539061   0.0581797   0.0616800   0.0648375   0.0678649
   9.7010517   0.0020758   0.0218616   0.0330571   0.0398424   0.0454086   0.0502774   0.0543730   0.0578761   0.0610838   0.0641749
   9.7230996   0.0082612   0.0310300   0.0357150   0.0389832   0.0428332   0.0469383   0.0507743   0.0542330   0.0574654   0.0606034
   9.7451474   0.0278318   0.0417931   0.0387840   0.0384676   0.0405754   0.0438598   0.0473771   0.0507509   0.0539840   0.0571527
   9.7671952   0.0651087   0.0520560   0.0416096   0.0380614   0.0385429   0.0410088   0.0441723   0.0474286   0.0506405   0.0538242
   9.7892431   0.1037589   0.0595322   0.0436046   0.0375502   0.0366471   0.0383503   0.0411485   0.0442635   0.0474349   0.0506191
   9.8112909   0.1131385   0.0624881   0.0443315   0.0367587   0.0348083   0.0358500   0.0382931   0.0412519   0.0443667   0.0475378
   9.8333388   0.0869456   0.0603595   0.0435606   0.0355643   0.0329614   0.0334761   0.0355932   0.0383893   0.0414346   0.0445804
   9.8553866   0.0531024   0.0538858   0.0412891   0.0339046   0.0310587   0.0312011   0.0330357   0.0356705   0.0386367   0.0417464
   9.8774345   0.0341859   0.0447027   0.0377191   0.0317776   0.0290714   0.0290026   0.0306086   0.0330903   0.0359709   0.0390349
   9.8994823   0.0259861   0.0346613   0.0332019   0.0292350   0.0269900   0.0268647   0.0283012   0.0306430   0.0334343   0.0364447
   9.9215302   0.0177727   0.0252505   0.0281627   0.0263704   0.0248221   0.0247772   0.0261044   0.0283231   0.0310242   0.0339743
   9.9435780   0.0089152   0.0173424   0.0230257   0.0233036   0.0225898   0.0227365   0.0240107   0.0261253   0.0287373   0.0316216
   9.9656258   0.0030846   0.0112379   0.0181518   0.0201649   0.0203260   0.0207437   0.0220148   0.0240449   0.0265702   0.0293846
   9.9876737   0.0007260   0.0068558   0.0138022   0.0170798   0.0180697   0.0188047   0.0201130   0.0220773   0.0245197   0.0272609
  10.0097215   0.0001159   0.0039201   0.0101257   0.0141577   0.0158624   0.0169285   0.0183035   0.0202185   0.0225822   0.0252479
  10.0317694   0.0000125   0.0020889   0.0071689   0.0114833   0.0137441   0.0151259   0.0165854   0.0184650   0.0207543   0.0233429
  10.0538172   0.0000009   0.0010313   0.0048988   0.0091133   0.0117502   0.0134087   0.0149592   0.0168137   0.0190326   0.0215430
  10.0758651   0.0000000   0.0004692   0.0032311   0.0070762   0.0099092   0.0117883   0.0134258   0.0152617   0.0174138   0.0198452
  10.0979129   0.0000000   0.0001959   0.0020567   0.0053758   0.0082416   0.0102749   0.0119866   0.0138066   0.0158945   0.0182465
  10.1199608   0.0000000   0.0000748   0.0012633   0.0039958   0.0067590   0.0088765   0.0106428   0.0124461   0.0144714   0.0167437
  10.1420086   0.0000000   0.0000261   0.0007485   0.0029059   0.0054652   0.0075988   0.0093955   0.0111780   0.0131413   0.0153337
  10.1640564   0.0000000   0.0000083   0.0004276   0.0020676   0.0043566   0.0064447   0.0082448   0.0100001   0.0119011   0.0140133
  10.1861043   0.0000000   0.0000024   0.0002354   0.0014395   0.0034235   0.0054143   0.0071905   0.0089100   0.0107474   0.0127790
  10.2081521   0.0000000   0.0000006   0.0001249   0.0009805   0.0026519   0.0045051   0.0062312   0.0079053   0.0096770   0.0116278
  10.2302000   0.0000000   0.0000001   0.0000638   0.0006535   0.0020248   0.0037122   0.0053648   0.0069834   0.0086869   0.0105563
  10.2522478   0.0000000   0.0000000   0.0000313   0.0004261   0.0015238   0.0030290   0.0045881   0.0061412   0.0077735   0.0095611
  10.2742957   0.0000000   0.0000000   0.0000148   0.0002719   0.0011303   0.0024471   0.0038974   0.0053757   0.0069337   0.0086389
  10.2963435   0.0000000   0.0000000   0.0000067   0.0001697   0.0008264   0.0019574   0.0032879   0.0046833   0.0061639   0.0077865
  10.3183914   0.0000000   0.0000000   0.0000029   0.0001036   0.0005955   0.0015500   0.0027543   0.0040603   0.0054609   0.0070004
  10.3404392   0.0000000   0.0000000   0.0000012   0.0000619   0.0004230   0.0012151   0.0022911   0.0035027   0.0048211   0.0062773
  10.3624870   0.0000000   0.0000000   0.0000005   0.0000362   0.0002961   0.0009430   0.0018922   0.0030065   0.0042410   0.0056141
  10.3845349   0.0000000   0.0000000   0.0000002   0.0000207   0.0002043   0.0007244   0.0015515   0.0025674   0.0037169   0.0050073
  10.4065827   0.0000000   0.0000000   0.0000001   0.0000116   0.0001389   0.0005509   0.0012629   0.0021810   0.0032454   0.0044537
  10.4286306   0.0000000   0.0000000   0.0000000   0.0000063   0.0000931   0.0004146   0.0010205   0.0018430   0.0028230   0.0039501
  10.4506784   0.0000000   0.0000000   0.0000000   0.0000034   0.0000615   0.0003089   0.0008185   0.0015491   0.0024460   0.0034934
  10.4727263   0.0000000   0.0000000   0.0000000   0.0000018   0.0000400   0.0002278   0.0006517   0.0012950   0.0021109   0.0030804
  10.4947741   0.0000000   0.0000000   0.0000000   0.0000009   0.0000257   0.0001663   0.0005150   0.0010767   0.0018145   0.0027081
  10.5168220   0.0000000   0.0000000   0.0000000   0.0000005   0.0000162   0.0001202   0.0004040   0.0008903   0.0015534   0.0023736
  10.5388698   0.0000000   0.0000000   0.0000000   0.0000002   0.0000101   0.0000859   0.0003145   0.0007321   0.0013244   0.0020740
  10.5609177   0.0000000   0.0000000   0.0000000   0.0000001   0.0000062   0.0000608   0.0002430   0.0005987   0.0011245   0.0018066
  10.5829655   0.0000000   0.0000000   0.0000000   0.0000000   0.0000038   0.0000426   0.0001864   0.0004868   0.0009508   0.0015687
  10.6050133   0.0000000   0.0000000   0.0000000   0.0000000   0.0000022   0.0000296   0.0001419   0.0003937   0.0008005   0.0013577
  10.6270612   0.0000000   0.0000000   0.0000000   0.0000000   0.0000013   0.0000203   0.0001072   0.0003165   0.0006710   0.0011713
  10.6491090   0.0000000   0.0000000   0.0000000   0.0000000   0.0000008   0.0000138   0.0000803   0.0002530   0.0005601   0.0010072
  10.6711569   0.0000000   0.0000000   0.0000000   0.0000000   0.0000004   0.0000093   0.0000598   0.0002011   0.0004655   0.0008632
  10.6932047   0.0000000   0.0000000   0.0000000   0.0000000   0.0000002   0.0000062   0.0000441   0.0001590   0.0003852   0.0007373
  10.7152526   0.0000000   0.0000000   0.0000000   0.0000000   0.0000001   0.0000041   0.0000323   0.0001249   0.0003173   0.0006277
  10.7373004   0.0000000   0.0000000   0.0000000   0.0000000   0.0000001   0.0000026   0.0000235   0.0000976   0.0002603   0.0005325
  10.7593483   0.0000000   0.0000000   0.0000000   0.0000000   0.0000000   0.0000017   0.0000170   0.0000758   0.0002125   0.0004502
  10.7813961   0.0000000   0.0000000   0.0000000   0.0000000   0.0000000   0.0000011   0.0000122   0.0000585   0.0001728   0.0003794
  10.8034439   0.0000000   0.0000000   0.0000000   0.0000000   0.0000000   0.0000007   0.0000086   0.0000449   0.0001398   0.0003185
  10.8254918   0.0000000   0.0000000   0.0000000   0.0000000   0.0000000   0.0000004   0.0000061   0.0000343   0.0001127   0.0002665
  10.8475396   0.0000000   0.0000000   0.0000000   0.0000000   0.0000000   0.0000003   0.0000043   0.0000260   0.0000904   0.0002222
  10.8695875   0.0000000   0.0000000   0.0000000   0.0000000   0.0000000   0.0000002   0.0000030   0.0000196   0.0000721   0.0001846
  10.8916353   0.0000000   0.0000000   0.0000000   0.0000000   0.0000000   0.0000001   0.0000020   0.0000147   0.0000573   0.0001528
  10.9136832   0.0000000   0.0000000   0.0000000   0.0000000   0.0000000   0.0000001   0.0000014   0.0000110   0.0000454   0.0001260
  10.9357310   0.0000000   0.0000000   0.0000000   0.0000000   0.0000000   0.0000000   0.0000009   0.0000081   0.0000357   0.0001036
  10.9577789   0.0000000   0.0000000   0.0000000   0.0000000   0.0000000   0.0000000   0.0000006   0.0000060   0.0000280   0.0000848
  10.9798267   0.0000000   0.0000000   0.0000000   0.0000000   0.0000000   0.0000000   0.0000004   0.0000044   0.0000219   0.0000692
  11.0018745   0.0000000   0.0000000   0.0000000   0.0000000   0.0000000   0.0000000   0.0000003   0.0000032   0.0000170   0.0000563
  11.0239224   0.0000000   0.0000000   0.0000000   0.0000000   0.0000000   0.0000000   0.0000002   0.0000023   0.0000131   0.0000456
 Integrated el-ph coupling
  #            0.3419399   0.3419957   0.3420888   0.3422196   0.3423883   0.3425953   0.3428413   0.3431268   0.3434527   0.3438195
 Phonon smearing (meV)
  #            0.0500000   0.1000000   0.1500000   0.2000000   0.2500000   0.3000000   0.3500000   0.4000000   0.4500000   0.5000000
 Electron smearing (eV)   0.0500000
 Fermi window (eV)   6.0000000
 Summed el-ph coupling    0.3419213
