   0.0220478   0.0000000   0.0000000   0.0000000   0.0000000   0.0000000   0.0000000   0.0000000   0.0000000   0.0000000   0.0000000
   0.0440957   0.0000000   0.0000000   0.0000000   0.0000000   0.0000000   0.0000000   0.0000000   0.0000000   0.0000000   0.0000000
   0.0661435   0.0000000   0.0000000   0.0000000   0.0000000   0.0000000   0.0000000   0.0000000   0.0000000   0.0000000   0.0000000
   0.0881914   0.0000000   0.0000000   0.0000000   0.0000000   0.0000000   0.0000000   0.0000000   0.0000000   0.0000000   0.0000000
   0.1102392   0.0000000   0.0000000   0.0000000   0.0000000   0.0000000   0.0000000   0.0000000   0.0000000   0.0000000   0.0000000
   0.1322871   0.0000000   0.0000000   0.0000000   0.0000000   0.0000000   0.0000000   0.0000000   0.0000000   0.0000000   0.0000000
   0.1543349   0.0000000   0.0000000   0.0000000   0.0000000   0.0000000   0.0000000   0.0000000   0.0000000   0.0000000   0.0000000
   0.1763828   0.0000000   0.0000000   0.0000000   0.0000000   0.0000000   0.0000000   0.0000000   0.0000000   0.0000000   0.0000000
   0.1984306   0.0000000   0.0000000   0.0000000   0.0000000   0.0000000   0.0000000   0.0000000   0.0000000   0.0000000   0.0000000
   0.2204784   0.0000000   0.0000000   0.0000000   0.0000000   0.0000000   0.0000000   0.0000000   0.0000000   0.0000000   0.0000000
   0.2425263   0.0000000   0.0000000   0.0000000   0.0000000   0.0000000   0.0000000   0.0000000   0.0000000   0.0000000   0.0000000
   0.2645741   0.0000000   0.0000000   0.0000000   0.0000000   0.0000000   0.0000000   0.0000000   0.0000000   0.0000000   0.0000000
   0.2866220   0.0000000   0.0000000   0.0000000   0.0000000   0.0000000   0.0000000   0.0000000   0.0000000   0.0000000   0.0000000
   0.3086698   0.0000000   0.0000000   0.0000000   0.0000000   0.0000000   0.0000000   0.0000000   0.0000000   0.0000000   0.0000000
   0.3307177   0.0000000   0.0000000   0.0000000   0.0000000   0.0000000   0.0000000   0.0000000   0.0000000   0.0000000   0.0000000
   0.3527655   0.0000000   0.0000000   0.0000000   0.0000000   0.0000000   0.0000000   0.0000000   0.0000000   0.0000000   0.0000000
   0.3748134   0.0000000   0.0000000   0.0000000   0.0000000   0.0000000   0.0000000   0.0000000   0.0000000   0.0000000   0.0000000
   0.3968612   0.0000000   0.0000000   0.0000000   0.0000000   0.0000000   0.0000000   0.0000000   0.0000000   0.0000000   0.0000000
   0.4189091   0.0000000   0.0000000   0.0000000   0.0000000   0.0000000   0.0000000   0.0000000   0.0000000   0.0000000   0.0000000
   0.4409569   0.0000000   0.0000000   0.0000000   0.0000000   0.0000000   0.0000000   0.0000000   0.0000000   0.0000000   0.0000000
   0.4630047   0.0000000   0.0000000   0.0000000   0.0000000   0.0000000   0.0000000   0.0000000   0.0000000   0.0000000   0.0000000
   0.4850526   0.0000000   0.0000000   0.0000000   0.0000000   0.0000000   0.0000000   0.0000000   0.0000000   0.0000000   0.0000000
   0.5071004   0.0000000   0.0000000   0.0000000   0.0000000   0.0000000   0.0000000   0.0000000   0.0000000   0.0000000   0.0000000
   0.5291483   0.0000000   0.0000000   0.0000000   0.0000000   0.0000000   0.0000000   0.0000000   0.0000000   0.0000000   0.0000000
   0.5511961   0.0000000   0.0000000   0.0000000   0.0000000   0.0000000   0.0000000   0.0000000   0.0000000   0.0000000   0.0000000
   0.5732440   0.0000000   0.0000000   0.0000000   0.0000000   0.0000000   0.0000000   0.0000000   0.0000000   0.0000000   0.0000000
   0.5952918   0.0000000   0.0000000   0.0000000   0.0000000   0.0000000   0.0000000   0.0000000   0.0000000   0.0000000   0.0000000
   0.6173397   0.0000000   0.0000000   0.0000000   0.0000000   0.0000000   0.0000000   0.0000000   0.0000000   0.0000000   0.0000000
   0.6393875   0.0000000   0.0000000   0.0000000   0.0000000   0.0000000   0.0000000   0.0000000   0.0000000   0.0000000   0.0000000
   0.6614353   0.0000000   0.0000000   0.0000000   0.0000000   0.0000000   0.0000000   0.0000000   0.0000000   0.0000000   0.0000000
   0.6834832   0.0000000   0.0000000   0.0000000   0.0000000   0.0000000   0.0000000   0.0000000   0.0000000   0.0000000   0.0000000
   0.7055310   0.0000000   0.0000000   0.0000000   0.0000000   0.0000000   0.0000000   0.0000000   0.0000000   0.0000000   0.0000000
   0.7275789   0.0000000   0.0000000   0.0000000   0.0000000   0.0000000   0.0000000   0.0000000   0.0000000   0.0000000   0.0000000
   0.7496267   0.0000000   0.0000000   0.0000000   0.0000000   0.0000000   0.0000000   0.0000000   0.0000000   0.0000000   0.0000000
   0.7716746   0.0000000   0.0000000   0.0000000   0.0000000   0.0000000   0.0000000   0.0000000   0.0000000   0.0000000   0.0000000
   0.7937224   0.0000000   0.0000000   0.0000000   0.0000000   0.0000000   0.0000000   0.0000000   0.0000000   0.0000000   0.0000000
   0.8157703   0.0000000   0.0000000   0.0000000   0.0000000   0.0000000   0.0000000   0.0000000   0.0000000   0.0000000   0.0000000
   0.8378181   0.0000000   0.0000000   0.0000000   0.0000000   0.0000000   0.0000000   0.0000000   0.0000000   0.0000000   0.0000000
   0.8598659   0.0000000   0.0000000   0.0000000   0.0000000   0.0000000   0.0000000   0.0000000   0.0000000   0.0000000   0.0000000
   0.8819138   0.0000000   0.0000000   0.0000000   0.0000000   0.0000000   0.0000000   0.0000000   0.0000000   0.0000000   0.0000000
   0.9039616   0.0000000   0.0000000   0.0000000   0.0000000   0.0000000   0.0000000   0.0000000   0.0000000   0.0000000   0.0000000
   0.9260095   0.0000000   0.0000000   0.0000000   0.0000000   0.0000000   0.0000000   0.0000000   0.0000000   0.0000000   0.0000000
   0.9480573   0.0000000   0.0000000   0.0000000   0.0000000   0.0000000   0.0000000   0.0000000   0.0000000   0.0000000   0.0000000
   0.9701052   0.0000000   0.0000000   0.0000000   0.0000000   0.0000000   0.0000000   0.0000000   0.0000000   0.0000000   0.0000000
   0.9921530   0.0000000   0.0000000   0.0000000   0.0000000   0.0000000   0.0000000   0.0000000   0.0000000   0.0000000   0.0000000
   1.0142009   0.0000000   0.0000000   0.0000000   0.0000000   0.0000000   0.0000000   0.0000000   0.0000000   0.0000000   0.0000000
   1.0362487   0.0000000   0.0000000   0.0000000   0.0000000   0.0000000   0.0000000   0.0000000   0.0000000   0.0000000   0.0000000
   1.0582965   0.0000000   0.0000000   0.0000000   0.0000000   0.0000000   0.0000000   0.0000000   0.0000000   0.0000000   0.0000000
   1.0803444   0.0000000   0.0000000   0.0000000   0.0000000   0.0000000   0.0000000   0.0000000   0.0000000   0.0000000   0.0000000
   1.1023922   0.0000000   0.0000000   0.0000000   0.0000000   0.0000000   0.0000000   0.0000000   0.0000000   0.0000000   0.0000000
   1.1244401   0.0000000   0.0000000   0.0000000   0.0000000   0.0000000   0.0000000   0.0000000   0.0000000   0.0000000   0.0000000
   1.1464879   0.0000000   0.0000000   0.0000000   0.0000000   0.0000000   0.0000000   0.0000000   0.0000000   0.0000000   0.0000000
   1.1685358   0.0000000   0.0000000   0.0000000   0.0000000   0.0000000   0.0000000   0.0000000   0.0000000   0.0000000   0.0000000
   1.1905836   0.0000000   0.0000000   0.0000000   0.0000000   0.0000000   0.0000000   0.0000000   0.0000000   0.0000000   0.0000000
   1.2126315   0.0000000   0.0000000   0.0000000   0.0000000   0.0000000   0.0000000   0.0000000   0.0000000   0.0000000   0.0000000
   1.2346793   0.0000000   0.0000000   0.0000000   0.0000000   0.0000000   0.0000000   0.0000000   0.0000000   0.0000000   0.0000000
   1.2567272   0.0000000   0.0000000   0.0000000   0.0000000   0.0000000   0.0000000   0.0000000   0.0000000   0.0000000   0.0000000
   1.2787750   0.0000000   0.0000000   0.0000000   0.0000000   0.0000000   0.0000000   0.0000000   0.0000000   0.0000000   0.0000000
   1.3008228   0.0000000   0.0000000   0.0000000   0.0000000   0.0000000   0.0000000   0.0000000   0.0000000   0.0000000   0.0000000
   1.3228707   0.0000000   0.0000000   0.0000000   0.0000000   0.0000000   0.0000000   0.0000000   0.0000000   0.0000000   0.0000000
   1.3449185   0.0000000   0.0000000   0.0000000   0.0000000   0.0000000   0.0000000   0.0000000   0.0000000   0.0000000   0.0000000
   1.3669664   0.0000000   0.0000000   0.0000000   0.0000000   0.0000000   0.0000000   0.0000000   0.0000000   0.0000000   0.0000000
   1.3890142   0.0000000   0.0000000   0.0000000   0.0000000   0.0000000   0.0000000   0.0000000   0.0000000   0.0000000   0.0000000
   1.4110621   0.0000000   0.0000000   0.0000000   0.0000000   0.0000000   0.0000000   0.0000000   0.0000000   0.0000000   0.0000000
   1.4331099   0.0000000   0.0000000   0.0000000   0.0000000   0.0000000   0.0000000   0.0000000   0.0000000   0.0000000   0.0000000
   1.4551578   0.0000000   0.0000000   0.0000000   0.0000000   0.0000000   0.0000000   0.0000000   0.0000000   0.0000000   0.0000000
   1.4772056   0.0000000   0.0000000   0.0000000   0.0000000   0.0000000   0.0000000   0.0000000   0.0000000   0.0000000   0.0000000
   1.4992534   0.0000000   0.0000000   0.0000000   0.0000000   0.0000000   0.0000000   0.0000000   0.0000000   0.0000000   0.0000000
   1.5213013   0.0000000   0.0000000   0.0000000   0.0000000   0.0000000   0.0000000   0.0000000   0.0000000   0.0000000   0.0000000
   1.5433491   0.0000000   0.0000000   0.0000000   0.0000000   0.0000000   0.0000000   0.0000000   0.0000000   0.0000000   0.0000000
   1.5653970   0.0000000   0.0000000   0.0000000   0.0000000   0.0000000   0.0000000   0.0000000   0.0000000   0.0000000   0.0000000
   1.5874448   0.0000000   0.0000000   0.0000000   0.0000000   0.0000000   0.0000000   0.0000000   0.0000000   0.0000000   0.0000000
   1.6094927   0.0000000   0.0000000   0.0000000   0.0000000   0.0000000   0.0000000   0.0000000   0.0000000   0.0000000   0.0000000
   1.6315405   0.0000000   0.0000000   0.0000000   0.0000000   0.0000000   0.0000000   0.0000000   0.0000000   0.0000000   0.0000000
   1.6535884   0.0000000   0.0000000   0.0000000   0.0000000   0.0000000   0.0000000   0.0000000   0.0000000   0.0000000   0.0000000
   1.6756362   0.0000000   0.0000000   0.0000000   0.0000000   0.0000000   0.0000000   0.0000000   0.0000000   0.0000000   0.0000000
   1.6976840   0.0000000   0.0000000   0.0000000   0.0000000   0.0000000   0.0000000   0.0000000   0.0000000   0.0000000   0.0000000
   1.7197319   0.0000000   0.0000000   0.0000000   0.0000000   0.0000000   0.0000000   0.0000000   0.0000000   0.0000000   0.0000000
   1.7417797   0.0000000   0.0000000   0.0000000   0.0000000   0.0000000   0.0000000   0.0000000   0.0000000   0.0000000   0.0000000
   1.7638276   0.0000000   0.0000000   0.0000000   0.0000000   0.0000000   0.0000000   0.0000000   0.0000000   0.0000000   0.0000000
   1.7858754   0.0000000   0.0000000   0.0000000   0.0000000   0.0000000   0.0000000   0.0000000   0.0000000   0.0000000   0.0000000
   1.8079233   0.0000000   0.0000000   0.0000000   0.0000000   0.0000000   0.0000000   0.0000000   0.0000000   0.0000000   0.0000000
   1.8299711   0.0000000   0.0000000   0.0000000   0.0000000   0.0000000   0.0000000   0.0000000   0.0000000   0.0000000   0.0000000
   1.8520190   0.0000000   0.0000000   0.0000000   0.0000000   0.0000000   0.0000000   0.0000000   0.0000000   0.0000000   0.0000000
   1.8740668   0.0000000   0.0000000   0.0000000   0.0000000   0.0000000   0.0000000   0.0000000   0.0000000   0.0000000   0.0000000
   1.8961147   0.0000000   0.0000000   0.0000000   0.0000000   0.0000000   0.0000000   0.0000000   0.0000000   0.0000000   0.0000000
   1.9181625   0.0000000   0.0000000   0.0000000   0.0000000   0.0000000   0.0000000   0.0000000   0.0000000   0.0000000   0.0000000
   1.9402103   0.0000000   0.0000000   0.0000000   0.0000000   0.0000000   0.0000000   0.0000000   0.0000000   0.0000000   0.0000000
   1.9622582   0.0000000   0.0000000   0.0000000   0.0000000   0.0000000   0.0000000   0.0000000   0.0000000   0.0000000   0.0000000
   1.9843060   0.0000000   0.0000000   0.0000000   0.0000000   0.0000000   0.0000000   0.0000000   0.0000000   0.0000000   0.0000000
   2.0063539   0.0000000   0.0000000   0.0000000   0.0000000   0.0000000   0.0000000   0.0000000   0.0000000   0.0000000   0.0000000
   2.0284017   0.0000000   0.0000000   0.0000000   0.0000000   0.0000000   0.0000000   0.0000000   0.0000000   0.0000000   0.0000000
   2.0504496   0.0000000   0.0000000   0.0000000   0.0000000   0.0000000   0.0000000   0.0000000   0.0000000   0.0000000   0.0000000
   2.0724974   0.0000000   0.0000000   0.0000000   0.0000000   0.0000000   0.0000000   0.0000000   0.0000000   0.0000000   0.0000000
   2.0945453   0.0000000   0.0000000   0.0000000   0.0000000   0.0000000   0.0000000   0.0000000   0.0000000   0.0000000   0.0000000
   2.1165931   0.0000000   0.0000000   0.0000000   0.0000000   0.0000000   0.0000000   0.0000000   0.0000000   0.0000000   0.0000000
   2.1386409   0.0000000   0.0000000   0.0000000   0.0000000   0.0000000   0.0000000   0.0000000   0.0000000   0.0000000   0.0000000
   2.1606888   0.0000000   0.0000000   0.0000000   0.0000000   0.0000000   0.0000000   0.0000000   0.0000000   0.0000000   0.0000000
   2.1827366   0.0000000   0.0000000   0.0000000   0.0000000   0.0000000   0.0000000   0.0000000   0.0000000   0.0000000   0.0000000
   2.2047845   0.0000000   0.0000000   0.0000000   0.0000000   0.0000000   0.0000000   0.0000000   0.0000000   0.0000000   0.0000000
   2.2268323   0.0000000   0.0000000   0.0000000   0.0000000   0.0000000   0.0000000   0.0000000   0.0000000   0.0000000   0.0000000
   2.2488802   0.0000000   0.0000000   0.0000000   0.0000000   0.0000000   0.0000000   0.0000000   0.0000000   0.0000000   0.0000000
   2.2709280   0.0000000   0.0000000   0.0000000   0.0000000   0.0000000   0.0000000   0.0000000   0.0000000   0.0000000   0.0000000
   2.2929759   0.0000000   0.0000000   0.0000000   0.0000000   0.0000000   0.0000000   0.0000000   0.0000000   0.0000000   0.0000000
   2.3150237   0.0000000   0.0000000   0.0000000   0.0000000   0.0000000   0.0000000   0.0000000   0.0000000   0.0000000   0.0000000
   2.3370715   0.0000000   0.0000000   0.0000000   0.0000000   0.0000000   0.0000000   0.0000000   0.0000000   0.0000000   0.0000000
   2.3591194   0.0000000   0.0000000   0.0000000   0.0000000   0.0000000   0.0000000   0.0000000   0.0000000   0.0000000   0.0000000
   2.3811672   0.0000000   0.0000000   0.0000000   0.0000000   0.0000000   0.0000000   0.0000000   0.0000000   0.0000000   0.0000000
   2.4032151   0.0000000   0.0000000   0.0000000   0.0000000   0.0000000   0.0000000   0.0000000   0.0000000   0.0000000   0.0000000
   2.4252629   0.0000000   0.0000000   0.0000000   0.0000000   0.0000000   0.0000000   0.0000000   0.0000000   0.0000000   0.0000001
   2.4473108   0.0000000   0.0000000   0.0000000   0.0000000   0.0000000   0.0000000   0.0000000   0.0000000   0.0000000   0.0000001
   2.4693586   0.0000000   0.0000000   0.0000000   0.0000000   0.0000000   0.0000000   0.0000000   0.0000000   0.0000001   0.0000001
   2.4914065   0.0000000   0.0000000   0.0000000   0.0000000   0.0000000   0.0000000   0.0000000   0.0000000   0.0000001   0.0000001
   2.5134543   0.0000000   0.0000000   0.0000000   0.0000000   0.0000000   0.0000000   0.0000000   0.0000001   0.0000001   0.0000001
   2.5355022   0.0000000   0.0000000   0.0000000   0.0000000   0.0000000   0.0000000   0.0000000   0.0000001   0.0000001   0.0000001
   2.5575500   0.0000000   0.0000000   0.0000000   0.0000000   0.0000000   0.0000000   0.0000000   0.0000001   0.0000001   0.0000001
   2.5795978   0.0000000   0.0000000   0.0000000   0.0000000   0.0000000   0.0000000   0.0000001   0.0000001   0.0000001   0.0000001
   2.6016457   0.0000000   0.0000000   0.0000000   0.0000000   0.0000000   0.0000000   0.0000001   0.0000001   0.0000001   0.0000001
   2.6236935   0.0000000   0.0000000   0.0000000   0.0000000   0.0000000   0.0000001   0.0000001   0.0000001   0.0000001   0.0000001
   2.6457414   0.0000000   0.0000000   0.0000000   0.0000000   0.0000000   0.0000001   0.0000001   0.0000001   0.0000001   0.0000001
   2.6677892   0.0000000   0.0000000   0.0000000   0.0000000   0.0000001   0.0000001   0.0000001   0.0000001   0.0000001   0.0000002
   2.6898371   0.0000000   0.0000000   0.0000001   0.0000001   0.0000001   0.0000001   0.0000001   0.0000001   0.0000002   0.0000002
   2.7118849   0.0000000   0.0000001   0.0000001   0.0000001   0.0000001   0.0000001   0.0000001   0.0000001   0.0000002   0.0000002
   2.7339328   0.0000000   0.0000001   0.0000001   0.0000001   0.0000001   0.0000001   0.0000001   0.0000002   0.0000002   0.0000002
   2.7559806   0.0000001   0.0000001   0.0000001   0.0000001   0.0000001   0.0000001   0.0000002   0.0000002   0.0000002   0.0000002
   2.7780284   0.0000002   0.0000001   0.0000001   0.0000001   0.0000001   0.0000002   0.0000002   0.0000002   0.0000002   0.0000002
   2.8000763   0.0000003   0.0000001   0.0000001   0.0000001   0.0000001   0.0000002   0.0000002   0.0000002   0.0000002   0.0000002
   2.8221241   0.0000003   0.0000001   0.0000001   0.0000001   0.0000002   0.0000002   0.0000002   0.0000002   0.0000002   0.0000003
   2.8441720   0.0000002   0.0000001   0.0000001   0.0000001   0.0000002   0.0000002   0.0000002   0.0000003   0.0000003   0.0000003
   2.8662198   0.0000001   0.0000001   0.0000001   0.0000002   0.0000002   0.0000003   0.0000003   0.0000003   0.0000003   0.0000003
   2.8882677   0.0000000   0.0000001   0.0000001   0.0000002   0.0000002   0.0000003   0.0000003   0.0000003   0.0000003   0.0000003
   2.9103155   0.0000000   0.0000001   0.0000001   0.0000002   0.0000003   0.0000003   0.0000003   0.0000003   0.0000003   0.0000003
   2.9323634   0.0000000   0.0000000   0.0000001   0.0000003   0.0000003   0.0000003   0.0000003   0.0000003   0.0000003   0.0000003
   2.9544112   0.0000000   0.0000000   0.0000002   0.0000003   0.0000004   0.0000004   0.0000004   0.0000004   0.0000003   0.0000004
   2.9764590   0.0000000   0.0000001   0.0000003   0.0000004   0.0000004   0.0000004   0.0000004   0.0000004   0.0000004   0.0000004
   2.9985069   0.0000000   0.0000001   0.0000003   0.0000004   0.0000005   0.0000004   0.0000004   0.0000004   0.0000004   0.0000004
   3.0205547   0.0000000   0.0000002   0.0000005   0.0000005   0.0000005   0.0000005   0.0000004   0.0000004   0.0000004   0.0000004
   3.0426026   0.0000000   0.0000004   0.0000006   0.0000006   0.0000006   0.0000005   0.0000005   0.0000004   0.0000004   0.0000004
   3.0646504   0.0000001   0.0000006   0.0000007   0.0000007   0.0000006   0.0000005   0.0000005   0.0000004   0.0000004   0.0000005
   3.0866983   0.0000003   0.0000009   0.0000009   0.0000007   0.0000006   0.0000005   0.0000005   0.0000004   0.0000004   0.0000005
   3.1087461   0.0000009   0.0000012   0.0000010   0.0000008   0.0000007   0.0000006   0.0000005   0.0000005   0.0000005   0.0000005
   3.1307940   0.0000021   0.0000015   0.0000011   0.0000008   0.0000007   0.0000006   0.0000005   0.0000005   0.0000005   0.0000005
   3.1528418   0.0000031   0.0000017   0.0000011   0.0000008   0.0000007   0.0000006   0.0000005   0.0000005   0.0000005   0.0000006
   3.1748896   0.0000033   0.0000017   0.0000011   0.0000008   0.0000007   0.0000006   0.0000005   0.0000005   0.0000005   0.0000006
   3.1969375   0.0000023   0.0000015   0.0000011   0.0000008   0.0000007   0.0000006   0.0000005   0.0000005   0.0000005   0.0000006
   3.2189853   0.0000011   0.0000013   0.0000010   0.0000008   0.0000006   0.0000006   0.0000005   0.0000005   0.0000006   0.0000007
   3.2410332   0.0000004   0.0000010   0.0000009   0.0000007   0.0000006   0.0000005   0.0000005   0.0000005   0.0000006   0.0000007
   3.2630810   0.0000001   0.0000007   0.0000007   0.0000007   0.0000006   0.0000005   0.0000005   0.0000005   0.0000006   0.0000008
   3.2851289   0.0000000   0.0000004   0.0000006   0.0000006   0.0000005   0.0000005   0.0000005   0.0000006   0.0000007   0.0000008
   3.3071767   0.0000000   0.0000002   0.0000005   0.0000005   0.0000005   0.0000005   0.0000005   0.0000006   0.0000007   0.0000009
   3.3292246   0.0000000   0.0000001   0.0000003   0.0000004   0.0000004   0.0000005   0.0000005   0.0000006   0.0000008   0.0000009
   3.3512724   0.0000000   0.0000001   0.0000002   0.0000004   0.0000004   0.0000004   0.0000005   0.0000007   0.0000008   0.0000010
   3.3733203   0.0000000   0.0000000   0.0000002   0.0000003   0.0000004   0.0000004   0.0000005   0.0000007   0.0000009   0.0000011
   3.3953681   0.0000000   0.0000000   0.0000001   0.0000002   0.0000003   0.0000004   0.0000006   0.0000008   0.0000010   0.0000012
   3.4174159   0.0000000   0.0000000   0.0000001   0.0000002   0.0000003   0.0000004   0.0000006   0.0000008   0.0000010   0.0000013
   3.4394638   0.0000000   0.0000000   0.0000000   0.0000001   0.0000002   0.0000004   0.0000006   0.0000009   0.0000011   0.0000014
   3.4615116   0.0000000   0.0000000   0.0000000   0.0000001   0.0000002   0.0000004   0.0000007   0.0000010   0.0000012   0.0000015
   3.4835595   0.0000000   0.0000000   0.0000000   0.0000001   0.0000002   0.0000005   0.0000008   0.0000011   0.0000014   0.0000016
   3.5056073   0.0000000   0.0000000   0.0000000   0.0000001   0.0000002   0.0000005   0.0000009   0.0000012   0.0000015   0.0000018
   3.5276552   0.0000000   0.0000000   0.0000000   0.0000001   0.0000003   0.0000006   0.0000010   0.0000013   0.0000016   0.0000019
   3.5497030   0.0000000   0.0000000   0.0000000   0.0000001   0.0000003   0.0000007   0.0000011   0.0000015   0.0000018   0.0000020
   3.5717509   0.0000000   0.0000000   0.0000000   0.0000001   0.0000004   0.0000008   0.0000012   0.0000016   0.0000019   0.0000022
   3.5937987   0.0000000   0.0000000   0.0000000   0.0000001   0.0000005   0.0000010   0.0000014   0.0000018   0.0000021   0.0000024
   3.6158465   0.0000000   0.0000000   0.0000000   0.0000002   0.0000006   0.0000011   0.0000016   0.0000020   0.0000023   0.0000026
   3.6378944   0.0000000   0.0000000   0.0000000   0.0000003   0.0000008   0.0000014   0.0000018   0.0000022   0.0000025   0.0000027
   3.6599422   0.0000000   0.0000000   0.0000001   0.0000004   0.0000010   0.0000016   0.0000021   0.0000025   0.0000027   0.0000029
   3.6819901   0.0000000   0.0000000   0.0000001   0.0000006   0.0000013   0.0000019   0.0000024   0.0000027   0.0000030   0.0000031
   3.7040379   0.0000000   0.0000000   0.0000002   0.0000009   0.0000016   0.0000022   0.0000026   0.0000030   0.0000032   0.0000033
   3.7260858   0.0000000   0.0000000   0.0000003   0.0000012   0.0000020   0.0000026   0.0000030   0.0000032   0.0000034   0.0000036
   3.7481336   0.0000000   0.0000000   0.0000006   0.0000016   0.0000024   0.0000029   0.0000033   0.0000035   0.0000037   0.0000038
   3.7701815   0.0000000   0.0000001   0.0000009   0.0000021   0.0000029   0.0000034   0.0000036   0.0000038   0.0000039   0.0000040
   3.7922293   0.0000000   0.0000002   0.0000014   0.0000027   0.0000034   0.0000038   0.0000040   0.0000041   0.0000042   0.0000042
   3.8142771   0.0000000   0.0000004   0.0000021   0.0000034   0.0000040   0.0000042   0.0000044   0.0000044   0.0000044   0.0000044
   3.8363250   0.0000000   0.0000009   0.0000031   0.0000042   0.0000046   0.0000047   0.0000047   0.0000047   0.0000047   0.0000046
   3.8583728   0.0000000   0.0000018   0.0000042   0.0000051   0.0000052   0.0000051   0.0000051   0.0000050   0.0000050   0.0000049
   3.8804207   0.0000002   0.0000033   0.0000056   0.0000060   0.0000058   0.0000056   0.0000055   0.0000053   0.0000052   0.0000051
   3.9024685   0.0000007   0.0000055   0.0000071   0.0000069   0.0000064   0.0000060   0.0000058   0.0000056   0.0000055   0.0000053
   3.9245164   0.0000023   0.0000083   0.0000086   0.0000077   0.0000069   0.0000065   0.0000062   0.0000059   0.0000057   0.0000055
   3.9465642   0.0000069   0.0000117   0.0000101   0.0000084   0.0000074   0.0000069   0.0000065   0.0000062   0.0000059   0.0000057
   3.9686121   0.0000161   0.0000149   0.0000112   0.0000090   0.0000079   0.0000073   0.0000068   0.0000065   0.0000061   0.0000058
   3.9906599   0.0000279   0.0000173   0.0000120   0.0000095   0.0000083   0.0000076   0.0000071   0.0000067   0.0000064   0.0000060
   4.0127078   0.0000347   0.0000183   0.0000124   0.0000098   0.0000086   0.0000079   0.0000074   0.0000069   0.0000065   0.0000062
   4.0347556   0.0000305   0.0000176   0.0000122   0.0000099   0.0000089   0.0000082   0.0000076   0.0000072   0.0000067   0.0000063
   4.0568034   0.0000190   0.0000155   0.0000117   0.0000099   0.0000090   0.0000084   0.0000079   0.0000073   0.0000069   0.0000065
   4.0788513   0.0000084   0.0000124   0.0000107   0.0000098   0.0000092   0.0000086   0.0000081   0.0000075   0.0000070   0.0000066
   4.1008991   0.0000027   0.0000090   0.0000096   0.0000096   0.0000093   0.0000088   0.0000082   0.0000076   0.0000071   0.0000067
   4.1229470   0.0000006   0.0000061   0.0000085   0.0000094   0.0000094   0.0000089   0.0000083   0.0000078   0.0000072   0.0000067
   4.1449948   0.0000001   0.0000038   0.0000076   0.0000092   0.0000094   0.0000090   0.0000084   0.0000078   0.0000073   0.0000068
   4.1670427   0.0000000   0.0000025   0.0000071   0.0000091   0.0000094   0.0000091   0.0000085   0.0000079   0.0000073   0.0000069
   4.1890905   0.0000000   0.0000022   0.0000069   0.0000091   0.0000094   0.0000091   0.0000085   0.0000079   0.0000074   0.0000069
   4.2111384   0.0000001   0.0000028   0.0000073   0.0000092   0.0000094   0.0000091   0.0000085   0.0000079   0.0000074   0.0000069
   4.2331862   0.0000002   0.0000044   0.0000080   0.0000093   0.0000094   0.0000090   0.0000085   0.0000079   0.0000074   0.0000069
   4.2552340   0.0000007   0.0000069   0.0000090   0.0000096   0.0000094   0.0000089   0.0000084   0.0000078   0.0000073   0.0000069
   4.2772819   0.0000033   0.0000102   0.0000102   0.0000098   0.0000094   0.0000088   0.0000083   0.0000077   0.0000073   0.0000068
   4.2993297   0.0000106   0.0000137   0.0000113   0.0000100   0.0000093   0.0000087   0.0000081   0.0000076   0.0000072   0.0000068
   4.3213776   0.0000234   0.0000167   0.0000121   0.0000101   0.0000091   0.0000085   0.0000080   0.0000075   0.0000071   0.0000067
   4.3434254   0.0000353   0.0000185   0.0000126   0.0000101   0.0000089   0.0000083   0.0000078   0.0000074   0.0000070   0.0000066
   4.3654733   0.0000361   0.0000187   0.0000126   0.0000099   0.0000087   0.0000080   0.0000076   0.0000072   0.0000068   0.0000065
   4.3875211   0.0000252   0.0000170   0.0000121   0.0000095   0.0000083   0.0000077   0.0000073   0.0000070   0.0000067   0.0000064
   4.4095690   0.0000120   0.0000141   0.0000111   0.0000090   0.0000080   0.0000074   0.0000071   0.0000068   0.0000065   0.0000063
   4.4316168   0.0000039   0.0000106   0.0000098   0.0000084   0.0000075   0.0000071   0.0000068   0.0000066   0.0000064   0.0000062
   4.4536646   0.0000009   0.0000073   0.0000083   0.0000076   0.0000070   0.0000067   0.0000065   0.0000063   0.0000062   0.0000060
   4.4757125   0.0000001   0.0000045   0.0000067   0.0000068   0.0000065   0.0000063   0.0000062   0.0000061   0.0000060   0.0000059
   4.4977603   0.0000000   0.0000026   0.0000053   0.0000059   0.0000059   0.0000059   0.0000059   0.0000059   0.0000058   0.0000057
   4.5198082   0.0000000   0.0000014   0.0000040   0.0000051   0.0000054   0.0000055   0.0000056   0.0000056   0.0000056   0.0000056
   4.5418560   0.0000000   0.0000007   0.0000029   0.0000043   0.0000049   0.0000051   0.0000053   0.0000054   0.0000054   0.0000054
   4.5639039   0.0000000   0.0000005   0.0000021   0.0000036   0.0000044   0.0000048   0.0000050   0.0000051   0.0000052   0.0000053
   4.5859517   0.0000001   0.0000004   0.0000015   0.0000030   0.0000039   0.0000044   0.0000047   0.0000049   0.0000050   0.0000051
   4.6079996   0.0000002   0.0000005   0.0000012   0.0000025   0.0000035   0.0000041   0.0000045   0.0000047   0.0000049   0.0000050
   4.6300474   0.0000006   0.0000005   0.0000009   0.0000021   0.0000031   0.0000038   0.0000042   0.0000045   0.0000047   0.0000048
   4.6520952   0.0000011   0.0000006   0.0000008   0.0000019   0.0000029   0.0000035   0.0000040   0.0000043   0.0000045   0.0000047
   4.6741431   0.0000013   0.0000007   0.0000008   0.0000017   0.0000026   0.0000033   0.0000037   0.0000041   0.0000043   0.0000045
   4.6961909   0.0000010   0.0000007   0.0000009   0.0000017   0.0000025   0.0000031   0.0000035   0.0000039   0.0000042   0.0000044
   4.7182388   0.0000006   0.0000006   0.0000011   0.0000017   0.0000024   0.0000029   0.0000034   0.0000037   0.0000040   0.0000043
   4.7402866   0.0000002   0.0000007   0.0000013   0.0000018   0.0000023   0.0000028   0.0000032   0.0000036   0.0000039   0.0000042
   4.7623345   0.0000001   0.0000008   0.0000016   0.0000020   0.0000023   0.0000027   0.0000031   0.0000035   0.0000038   0.0000040
   4.7843823   0.0000000   0.0000012   0.0000020   0.0000021   0.0000023   0.0000026   0.0000030   0.0000033   0.0000037   0.0000040
   4.8064302   0.0000001   0.0000018   0.0000024   0.0000023   0.0000023   0.0000026   0.0000029   0.0000032   0.0000036   0.0000039
   4.8284780   0.0000006   0.0000027   0.0000028   0.0000025   0.0000024   0.0000025   0.0000028   0.0000032   0.0000035   0.0000038
   4.8505259   0.0000021   0.0000037   0.0000031   0.0000027   0.0000024   0.0000025   0.0000028   0.0000031   0.0000034   0.0000037
   4.8725737   0.0000054   0.0000046   0.0000034   0.0000028   0.0000025   0.0000025   0.0000027   0.0000030   0.0000034   0.0000037
   4.8946215   0.0000093   0.0000053   0.0000036   0.0000029   0.0000025   0.0000025   0.0000027   0.0000030   0.0000033   0.0000036
   4.9166694   0.0000109   0.0000055   0.0000037   0.0000029   0.0000026   0.0000025   0.0000027   0.0000030   0.0000033   0.0000036
   4.9387172   0.0000087   0.0000052   0.0000036   0.0000029   0.0000026   0.0000025   0.0000027   0.0000030   0.0000033   0.0000036
   4.9607651   0.0000047   0.0000044   0.0000034   0.0000028   0.0000026   0.0000026   0.0000027   0.0000030   0.0000033   0.0000036
   4.9828129   0.0000017   0.0000034   0.0000030   0.0000027   0.0000026   0.0000026   0.0000028   0.0000030   0.0000033   0.0000036
   5.0048608   0.0000004   0.0000024   0.0000026   0.0000026   0.0000025   0.0000026   0.0000028   0.0000031   0.0000033   0.0000036
   5.0269086   0.0000001   0.0000016   0.0000022   0.0000024   0.0000025   0.0000027   0.0000029   0.0000031   0.0000034   0.0000036
   5.0489565   0.0000000   0.0000009   0.0000019   0.0000023   0.0000025   0.0000027   0.0000029   0.0000032   0.0000034   0.0000036
   5.0710043   0.0000000   0.0000005   0.0000016   0.0000022   0.0000026   0.0000028   0.0000030   0.0000032   0.0000035   0.0000037
   5.0930521   0.0000000   0.0000003   0.0000014   0.0000022   0.0000026   0.0000029   0.0000031   0.0000033   0.0000035   0.0000037
   5.1151000   0.0000000   0.0000003   0.0000014   0.0000022   0.0000027   0.0000030   0.0000032   0.0000034   0.0000036   0.0000038
   5.1371478   0.0000000   0.0000005   0.0000015   0.0000022   0.0000027   0.0000031   0.0000033   0.0000035   0.0000037   0.0000039
   5.1591957   0.0000000   0.0000008   0.0000017   0.0000024   0.0000029   0.0000032   0.0000035   0.0000036   0.0000038   0.0000039
   5.1812435   0.0000002   0.0000013   0.0000020   0.0000025   0.0000030   0.0000034   0.0000036   0.0000038   0.0000039   0.0000040
   5.2032914   0.0000008   0.0000020   0.0000024   0.0000028   0.0000032   0.0000036   0.0000038   0.0000039   0.0000040   0.0000041
   5.2253392   0.0000020   0.0000028   0.0000028   0.0000030   0.0000034   0.0000037   0.0000039   0.0000040   0.0000041   0.0000042
   5.2473871   0.0000039   0.0000036   0.0000032   0.0000034   0.0000037   0.0000039   0.0000041   0.0000042   0.0000042   0.0000043
   5.2694349   0.0000060   0.0000043   0.0000037   0.0000037   0.0000040   0.0000042   0.0000043   0.0000043   0.0000043   0.0000044
   5.2914827   0.0000075   0.0000047   0.0000041   0.0000041   0.0000043   0.0000044   0.0000044   0.0000044   0.0000044   0.0000044
   5.3135306   0.0000073   0.0000049   0.0000044   0.0000044   0.0000046   0.0000046   0.0000046   0.0000046   0.0000045   0.0000045
   5.3355784   0.0000053   0.0000050   0.0000048   0.0000048   0.0000049   0.0000048   0.0000048   0.0000047   0.0000047   0.0000046
   5.3576263   0.0000030   0.0000049   0.0000051   0.0000052   0.0000052   0.0000051   0.0000049   0.0000048   0.0000048   0.0000047
   5.3796741   0.0000022   0.0000050   0.0000055   0.0000056   0.0000055   0.0000053   0.0000051   0.0000050   0.0000049   0.0000048
   5.4017220   0.0000035   0.0000052   0.0000059   0.0000060   0.0000058   0.0000055   0.0000053   0.0000051   0.0000050   0.0000049
   5.4237698   0.0000061   0.0000056   0.0000063   0.0000064   0.0000061   0.0000057   0.0000054   0.0000052   0.0000051   0.0000050
   5.4458177   0.0000079   0.0000061   0.0000068   0.0000068   0.0000063   0.0000059   0.0000055   0.0000053   0.0000052   0.0000051
   5.4678655   0.0000075   0.0000068   0.0000074   0.0000071   0.0000065   0.0000060   0.0000056   0.0000054   0.0000053   0.0000052
   5.4899134   0.0000061   0.0000076   0.0000079   0.0000074   0.0000067   0.0000061   0.0000057   0.0000055   0.0000054   0.0000053
   5.5119612   0.0000055   0.0000086   0.0000085   0.0000076   0.0000068   0.0000062   0.0000058   0.0000056   0.0000055   0.0000053
   5.5340090   0.0000064   0.0000098   0.0000089   0.0000077   0.0000068   0.0000062   0.0000059   0.0000057   0.0000055   0.0000054
   5.5560569   0.0000098   0.0000110   0.0000091   0.0000077   0.0000068   0.0000063   0.0000060   0.0000058   0.0000056   0.0000055
   5.5781047   0.0000160   0.0000118   0.0000092   0.0000077   0.0000068   0.0000063   0.0000060   0.0000058   0.0000057   0.0000055
   5.6001526   0.0000211   0.0000120   0.0000090   0.0000075   0.0000066   0.0000062   0.0000060   0.0000059   0.0000057   0.0000056
   5.6222004   0.0000196   0.0000113   0.0000085   0.0000071   0.0000065   0.0000062   0.0000060   0.0000059   0.0000058   0.0000056
   5.6442483   0.0000125   0.0000098   0.0000078   0.0000067   0.0000063   0.0000061   0.0000061   0.0000060   0.0000058   0.0000057
   5.6662961   0.0000054   0.0000078   0.0000069   0.0000063   0.0000061   0.0000061   0.0000061   0.0000060   0.0000059   0.0000057
   5.6883440   0.0000016   0.0000057   0.0000059   0.0000058   0.0000059   0.0000060   0.0000061   0.0000060   0.0000059   0.0000057
   5.7103918   0.0000003   0.0000038   0.0000049   0.0000053   0.0000057   0.0000060   0.0000061   0.0000060   0.0000059   0.0000058
   5.7324396   0.0000000   0.0000023   0.0000039   0.0000048   0.0000055   0.0000059   0.0000061   0.0000061   0.0000059   0.0000058
   5.7544875   0.0000000   0.0000012   0.0000031   0.0000044   0.0000054   0.0000059   0.0000061   0.0000061   0.0000060   0.0000058
   5.7765353   0.0000000   0.0000006   0.0000024   0.0000042   0.0000053   0.0000059   0.0000061   0.0000061   0.0000060   0.0000058
   5.7985832   0.0000000   0.0000003   0.0000020   0.0000040   0.0000053   0.0000059   0.0000061   0.0000061   0.0000060   0.0000058
   5.8206310   0.0000000   0.0000002   0.0000019   0.0000041   0.0000054   0.0000060   0.0000061   0.0000061   0.0000060   0.0000058
   5.8426789   0.0000000   0.0000002   0.0000021   0.0000043   0.0000055   0.0000060   0.0000062   0.0000061   0.0000059   0.0000057
   5.8647267   0.0000000   0.0000004   0.0000026   0.0000046   0.0000057   0.0000061   0.0000062   0.0000061   0.0000059   0.0000057
   5.8867746   0.0000000   0.0000009   0.0000034   0.0000051   0.0000059   0.0000062   0.0000062   0.0000061   0.0000059   0.0000057
   5.9088224   0.0000000   0.0000018   0.0000045   0.0000058   0.0000062   0.0000063   0.0000062   0.0000061   0.0000058   0.0000056
   5.9308702   0.0000000   0.0000034   0.0000059   0.0000065   0.0000065   0.0000064   0.0000062   0.0000060   0.0000058   0.0000056
   5.9529181   0.0000003   0.0000057   0.0000074   0.0000072   0.0000068   0.0000065   0.0000062   0.0000060   0.0000057   0.0000055
   5.9749659   0.0000019   0.0000088   0.0000089   0.0000079   0.0000071   0.0000066   0.0000062   0.0000059   0.0000057   0.0000054
   5.9970138   0.0000071   0.0000123   0.0000103   0.0000085   0.0000073   0.0000067   0.0000062   0.0000059   0.0000056   0.0000053
   6.0190616   0.0000182   0.0000155   0.0000114   0.0000089   0.0000075   0.0000067   0.0000061   0.0000058   0.0000055   0.0000052
   6.0411095   0.0000315   0.0000178   0.0000121   0.0000092   0.0000076   0.0000066   0.0000061   0.0000057   0.0000054   0.0000052
   6.0631573   0.0000369   0.0000185   0.0000123   0.0000093   0.0000076   0.0000066   0.0000060   0.0000056   0.0000053   0.0000050
   6.0852052   0.0000293   0.0000175   0.0000120   0.0000091   0.0000075   0.0000064   0.0000058   0.0000054   0.0000051   0.0000049
   6.1072530   0.0000158   0.0000150   0.0000112   0.0000088   0.0000072   0.0000063   0.0000057   0.0000053   0.0000050   0.0000048
   6.1293009   0.0000058   0.0000116   0.0000100   0.0000082   0.0000069   0.0000060   0.0000055   0.0000051   0.0000048   0.0000047
   6.1513487   0.0000014   0.0000082   0.0000086   0.0000076   0.0000065   0.0000058   0.0000053   0.0000049   0.0000047   0.0000046
   6.1733965   0.0000002   0.0000052   0.0000070   0.0000068   0.0000061   0.0000055   0.0000050   0.0000047   0.0000045   0.0000044
   6.1954444   0.0000000   0.0000030   0.0000055   0.0000059   0.0000056   0.0000051   0.0000048   0.0000045   0.0000044   0.0000043
   6.2174922   0.0000000   0.0000016   0.0000042   0.0000050   0.0000050   0.0000048   0.0000045   0.0000043   0.0000042   0.0000041
   6.2395401   0.0000000   0.0000008   0.0000030   0.0000042   0.0000045   0.0000044   0.0000042   0.0000041   0.0000040   0.0000040
   6.2615879   0.0000000   0.0000003   0.0000021   0.0000034   0.0000039   0.0000040   0.0000039   0.0000039   0.0000038   0.0000039
   6.2836358   0.0000000   0.0000001   0.0000014   0.0000027   0.0000034   0.0000036   0.0000036   0.0000036   0.0000036   0.0000037
   6.3056836   0.0000000   0.0000000   0.0000009   0.0000021   0.0000028   0.0000032   0.0000033   0.0000034   0.0000035   0.0000036
   6.3277315   0.0000000   0.0000000   0.0000005   0.0000016   0.0000024   0.0000028   0.0000030   0.0000032   0.0000033   0.0000035
   6.3497793   0.0000000   0.0000000   0.0000003   0.0000012   0.0000020   0.0000025   0.0000027   0.0000029   0.0000031   0.0000033
   6.3718271   0.0000000   0.0000000   0.0000002   0.0000008   0.0000016   0.0000021   0.0000025   0.0000027   0.0000030   0.0000032
   6.3938750   0.0000000   0.0000000   0.0000001   0.0000006   0.0000013   0.0000018   0.0000022   0.0000025   0.0000028   0.0000031
   6.4159228   0.0000000   0.0000000   0.0000001   0.0000004   0.0000010   0.0000015   0.0000020   0.0000023   0.0000027   0.0000030
   6.4379707   0.0000000   0.0000000   0.0000000   0.0000003   0.0000008   0.0000013   0.0000018   0.0000022   0.0000026   0.0000029
   6.4600185   0.0000000   0.0000000   0.0000000   0.0000002   0.0000006   0.0000011   0.0000016   0.0000020   0.0000025   0.0000029
   6.4820664   0.0000000   0.0000000   0.0000000   0.0000001   0.0000004   0.0000009   0.0000014   0.0000019   0.0000024   0.0000028
   6.5041142   0.0000000   0.0000000   0.0000000   0.0000001   0.0000003   0.0000008   0.0000013   0.0000018   0.0000023   0.0000028
   6.5261621   0.0000000   0.0000000   0.0000000   0.0000000   0.0000002   0.0000006   0.0000011   0.0000017   0.0000023   0.0000028
   6.5482099   0.0000000   0.0000000   0.0000000   0.0000000   0.0000002   0.0000005   0.0000011   0.0000017   0.0000022   0.0000028
   6.5702577   0.0000000   0.0000000   0.0000000   0.0000000   0.0000001   0.0000005   0.0000010   0.0000016   0.0000023   0.0000028
   6.5923056   0.0000000   0.0000000   0.0000000   0.0000000   0.0000001   0.0000005   0.0000010   0.0000016   0.0000023   0.0000029
   6.6143534   0.0000000   0.0000000   0.0000000   0.0000000   0.0000001   0.0000004   0.0000010   0.0000017   0.0000023   0.0000029
   6.6364013   0.0000000   0.0000000   0.0000000   0.0000000   0.0000001   0.0000005   0.0000011   0.0000017   0.0000024   0.0000030
   6.6584491   0.0000000   0.0000000   0.0000000   0.0000000   0.0000001   0.0000005   0.0000011   0.0000019   0.0000025   0.0000032
   6.6804970   0.0000000   0.0000000   0.0000000   0.0000000   0.0000002   0.0000006   0.0000013   0.0000020   0.0000027   0.0000033
   6.7025448   0.0000000   0.0000000   0.0000000   0.0000000   0.0000003   0.0000008   0.0000014   0.0000022   0.0000029   0.0000034
   6.7245927   0.0000000   0.0000000   0.0000000   0.0000001   0.0000004   0.0000009   0.0000016   0.0000024   0.0000031   0.0000036
   6.7466405   0.0000000   0.0000000   0.0000000   0.0000001   0.0000005   0.0000011   0.0000019   0.0000026   0.0000033   0.0000038
   6.7686883   0.0000000   0.0000000   0.0000000   0.0000002   0.0000007   0.0000014   0.0000022   0.0000029   0.0000035   0.0000040
   6.7907362   0.0000000   0.0000000   0.0000000   0.0000003   0.0000009   0.0000017   0.0000025   0.0000032   0.0000038   0.0000043
   6.8127840   0.0000000   0.0000000   0.0000000   0.0000004   0.0000012   0.0000021   0.0000029   0.0000036   0.0000041   0.0000045
   6.8348319   0.0000000   0.0000000   0.0000001   0.0000006   0.0000015   0.0000025   0.0000033   0.0000040   0.0000044   0.0000048
   6.8568797   0.0000000   0.0000000   0.0000001   0.0000009   0.0000020   0.0000030   0.0000038   0.0000044   0.0000048   0.0000050
   6.8789276   0.0000000   0.0000000   0.0000002   0.0000012   0.0000025   0.0000035   0.0000043   0.0000048   0.0000051   0.0000053
   6.9009754   0.0000000   0.0000000   0.0000004   0.0000017   0.0000031   0.0000041   0.0000048   0.0000052   0.0000055   0.0000056
   6.9230233   0.0000000   0.0000000   0.0000008   0.0000023   0.0000038   0.0000048   0.0000054   0.0000057   0.0000058   0.0000059
   6.9450711   0.0000000   0.0000001   0.0000012   0.0000031   0.0000046   0.0000055   0.0000059   0.0000062   0.0000062   0.0000062
   6.9671190   0.0000000   0.0000002   0.0000020   0.0000041   0.0000055   0.0000062   0.0000065   0.0000066   0.0000066   0.0000065
   6.9891668   0.0000000   0.0000005   0.0000030   0.0000052   0.0000064   0.0000070   0.0000072   0.0000071   0.0000070   0.0000068
   7.0112146   0.0000000   0.0000011   0.0000044   0.0000065   0.0000075   0.0000078   0.0000078   0.0000076   0.0000073   0.0000070
   7.0332625   0.0000000   0.0000023   0.0000061   0.0000079   0.0000085   0.0000086   0.0000084   0.0000080   0.0000077   0.0000073
   7.0553103   0.0000000   0.0000044   0.0000082   0.0000095   0.0000096   0.0000094   0.0000090   0.0000085   0.0000080   0.0000076
   7.0773582   0.0000004   0.0000075   0.0000106   0.0000111   0.0000107   0.0000102   0.0000095   0.0000089   0.0000083   0.0000078
   7.0994060   0.0000022   0.0000117   0.0000131   0.0000126   0.0000118   0.0000109   0.0000101   0.0000093   0.0000086   0.0000080
   7.1214539   0.0000085   0.0000166   0.0000157   0.0000141   0.0000128   0.0000116   0.0000105   0.0000096   0.0000089   0.0000082
   7.1435017   0.0000228   0.0000216   0.0000180   0.0000155   0.0000137   0.0000122   0.0000110   0.0000100   0.0000091   0.0000084
   7.1655496   0.0000412   0.0000258   0.0000200   0.0000167   0.0000144   0.0000127   0.0000113   0.0000102   0.0000093   0.0000085
   7.1875974   0.0000506   0.0000284   0.0000214   0.0000176   0.0000150   0.0000131   0.0000116   0.0000104   0.0000095   0.0000087
   7.2096452   0.0000428   0.0000290   0.0000222   0.0000182   0.0000155   0.0000134   0.0000119   0.0000106   0.0000096   0.0000087
   7.2316931   0.0000270   0.0000279   0.0000223   0.0000185   0.0000157   0.0000136   0.0000120   0.0000107   0.0000097   0.0000088
   7.2537409   0.0000183   0.0000256   0.0000219   0.0000185   0.0000158   0.0000137   0.0000121   0.0000108   0.0000097   0.0000088
   7.2757888   0.0000197   0.0000227   0.0000209   0.0000182   0.0000157   0.0000137   0.0000121   0.0000108   0.0000097   0.0000088
   7.2978366   0.0000224   0.0000198   0.0000196   0.0000176   0.0000154   0.0000135   0.0000120   0.0000107   0.0000097   0.0000088
   7.3198845   0.0000190   0.0000171   0.0000182   0.0000168   0.0000150   0.0000133   0.0000118   0.0000106   0.0000096   0.0000087
   7.3419323   0.0000113   0.0000150   0.0000166   0.0000159   0.0000144   0.0000129   0.0000116   0.0000104   0.0000095   0.0000087
   7.3639802   0.0000061   0.0000135   0.0000151   0.0000148   0.0000137   0.0000125   0.0000113   0.0000102   0.0000093   0.0000085
   7.3860280   0.0000066   0.0000124   0.0000136   0.0000137   0.0000129   0.0000119   0.0000109   0.0000099   0.0000091   0.0000084
   7.4080758   0.0000120   0.0000117   0.0000122   0.0000125   0.0000121   0.0000113   0.0000105   0.0000096   0.0000089   0.0000082
   7.4301237   0.0000171   0.0000110   0.0000109   0.0000112   0.0000111   0.0000106   0.0000100   0.0000093   0.0000086   0.0000080
   7.4521715   0.0000168   0.0000101   0.0000096   0.0000101   0.0000102   0.0000099   0.0000095   0.0000089   0.0000083   0.0000078
   7.4742194   0.0000112   0.0000088   0.0000084   0.0000089   0.0000093   0.0000092   0.0000089   0.0000085   0.0000080   0.0000076
   7.4962672   0.0000052   0.0000072   0.0000072   0.0000078   0.0000083   0.0000085   0.0000084   0.0000081   0.0000077   0.0000073
   7.5183151   0.0000021   0.0000056   0.0000061   0.0000068   0.0000074   0.0000077   0.0000078   0.0000076   0.0000073   0.0000070
   7.5403629   0.0000015   0.0000041   0.0000050   0.0000058   0.0000065   0.0000070   0.0000072   0.0000072   0.0000070   0.0000067
   7.5624108   0.0000018   0.0000029   0.0000041   0.0000049   0.0000057   0.0000063   0.0000066   0.0000067   0.0000066   0.0000064
   7.5844586   0.0000018   0.0000021   0.0000032   0.0000041   0.0000050   0.0000056   0.0000060   0.0000062   0.0000062   0.0000061
   7.6065065   0.0000012   0.0000014   0.0000025   0.0000034   0.0000043   0.0000050   0.0000055   0.0000058   0.0000058   0.0000058
   7.6285543   0.0000006   0.0000010   0.0000018   0.0000027   0.0000036   0.0000044   0.0000050   0.0000053   0.0000055   0.0000055
   7.6506021   0.0000002   0.0000006   0.0000014   0.0000022   0.0000030   0.0000038   0.0000044   0.0000049   0.0000051   0.0000052
   7.6726500   0.0000000   0.0000004   0.0000010   0.0000017   0.0000025   0.0000033   0.0000040   0.0000044   0.0000047   0.0000049
   7.6946978   0.0000000   0.0000002   0.0000007   0.0000013   0.0000021   0.0000029   0.0000035   0.0000040   0.0000044   0.0000046
   7.7167457   0.0000000   0.0000001   0.0000005   0.0000010   0.0000017   0.0000024   0.0000031   0.0000036   0.0000040   0.0000043
   7.7387935   0.0000000   0.0000001   0.0000003   0.0000008   0.0000014   0.0000021   0.0000027   0.0000033   0.0000037   0.0000040
   7.7608414   0.0000000   0.0000000   0.0000002   0.0000006   0.0000011   0.0000017   0.0000024   0.0000029   0.0000034   0.0000037
   7.7828892   0.0000000   0.0000000   0.0000001   0.0000004   0.0000009   0.0000014   0.0000020   0.0000026   0.0000031   0.0000034
   7.8049371   0.0000000   0.0000000   0.0000001   0.0000003   0.0000007   0.0000012   0.0000018   0.0000023   0.0000028   0.0000032
   7.8269849   0.0000000   0.0000000   0.0000000   0.0000002   0.0000005   0.0000010   0.0000015   0.0000020   0.0000025   0.0000029
   7.8490327   0.0000000   0.0000000   0.0000000   0.0000001   0.0000004   0.0000008   0.0000013   0.0000018   0.0000023   0.0000027
   7.8710806   0.0000000   0.0000000   0.0000000   0.0000001   0.0000003   0.0000006   0.0000011   0.0000016   0.0000020   0.0000025
   7.8931284   0.0000000   0.0000000   0.0000000   0.0000001   0.0000002   0.0000005   0.0000009   0.0000014   0.0000018   0.0000022
   7.9151763   0.0000000   0.0000000   0.0000000   0.0000000   0.0000002   0.0000004   0.0000008   0.0000012   0.0000016   0.0000021
   7.9372241   0.0000000   0.0000000   0.0000000   0.0000000   0.0000001   0.0000003   0.0000006   0.0000010   0.0000015   0.0000019
   7.9592720   0.0000000   0.0000000   0.0000000   0.0000000   0.0000001   0.0000003   0.0000005   0.0000009   0.0000013   0.0000017
   7.9813198   0.0000000   0.0000000   0.0000000   0.0000000   0.0000001   0.0000002   0.0000005   0.0000008   0.0000012   0.0000016
   8.0033677   0.0000000   0.0000000   0.0000000   0.0000000   0.0000001   0.0000002   0.0000004   0.0000007   0.0000011   0.0000015
   8.0254155   0.0000000   0.0000000   0.0000000   0.0000000   0.0000000   0.0000001   0.0000003   0.0000006   0.0000010   0.0000013
   8.0474633   0.0000000   0.0000000   0.0000000   0.0000000   0.0000000   0.0000001   0.0000003   0.0000005   0.0000009   0.0000013
   8.0695112   0.0000000   0.0000000   0.0000000   0.0000000   0.0000000   0.0000001   0.0000003   0.0000005   0.0000008   0.0000012
   8.0915590   0.0000000   0.0000000   0.0000000   0.0000000   0.0000000   0.0000001   0.0000002   0.0000005   0.0000008   0.0000011
   8.1136069   0.0000000   0.0000000   0.0000000   0.0000000   0.0000000   0.0000001   0.0000002   0.0000004   0.0000007   0.0000011
   8.1356547   0.0000000   0.0000000   0.0000000   0.0000000   0.0000001   0.0000001   0.0000002   0.0000004   0.0000007   0.0000010
   8.1577026   0.0000000   0.0000000   0.0000000   0.0000000   0.0000001   0.0000001   0.0000002   0.0000004   0.0000007   0.0000010
   8.1797504   0.0000000   0.0000000   0.0000000   0.0000000   0.0000001   0.0000002   0.0000003   0.0000004   0.0000007   0.0000010
   8.2017983   0.0000000   0.0000000   0.0000000   0.0000000   0.0000001   0.0000002   0.0000003   0.0000004   0.0000007   0.0000010
   8.2238461   0.0000000   0.0000000   0.0000000   0.0000001   0.0000001   0.0000002   0.0000003   0.0000005   0.0000007   0.0000010
   8.2458939   0.0000000   0.0000000   0.0000000   0.0000001   0.0000002   0.0000002   0.0000003   0.0000005   0.0000007   0.0000010
   8.2679418   0.0000000   0.0000000   0.0000000   0.0000001   0.0000002   0.0000003   0.0000004   0.0000006   0.0000008   0.0000011
   8.2899896   0.0000000   0.0000000   0.0000001   0.0000002   0.0000003   0.0000003   0.0000004   0.0000006   0.0000008   0.0000011
   8.3120375   0.0000000   0.0000000   0.0000001   0.0000002   0.0000003   0.0000004   0.0000005   0.0000007   0.0000009   0.0000012
   8.3340853   0.0000000   0.0000000   0.0000001   0.0000003   0.0000004   0.0000004   0.0000006   0.0000008   0.0000010   0.0000013
   8.3561332   0.0000000   0.0000000   0.0000002   0.0000004   0.0000004   0.0000005   0.0000006   0.0000008   0.0000011   0.0000014
   8.3781810   0.0000000   0.0000001   0.0000003   0.0000004   0.0000005   0.0000006   0.0000007   0.0000009   0.0000012   0.0000015
   8.4002289   0.0000000   0.0000002   0.0000004   0.0000005   0.0000006   0.0000006   0.0000008   0.0000010   0.0000013   0.0000016
   8.4222767   0.0000000   0.0000003   0.0000006   0.0000006   0.0000006   0.0000007   0.0000009   0.0000012   0.0000014   0.0000017
   8.4443246   0.0000000   0.0000006   0.0000007   0.0000007   0.0000007   0.0000008   0.0000010   0.0000013   0.0000016   0.0000018
   8.4663724   0.0000002   0.0000009   0.0000009   0.0000008   0.0000008   0.0000009   0.0000012   0.0000015   0.0000017   0.0000020
   8.4884202   0.0000008   0.0000012   0.0000010   0.0000009   0.0000009   0.0000010   0.0000013   0.0000016   0.0000019   0.0000021
   8.5104681   0.0000019   0.0000015   0.0000012   0.0000010   0.0000010   0.0000012   0.0000015   0.0000018   0.0000021   0.0000023
   8.5325159   0.0000029   0.0000017   0.0000012   0.0000010   0.0000011   0.0000013   0.0000017   0.0000020   0.0000022   0.0000025
   8.5545638   0.0000031   0.0000018   0.0000013   0.0000011   0.0000012   0.0000015   0.0000019   0.0000022   0.0000024   0.0000027
   8.5766116   0.0000024   0.0000018   0.0000013   0.0000011   0.0000013   0.0000017   0.0000021   0.0000024   0.0000026   0.0000029
   8.5986595   0.0000015   0.0000016   0.0000013   0.0000012   0.0000015   0.0000019   0.0000023   0.0000026   0.0000029   0.0000031
   8.6207073   0.0000012   0.0000014   0.0000012   0.0000012   0.0000017   0.0000022   0.0000026   0.0000029   0.0000031   0.0000033
   8.6427552   0.0000012   0.0000012   0.0000011   0.0000013   0.0000019   0.0000025   0.0000029   0.0000031   0.0000033   0.0000035
   8.6648030   0.0000009   0.0000009   0.0000010   0.0000015   0.0000022   0.0000028   0.0000032   0.0000034   0.0000036   0.0000037
   8.6868508   0.0000006   0.0000007   0.0000010   0.0000017   0.0000025   0.0000031   0.0000035   0.0000037   0.0000038   0.0000039
   8.7088987   0.0000002   0.0000005   0.0000010   0.0000020   0.0000029   0.0000035   0.0000038   0.0000040   0.0000040   0.0000041
   8.7309465   0.0000001   0.0000003   0.0000011   0.0000024   0.0000034   0.0000039   0.0000041   0.0000042   0.0000043   0.0000044
   8.7529944   0.0000000   0.0000002   0.0000013   0.0000029   0.0000039   0.0000043   0.0000045   0.0000045   0.0000046   0.0000046
   8.7750422   0.0000000   0.0000002   0.0000018   0.0000035   0.0000044   0.0000048   0.0000048   0.0000048   0.0000048   0.0000048
   8.7970901   0.0000000   0.0000004   0.0000025   0.0000043   0.0000051   0.0000052   0.0000052   0.0000051   0.0000051   0.0000051
   8.8191379   0.0000000   0.0000008   0.0000035   0.0000052   0.0000057   0.0000057   0.0000055   0.0000054   0.0000053   0.0000053
   8.8411858   0.0000000   0.0000016   0.0000048   0.0000062   0.0000063   0.0000061   0.0000059   0.0000057   0.0000056   0.0000056
   8.8632336   0.0000000   0.0000032   0.0000065   0.0000072   0.0000070   0.0000066   0.0000062   0.0000059   0.0000058   0.0000058
   8.8852814   0.0000002   0.0000057   0.0000083   0.0000082   0.0000076   0.0000070   0.0000065   0.0000062   0.0000061   0.0000060
   8.9073293   0.0000011   0.0000091   0.0000102   0.0000092   0.0000082   0.0000073   0.0000068   0.0000065   0.0000063   0.0000063
   8.9293771   0.0000050   0.0000133   0.0000121   0.0000101   0.0000086   0.0000076   0.0000070   0.0000067   0.0000066   0.0000065
   8.9514250   0.0000153   0.0000175   0.0000137   0.0000109   0.0000090   0.0000079   0.0000073   0.0000070   0.0000068   0.0000068
   8.9734728   0.0000319   0.0000211   0.0000148   0.0000114   0.0000093   0.0000081   0.0000075   0.0000072   0.0000071   0.0000070
   8.9955207   0.0000450   0.0000230   0.0000154   0.0000116   0.0000095   0.0000083   0.0000077   0.0000074   0.0000073   0.0000072
   9.0175685   0.0000430   0.0000227   0.0000153   0.0000116   0.0000095   0.0000084   0.0000078   0.0000076   0.0000075   0.0000074
   9.0396164   0.0000279   0.0000204   0.0000146   0.0000113   0.0000094   0.0000084   0.0000080   0.0000078   0.0000077   0.0000077
   9.0616642   0.0000122   0.0000166   0.0000133   0.0000108   0.0000092   0.0000084   0.0000081   0.0000080   0.0000080   0.0000079
   9.0837121   0.0000037   0.0000123   0.0000117   0.0000101   0.0000089   0.0000084   0.0000082   0.0000082   0.0000082   0.0000081
   9.1057599   0.0000008   0.0000082   0.0000098   0.0000092   0.0000086   0.0000084   0.0000084   0.0000084   0.0000084   0.0000083
   9.1278077   0.0000001   0.0000050   0.0000079   0.0000083   0.0000082   0.0000083   0.0000085   0.0000086   0.0000086   0.0000085
   9.1498556   0.0000000   0.0000028   0.0000062   0.0000074   0.0000079   0.0000083   0.0000086   0.0000088   0.0000088   0.0000087
   9.1719034   0.0000000   0.0000014   0.0000047   0.0000065   0.0000075   0.0000083   0.0000088   0.0000090   0.0000091   0.0000089
   9.1939513   0.0000000   0.0000007   0.0000035   0.0000057   0.0000072   0.0000083   0.0000089   0.0000092   0.0000093   0.0000091
   9.2159991   0.0000000   0.0000004   0.0000027   0.0000052   0.0000071   0.0000084   0.0000091   0.0000094   0.0000095   0.0000093
   9.2380470   0.0000000   0.0000004   0.0000023   0.0000048   0.0000070   0.0000085   0.0000093   0.0000097   0.0000097   0.0000095
   9.2600948   0.0000000   0.0000006   0.0000021   0.0000047   0.0000071   0.0000087   0.0000096   0.0000099   0.0000099   0.0000097
   9.2821427   0.0000001   0.0000011   0.0000022   0.0000048   0.0000074   0.0000090   0.0000099   0.0000101   0.0000101   0.0000098
   9.3041905   0.0000003   0.0000016   0.0000026   0.0000052   0.0000078   0.0000094   0.0000102   0.0000104   0.0000103   0.0000100
   9.3262383   0.0000012   0.0000023   0.0000032   0.0000059   0.0000084   0.0000099   0.0000105   0.0000106   0.0000105   0.0000101
   9.3482862   0.0000032   0.0000030   0.0000041   0.0000069   0.0000091   0.0000104   0.0000109   0.0000109   0.0000106   0.0000103
   9.3703340   0.0000058   0.0000036   0.0000053   0.0000081   0.0000100   0.0000109   0.0000112   0.0000111   0.0000108   0.0000104
   9.3923819   0.0000071   0.0000042   0.0000069   0.0000096   0.0000110   0.0000115   0.0000116   0.0000113   0.0000109   0.0000104
   9.4144297   0.0000059   0.0000050   0.0000089   0.0000112   0.0000121   0.0000122   0.0000119   0.0000115   0.0000110   0.0000105
   9.4364776   0.0000033   0.0000063   0.0000114   0.0000130   0.0000131   0.0000128   0.0000123   0.0000117   0.0000111   0.0000106
   9.4585254   0.0000013   0.0000088   0.0000142   0.0000149   0.0000142   0.0000134   0.0000126   0.0000119   0.0000112   0.0000106
   9.4805733   0.0000008   0.0000130   0.0000174   0.0000167   0.0000152   0.0000139   0.0000128   0.0000120   0.0000112   0.0000106
   9.5026211   0.0000028   0.0000189   0.0000206   0.0000184   0.0000161   0.0000143   0.0000131   0.0000121   0.0000113   0.0000106
   9.5246689   0.0000115   0.0000263   0.0000237   0.0000198   0.0000168   0.0000147   0.0000132   0.0000121   0.0000112   0.0000105
   9.5467168   0.0000328   0.0000337   0.0000262   0.0000209   0.0000173   0.0000149   0.0000133   0.0000121   0.0000112   0.0000105
   9.5687646   0.0000637   0.0000396   0.0000279   0.0000216   0.0000176   0.0000150   0.0000133   0.0000120   0.0000111   0.0000104
   9.5908125   0.0000839   0.0000423   0.0000286   0.0000218   0.0000177   0.0000150   0.0000132   0.0000119   0.0000110   0.0000102
   9.6128603   0.0000749   0.0000411   0.0000281   0.0000215   0.0000175   0.0000149   0.0000131   0.0000118   0.0000108   0.0000101
   9.6349082   0.0000453   0.0000362   0.0000265   0.0000207   0.0000171   0.0000146   0.0000128   0.0000116   0.0000106   0.0000099
   9.6569560   0.0000186   0.0000290   0.0000239   0.0000195   0.0000164   0.0000141   0.0000125   0.0000113   0.0000104   0.0000097
   9.6790039   0.0000052   0.0000210   0.0000207   0.0000180   0.0000155   0.0000136   0.0000121   0.0000110   0.0000101   0.0000095
   9.7010517   0.0000010   0.0000138   0.0000172   0.0000162   0.0000145   0.0000129   0.0000116   0.0000106   0.0000099   0.0000092
   9.7230996   0.0000001   0.0000083   0.0000137   0.0000142   0.0000133   0.0000121   0.0000111   0.0000102   0.0000095   0.0000090
   9.7451474   0.0000000   0.0000045   0.0000104   0.0000122   0.0000120   0.0000113   0.0000105   0.0000098   0.0000092   0.0000087
   9.7671952   0.0000000   0.0000022   0.0000076   0.0000102   0.0000107   0.0000104   0.0000099   0.0000093   0.0000088   0.0000084
   9.7892431   0.0000000   0.0000010   0.0000053   0.0000083   0.0000094   0.0000095   0.0000092   0.0000088   0.0000084   0.0000081
   9.8112909   0.0000000   0.0000004   0.0000036   0.0000066   0.0000081   0.0000086   0.0000085   0.0000083   0.0000080   0.0000077
   9.8333388   0.0000000   0.0000001   0.0000023   0.0000051   0.0000069   0.0000077   0.0000078   0.0000078   0.0000076   0.0000074
   9.8553866   0.0000000   0.0000000   0.0000014   0.0000039   0.0000058   0.0000068   0.0000072   0.0000072   0.0000071   0.0000070
   9.8774345   0.0000000   0.0000000   0.0000008   0.0000029   0.0000048   0.0000059   0.0000065   0.0000067   0.0000067   0.0000066
   9.8994823   0.0000000   0.0000000   0.0000005   0.0000021   0.0000039   0.0000051   0.0000058   0.0000061   0.0000063   0.0000063
   9.9215302   0.0000000   0.0000000   0.0000002   0.0000015   0.0000031   0.0000044   0.0000052   0.0000056   0.0000058   0.0000059
   9.9435780   0.0000000   0.0000000   0.0000001   0.0000010   0.0000024   0.0000037   0.0000046   0.0000051   0.0000054   0.0000056
   9.9656258   0.0000000   0.0000000   0.0000001   0.0000007   0.0000019   0.0000031   0.0000040   0.0000046   0.0000050   0.0000052
   9.9876737   0.0000000   0.0000000   0.0000000   0.0000005   0.0000014   0.0000026   0.0000035   0.0000042   0.0000046   0.0000048
  10.0097215   0.0000000   0.0000000   0.0000000   0.0000003   0.0000011   0.0000021   0.0000030   0.0000037   0.0000042   0.0000045
  10.0317694   0.0000000   0.0000000   0.0000000   0.0000002   0.0000008   0.0000017   0.0000026   0.0000033   0.0000038   0.0000042
  10.0538172   0.0000000   0.0000000   0.0000000   0.0000001   0.0000006   0.0000014   0.0000022   0.0000029   0.0000034   0.0000038
  10.0758651   0.0000000   0.0000000   0.0000000   0.0000001   0.0000004   0.0000011   0.0000019   0.0000026   0.0000031   0.0000035
  10.0979129   0.0000000   0.0000000   0.0000000   0.0000000   0.0000003   0.0000009   0.0000016   0.0000022   0.0000028   0.0000032
  10.1199608   0.0000000   0.0000000   0.0000000   0.0000000   0.0000002   0.0000007   0.0000013   0.0000019   0.0000025   0.0000029
  10.1420086   0.0000000   0.0000000   0.0000000   0.0000000   0.0000001   0.0000005   0.0000011   0.0000017   0.0000022   0.0000027
  10.1640564   0.0000000   0.0000000   0.0000000   0.0000000   0.0000001   0.0000004   0.0000009   0.0000014   0.0000020   0.0000024
  10.1861043   0.0000000   0.0000000   0.0000000   0.0000000   0.0000001   0.0000003   0.0000007   0.0000012   0.0000017   0.0000022
  10.2081521   0.0000000   0.0000000   0.0000000   0.0000000   0.0000000   0.0000002   0.0000006   0.0000010   0.0000015   0.0000019
  10.2302000   0.0000000   0.0000000   0.0000000   0.0000000   0.0000000   0.0000002   0.0000005   0.0000009   0.0000013   0.0000017
  10.2522478   0.0000000   0.0000000   0.0000000   0.0000000   0.0000000   0.0000001   0.0000004   0.0000007   0.0000011   0.0000016
  10.2742957   0.0000000   0.0000000   0.0000000   0.0000000   0.0000000   0.0000001   0.0000003   0.0000006   0.0000010   0.0000014
  10.2963435   0.0000000   0.0000000   0.0000000   0.0000000   0.0000000   0.0000001   0.0000002   0.0000005   0.0000008   0.0000012
  10.3183914   0.0000000   0.0000000   0.0000000   0.0000000   0.0000000   0.0000000   0.0000002   0.0000004   0.0000007   0.0000011
  10.3404392   0.0000000   0.0000000   0.0000000   0.0000000   0.0000000   0.0000000   0.0000001   0.0000003   0.0000006   0.0000009
  10.3624870   0.0000000   0.0000000   0.0000000   0.0000000   0.0000000   0.0000000   0.0000001   0.0000003   0.0000005   0.0000008
  10.3845349   0.0000000   0.0000000   0.0000000   0.0000000   0.0000000   0.0000000   0.0000001   0.0000002   0.0000004   0.0000007
  10.4065827   0.0000000   0.0000000   0.0000000   0.0000000   0.0000000   0.0000000   0.0000001   0.0000002   0.0000004   0.0000006
  10.4286306   0.0000000   0.0000000   0.0000000   0.0000000   0.0000000   0.0000000   0.0000000   0.0000001   0.0000003   0.0000005
  10.4506784   0.0000000   0.0000000   0.0000000   0.0000000   0.0000000   0.0000000   0.0000000   0.0000001   0.0000003   0.0000005
  10.4727263   0.0000000   0.0000000   0.0000000   0.0000000   0.0000000   0.0000000   0.0000000   0.0000001   0.0000002   0.0000004
  10.4947741   0.0000000   0.0000000   0.0000000   0.0000000   0.0000000   0.0000000   0.0000000   0.0000001   0.0000002   0.0000003
  10.5168220   0.0000000   0.0000000   0.0000000   0.0000000   0.0000000   0.0000000   0.0000000   0.0000001   0.0000001   0.0000003
  10.5388698   0.0000000   0.0000000   0.0000000   0.0000000   0.0000000   0.0000000   0.0000000   0.0000000   0.0000001   0.0000002
  10.5609177   0.0000000   0.0000000   0.0000000   0.0000000   0.0000000   0.0000000   0.0000000   0.0000000   0.0000001   0.0000002
  10.5829655   0.0000000   0.0000000   0.0000000   0.0000000   0.0000000   0.0000000   0.0000000   0.0000000   0.0000001   0.0000002
  10.6050133   0.0000000   0.0000000   0.0000000   0.0000000   0.0000000   0.0000000   0.0000000   0.0000000   0.0000001   0.0000001
  10.6270612   0.0000000   0.0000000   0.0000000   0.0000000   0.0000000   0.0000000   0.0000000   0.0000000   0.0000000   0.0000001
  10.6491090   0.0000000   0.0000000   0.0000000   0.0000000   0.0000000   0.0000000   0.0000000   0.0000000   0.0000000   0.0000001
  10.6711569   0.0000000   0.0000000   0.0000000   0.0000000   0.0000000   0.0000000   0.0000000   0.0000000   0.0000000   0.0000001
  10.6932047   0.0000000   0.0000000   0.0000000   0.0000000   0.0000000   0.0000000   0.0000000   0.0000000   0.0000000   0.0000001
  10.7152526   0.0000000   0.0000000   0.0000000   0.0000000   0.0000000   0.0000000   0.0000000   0.0000000   0.0000000   0.0000001
  10.7373004   0.0000000   0.0000000   0.0000000   0.0000000   0.0000000   0.0000000   0.0000000   0.0000000   0.0000000   0.0000000
  10.7593483   0.0000000   0.0000000   0.0000000   0.0000000   0.0000000   0.0000000   0.0000000   0.0000000   0.0000000   0.0000000
  10.7813961   0.0000000   0.0000000   0.0000000   0.0000000   0.0000000   0.0000000   0.0000000   0.0000000   0.0000000   0.0000000
  10.8034439   0.0000000   0.0000000   0.0000000   0.0000000   0.0000000   0.0000000   0.0000000   0.0000000   0.0000000   0.0000000
  10.8254918   0.0000000   0.0000000   0.0000000   0.0000000   0.0000000   0.0000000   0.0000000   0.0000000   0.0000000   0.0000000
  10.8475396   0.0000000   0.0000000   0.0000000   0.0000000   0.0000000   0.0000000   0.0000000   0.0000000   0.0000000   0.0000000
  10.8695875   0.0000000   0.0000000   0.0000000   0.0000000   0.0000000   0.0000000   0.0000000   0.0000000   0.0000000   0.0000000
  10.8916353   0.0000000   0.0000000   0.0000000   0.0000000   0.0000000   0.0000000   0.0000000   0.0000000   0.0000000   0.0000000
  10.9136832   0.0000000   0.0000000   0.0000000   0.0000000   0.0000000   0.0000000   0.0000000   0.0000000   0.0000000   0.0000000
  10.9357310   0.0000000   0.0000000   0.0000000   0.0000000   0.0000000   0.0000000   0.0000000   0.0000000   0.0000000   0.0000000
  10.9577789   0.0000000   0.0000000   0.0000000   0.0000000   0.0000000   0.0000000   0.0000000   0.0000000   0.0000000   0.0000000
  10.9798267   0.0000000   0.0000000   0.0000000   0.0000000   0.0000000   0.0000000   0.0000000   0.0000000   0.0000000   0.0000000
  11.0018745   0.0000000   0.0000000   0.0000000   0.0000000   0.0000000   0.0000000   0.0000000   0.0000000   0.0000000   0.0000000
  11.0239224   0.0000000   0.0000000   0.0000000   0.0000000   0.0000000   0.0000000   0.0000000   0.0000000   0.0000000   0.0000000
 Integrated el-ph coupling
  #            0.0000112   0.0000112   0.0000112   0.0000112   0.0000112   0.0000112   0.0000112   0.0000112   0.0000113   0.0000113
 Phonon smearing (meV)
  #            0.0500000   0.1000000   0.1500000   0.2000000   0.2500000   0.3000000   0.3500000   0.4000000   0.4500000   0.5000000
 Electron smearing (eV)   0.0500000
 Fermi window (eV)   6.0000000
 Summed el-ph coupling    0.0000000
