   0.0220478   0.0000000   0.0000000   0.0000000   0.0000000   0.0000000   0.0000000   0.0000000   0.0000000   0.0000000   0.0000000
   0.0440957   0.0000000   0.0000000   0.0000000   0.0000000   0.0000000   0.0000000   0.0000000   0.0000000   0.0000000   0.0000000
   0.0661435   0.0000000   0.0000000   0.0000000   0.0000000   0.0000000   0.0000000   0.0000000   0.0000000   0.0000000   0.0000000
   0.0881914   0.0000000   0.0000000   0.0000000   0.0000000   0.0000000   0.0000000   0.0000000   0.0000000   0.0000000   0.0000000
   0.1102392   0.0000000   0.0000000   0.0000000   0.0000000   0.0000000   0.0000000   0.0000000   0.0000000   0.0000000   0.0000000
   0.1322871   0.0000000   0.0000000   0.0000000   0.0000000   0.0000000   0.0000000   0.0000000   0.0000000   0.0000000   0.0000000
   0.1543349   0.0000000   0.0000000   0.0000000   0.0000000   0.0000000   0.0000000   0.0000000   0.0000000   0.0000000   0.0000000
   0.1763828   0.0000000   0.0000000   0.0000000   0.0000000   0.0000000   0.0000000   0.0000000   0.0000000   0.0000000   0.0000000
   0.1984306   0.0000000   0.0000000   0.0000000   0.0000000   0.0000000   0.0000000   0.0000000   0.0000000   0.0000000   0.0000000
   0.2204784   0.0000000   0.0000000   0.0000000   0.0000000   0.0000000   0.0000000   0.0000000   0.0000000   0.0000000   0.0000000
   0.2425263   0.0000000   0.0000000   0.0000000   0.0000000   0.0000000   0.0000000   0.0000000   0.0000000   0.0000000   0.0000000
   0.2645741   0.0000000   0.0000000   0.0000000   0.0000000   0.0000000   0.0000000   0.0000000   0.0000000   0.0000000   0.0000000
   0.2866220   0.0000000   0.0000000   0.0000000   0.0000000   0.0000000   0.0000000   0.0000000   0.0000000   0.0000000   0.0000000
   0.3086698   0.0000000   0.0000000   0.0000000   0.0000000   0.0000000   0.0000000   0.0000000   0.0000000   0.0000000   0.0000000
   0.3307177   0.0000000   0.0000000   0.0000000   0.0000000   0.0000000   0.0000000   0.0000000   0.0000000   0.0000000   0.0000000
   0.3527655   0.0000000   0.0000000   0.0000000   0.0000000   0.0000000   0.0000000   0.0000000   0.0000000   0.0000000   0.0000000
   0.3748134   0.0000000   0.0000000   0.0000000   0.0000000   0.0000000   0.0000000   0.0000000   0.0000000   0.0000000   0.0000000
   0.3968612   0.0000000   0.0000000   0.0000000   0.0000000   0.0000000   0.0000000   0.0000000   0.0000000   0.0000000   0.0000001
   0.4189091   0.0000000   0.0000000   0.0000000   0.0000000   0.0000000   0.0000000   0.0000000   0.0000000   0.0000000   0.0000001
   0.4409569   0.0000000   0.0000000   0.0000000   0.0000000   0.0000000   0.0000000   0.0000000   0.0000000   0.0000000   0.0000001
   0.4630047   0.0000000   0.0000000   0.0000000   0.0000000   0.0000000   0.0000000   0.0000000   0.0000000   0.0000000   0.0000001
   0.4850526   0.0000000   0.0000000   0.0000000   0.0000000   0.0000000   0.0000000   0.0000000   0.0000000   0.0000000   0.0000002
   0.5071004   0.0000000   0.0000000   0.0000000   0.0000000   0.0000000   0.0000000   0.0000000   0.0000000   0.0000000   0.0000002
   0.5291483   0.0000000   0.0000000   0.0000000   0.0000000   0.0000000   0.0000000   0.0000000   0.0000000   0.0000001   0.0000003
   0.5511961   0.0000000   0.0000000   0.0000000   0.0000000   0.0000000   0.0000000   0.0000000   0.0000000   0.0000001   0.0000004
   0.5732440   0.0000000   0.0000000   0.0000000   0.0000000   0.0000000   0.0000000   0.0000000   0.0000000   0.0000001   0.0000005
   0.5952918   0.0000000   0.0000000   0.0000000   0.0000000   0.0000000   0.0000000   0.0000000   0.0000000   0.0000001   0.0000006
   0.6173397   0.0000000   0.0000000   0.0000000   0.0000000   0.0000000   0.0000000   0.0000000   0.0000000   0.0000002   0.0000008
   0.6393875   0.0000000   0.0000000   0.0000000   0.0000000   0.0000000   0.0000000   0.0000000   0.0000000   0.0000002   0.0000010
   0.6614353   0.0000000   0.0000000   0.0000000   0.0000000   0.0000000   0.0000000   0.0000000   0.0000000   0.0000003   0.0000012
   0.6834832   0.0000000   0.0000000   0.0000000   0.0000000   0.0000000   0.0000000   0.0000000   0.0000001   0.0000004   0.0000015
   0.7055310   0.0000000   0.0000000   0.0000000   0.0000000   0.0000000   0.0000000   0.0000000   0.0000001   0.0000005   0.0000018
   0.7275789   0.0000000   0.0000000   0.0000000   0.0000000   0.0000000   0.0000000   0.0000000   0.0000001   0.0000007   0.0000023
   0.7496267   0.0000000   0.0000000   0.0000000   0.0000000   0.0000000   0.0000000   0.0000000   0.0000002   0.0000009   0.0000028
   0.7716746   0.0000000   0.0000000   0.0000000   0.0000000   0.0000000   0.0000000   0.0000000   0.0000002   0.0000011   0.0000034
   0.7937224   0.0000000   0.0000000   0.0000000   0.0000000   0.0000000   0.0000000   0.0000000   0.0000003   0.0000014   0.0000042
   0.8157703   0.0000000   0.0000000   0.0000000   0.0000000   0.0000000   0.0000000   0.0000000   0.0000004   0.0000018   0.0000051
   0.8378181   0.0000000   0.0000000   0.0000000   0.0000000   0.0000000   0.0000000   0.0000001   0.0000006   0.0000023   0.0000062
   0.8598659   0.0000000   0.0000000   0.0000000   0.0000000   0.0000000   0.0000000   0.0000001   0.0000008   0.0000029   0.0000075
   0.8819138   0.0000000   0.0000000   0.0000000   0.0000000   0.0000000   0.0000000   0.0000001   0.0000010   0.0000037   0.0000090
   0.9039616   0.0000000   0.0000000   0.0000000   0.0000000   0.0000000   0.0000000   0.0000002   0.0000013   0.0000046   0.0000108
   0.9260095   0.0000000   0.0000000   0.0000000   0.0000000   0.0000000   0.0000000   0.0000003   0.0000018   0.0000057   0.0000129
   0.9480573   0.0000000   0.0000000   0.0000000   0.0000000   0.0000000   0.0000000   0.0000004   0.0000023   0.0000071   0.0000154
   0.9701052   0.0000000   0.0000000   0.0000000   0.0000000   0.0000000   0.0000001   0.0000006   0.0000030   0.0000087   0.0000182
   0.9921530   0.0000000   0.0000000   0.0000000   0.0000000   0.0000000   0.0000001   0.0000009   0.0000039   0.0000107   0.0000215
   1.0142009   0.0000000   0.0000000   0.0000000   0.0000000   0.0000000   0.0000001   0.0000012   0.0000050   0.0000130   0.0000253
   1.0362487   0.0000000   0.0000000   0.0000000   0.0000000   0.0000000   0.0000002   0.0000016   0.0000064   0.0000158   0.0000296
   1.0582965   0.0000000   0.0000000   0.0000000   0.0000000   0.0000000   0.0000003   0.0000023   0.0000081   0.0000191   0.0000345
   1.0803444   0.0000000   0.0000000   0.0000000   0.0000000   0.0000000   0.0000004   0.0000031   0.0000103   0.0000230   0.0000401
   1.1023922   0.0000000   0.0000000   0.0000000   0.0000000   0.0000000   0.0000007   0.0000041   0.0000129   0.0000276   0.0000464
   1.1244401   0.0000000   0.0000000   0.0000000   0.0000000   0.0000001   0.0000010   0.0000055   0.0000161   0.0000328   0.0000535
   1.1464879   0.0000000   0.0000000   0.0000000   0.0000000   0.0000001   0.0000015   0.0000073   0.0000200   0.0000390   0.0000614
   1.1685358   0.0000000   0.0000000   0.0000000   0.0000000   0.0000002   0.0000021   0.0000096   0.0000247   0.0000460   0.0000702
   1.1905836   0.0000000   0.0000000   0.0000000   0.0000000   0.0000003   0.0000031   0.0000125   0.0000303   0.0000540   0.0000800
   1.2126315   0.0000000   0.0000000   0.0000000   0.0000000   0.0000005   0.0000043   0.0000162   0.0000369   0.0000632   0.0000908
   1.2346793   0.0000000   0.0000000   0.0000000   0.0000000   0.0000007   0.0000061   0.0000208   0.0000447   0.0000735   0.0001027
   1.2567272   0.0000000   0.0000000   0.0000000   0.0000000   0.0000012   0.0000085   0.0000266   0.0000538   0.0000851   0.0001156
   1.2787750   0.0000000   0.0000000   0.0000000   0.0000001   0.0000019   0.0000117   0.0000336   0.0000644   0.0000981   0.0001297
   1.3008228   0.0000000   0.0000000   0.0000000   0.0000001   0.0000029   0.0000159   0.0000421   0.0000766   0.0001125   0.0001449
   1.3228707   0.0000000   0.0000000   0.0000000   0.0000002   0.0000045   0.0000214   0.0000524   0.0000906   0.0001284   0.0001613
   1.3449185   0.0000000   0.0000000   0.0000000   0.0000004   0.0000068   0.0000286   0.0000647   0.0001064   0.0001458   0.0001789
   1.3669664   0.0000000   0.0000000   0.0000000   0.0000008   0.0000102   0.0000376   0.0000793   0.0001243   0.0001649   0.0001976
   1.3890142   0.0000000   0.0000000   0.0000000   0.0000015   0.0000149   0.0000491   0.0000963   0.0001443   0.0001855   0.0002174
   1.4110621   0.0000000   0.0000000   0.0000000   0.0000026   0.0000215   0.0000633   0.0001161   0.0001665   0.0002077   0.0002382
   1.4331099   0.0000000   0.0000000   0.0000001   0.0000045   0.0000305   0.0000807   0.0001389   0.0001910   0.0002315   0.0002601
   1.4551578   0.0000000   0.0000000   0.0000002   0.0000077   0.0000426   0.0001019   0.0001648   0.0002177   0.0002567   0.0002828
   1.4772056   0.0000000   0.0000000   0.0000004   0.0000126   0.0000587   0.0001272   0.0001940   0.0002467   0.0002833   0.0003063
   1.4992534   0.0000000   0.0000000   0.0000009   0.0000203   0.0000796   0.0001571   0.0002265   0.0002778   0.0003112   0.0003305
   1.5213013   0.0000000   0.0000000   0.0000020   0.0000319   0.0001062   0.0001920   0.0002624   0.0003109   0.0003402   0.0003553
   1.5433491   0.0000000   0.0000000   0.0000042   0.0000489   0.0001395   0.0002320   0.0003017   0.0003459   0.0003701   0.0003804
   1.5653970   0.0000000   0.0000000   0.0000085   0.0000731   0.0001805   0.0002775   0.0003440   0.0003825   0.0004007   0.0004057
   1.5874448   0.0000000   0.0000001   0.0000167   0.0001067   0.0002299   0.0003282   0.0003892   0.0004204   0.0004318   0.0004310
   1.6094927   0.0000000   0.0000002   0.0000314   0.0001519   0.0002883   0.0003841   0.0004368   0.0004593   0.0004630   0.0004562
   1.6315405   0.0000000   0.0000008   0.0000563   0.0002112   0.0003559   0.0004446   0.0004864   0.0004987   0.0004941   0.0004809
   1.6535884   0.0000000   0.0000029   0.0000968   0.0002865   0.0004327   0.0005092   0.0005374   0.0005382   0.0005248   0.0005051
   1.6756362   0.0000000   0.0000088   0.0001595   0.0003794   0.0005178   0.0005768   0.0005890   0.0005773   0.0005548   0.0005284
   1.6976840   0.0000000   0.0000247   0.0002516   0.0004903   0.0006102   0.0006465   0.0006404   0.0006155   0.0005836   0.0005506
   1.7197319   0.0000000   0.0000624   0.0003802   0.0006184   0.0007079   0.0007167   0.0006908   0.0006523   0.0006110   0.0005717
   1.7417797   0.0000000   0.0001434   0.0005501   0.0007613   0.0008086   0.0007861   0.0007393   0.0006871   0.0006367   0.0005912
   1.7638276   0.0000004   0.0002987   0.0007623   0.0009146   0.0009094   0.0008528   0.0007850   0.0007194   0.0006602   0.0006092
   1.7858754   0.0000054   0.0005647   0.0010117   0.0010724   0.0010069   0.0009154   0.0008269   0.0007486   0.0006814   0.0006253
   1.8079233   0.0000470   0.0009687   0.0012859   0.0012273   0.0010977   0.0009719   0.0008641   0.0007743   0.0006999   0.0006395
   1.8299711   0.0002757   0.0015076   0.0015653   0.0013708   0.0011782   0.0010209   0.0008959   0.0007960   0.0007155   0.0006517
   1.8520190   0.0010966   0.0021291   0.0018248   0.0014944   0.0012451   0.0010608   0.0009215   0.0008134   0.0007280   0.0006617
   1.8740668   0.0029561   0.0027281   0.0020373   0.0015899   0.0012955   0.0010904   0.0009403   0.0008261   0.0007372   0.0006694
   1.8961147   0.0054014   0.0031718   0.0021784   0.0016509   0.0013271   0.0011089   0.0009520   0.0008340   0.0007430   0.0006750
   1.9181625   0.0066896   0.0033460   0.0022308   0.0016732   0.0013385   0.0011155   0.0009561   0.0008368   0.0007455   0.0006784
   1.9402103   0.0056158   0.0032028   0.0021879   0.0016550   0.0013292   0.0011101   0.0009527   0.0008346   0.0007445   0.0006797
   1.9622582   0.0031954   0.0027817   0.0020550   0.0015977   0.0012996   0.0010928   0.0009418   0.0008274   0.0007401   0.0006790
   1.9843060   0.0012324   0.0021921   0.0018486   0.0015053   0.0012510   0.0010643   0.0009237   0.0008154   0.0007326   0.0006765
   2.0063539   0.0003222   0.0015675   0.0015926   0.0013842   0.0011856   0.0010253   0.0008988   0.0007987   0.0007220   0.0006724
   2.0284017   0.0000571   0.0010170   0.0013140   0.0012423   0.0011063   0.0009772   0.0008676   0.0007777   0.0007086   0.0006671
   2.0504496   0.0000069   0.0005987   0.0010383   0.0010882   0.0010164   0.0009213   0.0008309   0.0007529   0.0006927   0.0006608
   2.0724974   0.0000006   0.0003198   0.0007857   0.0009303   0.0009194   0.0008593   0.0007895   0.0007246   0.0006748   0.0006541
   2.0945453   0.0000000   0.0001550   0.0005695   0.0007762   0.0008188   0.0007929   0.0007443   0.0006935   0.0006553   0.0006473
   2.1165931   0.0000000   0.0000682   0.0003953   0.0006321   0.0007179   0.0007237   0.0006962   0.0006601   0.0006346   0.0006411
   2.1386409   0.0000000   0.0000272   0.0002628   0.0005024   0.0006198   0.0006535   0.0006461   0.0006250   0.0006133   0.0006361
   2.1606888   0.0000000   0.0000098   0.0001673   0.0003897   0.0005268   0.0005838   0.0005951   0.0005890   0.0005921   0.0006330
   2.1827366   0.0000000   0.0000032   0.0001020   0.0002950   0.0004408   0.0005159   0.0005439   0.0005526   0.0005716   0.0006326
   2.2047845   0.0000000   0.0000010   0.0000596   0.0002180   0.0003632   0.0004510   0.0004935   0.0005167   0.0005526   0.0006358
   2.2268323   0.0000000   0.0000003   0.0000333   0.0001572   0.0002947   0.0003901   0.0004446   0.0004819   0.0005360   0.0006436
   2.2488802   0.0000000   0.0000001   0.0000178   0.0001106   0.0002353   0.0003339   0.0003980   0.0004490   0.0005226   0.0006570
   2.2709280   0.0000000   0.0000000   0.0000092   0.0000760   0.0001851   0.0002828   0.0003543   0.0004189   0.0005135   0.0006774
   2.2929759   0.0000000   0.0000000   0.0000045   0.0000510   0.0001433   0.0002371   0.0003141   0.0003923   0.0005096   0.0007059
   2.3150237   0.0000000   0.0000000   0.0000021   0.0000333   0.0001093   0.0001969   0.0002779   0.0003701   0.0005123   0.0007440
   2.3370715   0.0000000   0.0000000   0.0000010   0.0000213   0.0000820   0.0001621   0.0002462   0.0003533   0.0005229   0.0007933
   2.3591194   0.0000000   0.0000000   0.0000004   0.0000133   0.0000607   0.0001327   0.0002195   0.0003429   0.0005427   0.0008556
   2.3811672   0.0000000   0.0000000   0.0000002   0.0000081   0.0000442   0.0001083   0.0001983   0.0003400   0.0005733   0.0009325
   2.4032151   0.0000000   0.0000000   0.0000001   0.0000048   0.0000319   0.0000888   0.0001832   0.0003459   0.0006166   0.0010262
   2.4252629   0.0000000   0.0000000   0.0000000   0.0000028   0.0000228   0.0000740   0.0001749   0.0003621   0.0006744   0.0011388
   2.4473108   0.0000000   0.0000000   0.0000000   0.0000016   0.0000164   0.0000639   0.0001742   0.0003902   0.0007489   0.0012726
   2.4693586   0.0000000   0.0000000   0.0000000   0.0000009   0.0000121   0.0000584   0.0001822   0.0004320   0.0008424   0.0014301
   2.4914065   0.0000000   0.0000000   0.0000000   0.0000005   0.0000097   0.0000579   0.0002002   0.0004896   0.0009574   0.0016139
   2.5134543   0.0000000   0.0000000   0.0000000   0.0000003   0.0000089   0.0000630   0.0002298   0.0005656   0.0010967   0.0018270
   2.5355022   0.0000000   0.0000000   0.0000000   0.0000003   0.0000098   0.0000745   0.0002731   0.0006625   0.0012633   0.0020721
   2.5575500   0.0000000   0.0000000   0.0000000   0.0000005   0.0000127   0.0000938   0.0003324   0.0007834   0.0014605   0.0023525
   2.5795978   0.0000000   0.0000000   0.0000000   0.0000008   0.0000182   0.0001225   0.0004106   0.0009318   0.0016917   0.0026715
   2.6016457   0.0000000   0.0000000   0.0000000   0.0000014   0.0000271   0.0001632   0.0005111   0.0011115   0.0019608   0.0030324
   2.6236935   0.0000000   0.0000000   0.0000000   0.0000026   0.0000408   0.0002188   0.0006379   0.0013265   0.0022717   0.0034387
   2.6457414   0.0000000   0.0000000   0.0000000   0.0000047   0.0000612   0.0002932   0.0007956   0.0015815   0.0026285   0.0038941
   2.6677892   0.0000000   0.0000000   0.0000001   0.0000084   0.0000912   0.0003910   0.0009892   0.0018813   0.0030357   0.0044021
   2.6898371   0.0000000   0.0000000   0.0000003   0.0000145   0.0001343   0.0005176   0.0012244   0.0022312   0.0034979   0.0049666
   2.7118849   0.0000000   0.0000000   0.0000007   0.0000247   0.0001954   0.0006798   0.0015077   0.0026367   0.0040196   0.0055912
   2.7339328   0.0000000   0.0000000   0.0000016   0.0000414   0.0002807   0.0008849   0.0018457   0.0031038   0.0046058   0.0062794
   2.7559806   0.0000000   0.0000000   0.0000034   0.0000680   0.0003980   0.0011414   0.0022459   0.0036384   0.0052611   0.0070350
   2.7780284   0.0000000   0.0000000   0.0000071   0.0001098   0.0005570   0.0014590   0.0027160   0.0042469   0.0059905   0.0078612
   2.8000763   0.0000000   0.0000000   0.0000141   0.0001742   0.0007693   0.0018477   0.0032641   0.0049355   0.0067986   0.0087614
   2.8221241   0.0000000   0.0000002   0.0000274   0.0002714   0.0010487   0.0023188   0.0038984   0.0057107   0.0076902   0.0097385
   2.8441720   0.0000000   0.0000007   0.0000513   0.0004154   0.0014106   0.0028835   0.0046275   0.0065787   0.0086695   0.0107952
   2.8662198   0.0000000   0.0000023   0.0000933   0.0006246   0.0018725   0.0035535   0.0054595   0.0075456   0.0097407   0.0119339
   2.8882677   0.0000000   0.0000070   0.0001646   0.0009222   0.0024529   0.0043406   0.0064028   0.0086174   0.0109074   0.0131563
   2.9103155   0.0000000   0.0000193   0.0002828   0.0013368   0.0031711   0.0052560   0.0074652   0.0097996   0.0121730   0.0144640
   2.9323634   0.0000000   0.0000482   0.0004736   0.0019018   0.0040460   0.0063102   0.0086541   0.0110971   0.0135402   0.0158579
   2.9544112   0.0000000   0.0001099   0.0007744   0.0026549   0.0050952   0.0075127   0.0099764   0.0125145   0.0150109   0.0173381
   2.9764590   0.0000006   0.0002302   0.0012375   0.0036357   0.0063341   0.0088720   0.0114382   0.0140552   0.0165865   0.0189044
   2.9985069   0.0000063   0.0004447   0.0019324   0.0048827   0.0077746   0.0103947   0.0130448   0.0157223   0.0182674   0.0205557
   3.0205547   0.0000476   0.0008001   0.0029470   0.0064294   0.0094242   0.0120864   0.0148006   0.0175176   0.0200533   0.0222900
   3.0426026   0.0002453   0.0013587   0.0043839   0.0082997   0.0112855   0.0139509   0.0167089   0.0194418   0.0219428   0.0241050
   3.0646504   0.0008628   0.0022192   0.0063504   0.0105026   0.0133558   0.0159904   0.0187717   0.0214945   0.0239331   0.0259970
   3.0866983   0.0020981   0.0035567   0.0089416   0.0130284   0.0156279   0.0182062   0.0209898   0.0236737   0.0260209   0.0279619
   3.1087461   0.0036337   0.0056747   0.0122143   0.0158462   0.0180907   0.0205982   0.0233627   0.0259764   0.0282012   0.0299946
   3.1307940   0.0047745   0.0090233   0.0161592   0.0189043   0.0207309   0.0231654   0.0258881   0.0283975   0.0304680   0.0320892
   3.1528418   0.0053071   0.0141174   0.0206744   0.0221337   0.0235351   0.0259062   0.0285622   0.0309305   0.0328141   0.0342391
   3.1748896   0.0060967   0.0213037   0.0255534   0.0254561   0.0264918   0.0288182   0.0313789   0.0335671   0.0352309   0.0364366
   3.1969375   0.0105721   0.0304215   0.0304938   0.0287944   0.0295937   0.0318983   0.0343305   0.0362971   0.0377087   0.0386738
   3.2189853   0.0266368   0.0405287   0.0351345   0.0320869   0.0328393   0.0351422   0.0374064   0.0391087   0.0402368   0.0409417
   3.2410332   0.0598138   0.0499292   0.0391184   0.0352998   0.0362336   0.0385441   0.0405939   0.0419880   0.0428031   0.0432309
   3.2630810   0.0967564   0.0566321   0.0421713   0.0384395   0.0397879   0.0420958   0.0438774   0.0449195   0.0453948   0.0455316
   3.2851289   0.1086836   0.0591052   0.0441803   0.0415581   0.0435176   0.0457860   0.0472382   0.0478858   0.0479981   0.0478335
   3.3071767   0.0859395   0.0569452   0.0452517   0.0447535   0.0474400   0.0495994   0.0506550   0.0508681   0.0505987   0.0501263
   3.3292246   0.0504031   0.0510802   0.0457322   0.0481599   0.0515692   0.0535155   0.0541034   0.0538462   0.0531816   0.0523992
   3.3512724   0.0252249   0.0433996   0.0461833   0.0519298   0.0559116   0.0575078   0.0575561   0.0567989   0.0557317   0.0546418
   3.3733203   0.0155310   0.0360774   0.0473089   0.0562103   0.0604602   0.0615435   0.0609832   0.0597041   0.0582338   0.0568438
   3.3953681   0.0161921   0.0310212   0.0498440   0.0611140   0.0651904   0.0655828   0.0643527   0.0625395   0.0606728   0.0589951
   3.4174159   0.0194924   0.0297240   0.0544207   0.0666922   0.0700561   0.0695793   0.0676309   0.0652825   0.0630344   0.0610863
   3.4394638   0.0194042   0.0334476   0.0614323   0.0729129   0.0749880   0.0734806   0.0707832   0.0679114   0.0653046   0.0631084
   3.4615116   0.0166302   0.0433825   0.0709191   0.0796484   0.0798944   0.0772297   0.0737749   0.0704051   0.0674709   0.0650535
   3.4835595   0.0176231   0.0604233   0.0825028   0.0866767   0.0846644   0.0807668   0.0765721   0.0727444   0.0695216   0.0669144
   3.5056073   0.0311356   0.0844699   0.0953891   0.0936965   0.0891735   0.0840313   0.0791430   0.0749117   0.0714470   0.0686850
   3.5276552   0.0687680   0.1135777   0.1084544   0.1003556   0.0932912   0.0869650   0.0814588   0.0768923   0.0732388   0.0703603
   3.5497030   0.1395164   0.1435789   0.1204090   0.1062878   0.0968898   0.0895140   0.0834947   0.0786742   0.0748909   0.0719368
   3.5717509   0.2328064   0.1687303   0.1300132   0.1111543   0.0998539   0.0916323   0.0852311   0.0802489   0.0763991   0.0734120
   3.5937987   0.3072443   0.1834412   0.1363008   0.1146819   0.1020892   0.0932839   0.0866547   0.0816115   0.0777616   0.0747848
   3.6158465   0.3120312   0.1844267   0.1387547   0.1166927   0.1035293   0.0944453   0.0877586   0.0827612   0.0789788   0.0760556
   3.6378944   0.2382119   0.1721909   0.1373898   0.1171217   0.1041415   0.0951071   0.0885436   0.0837012   0.0800534   0.0772261
   3.6599422   0.1354740   0.1509556   0.1327194   0.1160181   0.1039283   0.0952747   0.0890180   0.0844389   0.0809906   0.0782991
   3.6819901   0.0605938   0.1269746   0.1256162   0.1135333   0.1029280   0.0949693   0.0891979   0.0849855   0.0817973   0.0792790
   3.7040379   0.0314559   0.1060727   0.1171093   0.1098972   0.1012110   0.0942267   0.0891067   0.0853561   0.0824828   0.0801710
   3.7260858   0.0377736   0.0916398   0.1081740   0.1053873   0.0988753   0.0930969   0.0887749   0.0855692   0.0830581   0.0809815
   3.7481336   0.0652281   0.0839578   0.0995709   0.1002976   0.0960398   0.0916418   0.0882388   0.0856464   0.0835357   0.0817179
   3.7701815   0.0979264   0.0809437   0.0917673   0.0949100   0.0928371   0.0899332   0.0875399   0.0856116   0.0839294   0.0823880
   3.7922293   0.1141168   0.0796766   0.0849446   0.0894734   0.0894066   0.0880503   0.0867236   0.0854905   0.0842538   0.0830004
   3.8142771   0.1008011   0.0778258   0.0790718   0.0841917   0.0858885   0.0860766   0.0858374   0.0853098   0.0845243   0.0835642
   3.8363250   0.0733846   0.0743618   0.0740055   0.0792202   0.0824179   0.0840973   0.0849298   0.0850967   0.0847563   0.0840886
   3.8583728   0.0585556   0.0694584   0.0695832   0.0746701   0.0791215   0.0821960   0.0840486   0.0848778   0.0849653   0.0845827
   3.8804207   0.0595216   0.0639371   0.0656822   0.0706179   0.0761146   0.0804522   0.0832392   0.0846786   0.0851661   0.0850555
   3.9024685   0.0591820   0.0587105   0.0622402   0.0671170   0.0734999   0.0789385   0.0825433   0.0845227   0.0853728   0.0855160
   3.9245164   0.0507467   0.0544801   0.0592441   0.0642103   0.0713663   0.0777185   0.0819978   0.0844315   0.0855984   0.0859723
   3.9465642   0.0427482   0.0516561   0.0567062   0.0619405   0.0697883   0.0768443   0.0816329   0.0844229   0.0858543   0.0864322
   3.9686121   0.0394614   0.0503348   0.0546439   0.0603581   0.0688258   0.0763555   0.0814720   0.0845117   0.0861505   0.0869025
   3.9906599   0.0395106   0.0502462   0.0530778   0.0595248   0.0685224   0.0762771   0.0815306   0.0847088   0.0864953   0.0873896
   4.0127078   0.0467810   0.0507387   0.0520498   0.0595131   0.0689037   0.0766193   0.0818160   0.0850213   0.0868950   0.0878985
   4.0347556   0.0619807   0.0509323   0.0516546   0.0604002   0.0699755   0.0773764   0.0823273   0.0854524   0.0873541   0.0884337
   4.0568034   0.0721970   0.0500821   0.0520704   0.0622580   0.0717210   0.0785275   0.0830560   0.0860013   0.0878752   0.0889984
   4.0788513   0.0653741   0.0480223   0.0535723   0.0651379   0.0740986   0.0800371   0.0839858   0.0866638   0.0884591   0.0895951
   4.1008991   0.0461305   0.0454617   0.0565114   0.0690535   0.0770399   0.0818561   0.0850945   0.0874326   0.0891050   0.0902252
   4.1229470   0.0271079   0.0439535   0.0612550   0.0739624   0.0804496   0.0839240   0.0863545   0.0882976   0.0898103   0.0908894
   4.1449948   0.0162794   0.0455379   0.0680914   0.0797503   0.0842065   0.0861714   0.0877342   0.0892466   0.0905715   0.0915873
   4.1670427   0.0177191   0.0522065   0.0771180   0.0862215   0.0881673   0.0885232   0.0891998   0.0902658   0.0913837   0.0923180
   4.1890905   0.0326791   0.0653517   0.0881395   0.0930979   0.0921724   0.0909021   0.0907169   0.0913406   0.0922412   0.0930799
   4.2111384   0.0551824   0.0852769   0.1006066   0.1000291   0.0960541   0.0932325   0.0922516   0.0924563   0.0931380   0.0938709
   4.2331862   0.0783412   0.1107913   0.1136216   0.1066155   0.0996469   0.0954444   0.0937727   0.0935981   0.0940674   0.0946882
   4.2552340   0.1134400   0.1390026   0.1260226   0.1124410   0.1027985   0.0974771   0.0952525   0.0947527   0.0950227   0.0955290
   4.2772819   0.1816721   0.1655670   0.1365374   0.1171141   0.1053816   0.0992827   0.0966682   0.0959076   0.0959975   0.0963901
   4.2993297   0.2672483   0.1855998   0.1439818   0.1203112   0.1073043   0.1008286   0.0980026   0.0970523   0.0969856   0.0972682
   4.3213776   0.3087655   0.1950952   0.1474596   0.1218160   0.1085186   0.1020991   0.0992448   0.0981782   0.0979810   0.0981598
   4.3434254   0.2714507   0.1922571   0.1465220   0.1215505   0.1090260   0.1030965   0.1003900   0.0992788   0.0989787   0.0990618
   4.3654733   0.1970357   0.1780359   0.1412495   0.1195912   0.1088785   0.1038401   0.1014394   0.1003498   0.0999740   0.0999708
   4.3875211   0.1432992   0.1555905   0.1322434   0.1161689   0.1081767   0.1043648   0.1023997   0.1013887   0.1009631   0.1008839
   4.4095690   0.1150077   0.1290377   0.1205316   0.1116505   0.1070619   0.1047180   0.1032823   0.1023951   0.1019429   0.1017982
   4.4316168   0.0891417   0.1022107   0.1074152   0.1065062   0.1057056   0.1049564   0.1041017   0.1033699   0.1029108   0.1027110
   4.4536646   0.0600678   0.0779644   0.0942918   0.1012642   0.1042956   0.1051411   0.1048749   0.1043154   0.1038651   0.1036202
   4.4757125   0.0347520   0.0580960   0.0824884   0.0964599   0.1030204   0.1053333   0.1056195   0.1052347   0.1048043   0.1045236
   4.4977603   0.0173169   0.0436033   0.0731276   0.0925850   0.1020536   0.1055897   0.1063525   0.1061314   0.1057277   0.1054194
   4.5198082   0.0086431   0.0349753   0.0670399   0.0900412   0.1015390   0.1059580   0.1070893   0.1070091   0.1066349   0.1063062
   4.5418560   0.0081396   0.0323805   0.0647182   0.0891040   0.1015786   0.1064740   0.1078424   0.1078715   0.1075256   0.1071828
   4.5639039   0.0144051   0.0357577   0.0663090   0.0898994   0.1022246   0.1071588   0.1086209   0.1087213   0.1084000   0.1080483
   4.5859517   0.0255573   0.0448374   0.0716284   0.0923952   0.1034751   0.1080176   0.1094299   0.1095611   0.1092582   0.1089019
   4.6079996   0.0392693   0.0590886   0.0801954   0.0964070   0.1052753   0.1090404   0.1102702   0.1103922   0.1101003   0.1097431
   4.6300474   0.0558920   0.0776022   0.0912788   0.1016173   0.1075237   0.1102029   0.1111389   0.1112153   0.1109268   0.1105719
   4.6520952   0.0826404   0.0989960   0.1039552   0.1076067   0.1100813   0.1114693   0.1120297   0.1120301   0.1117377   0.1113881
   4.6741431   0.1262019   0.1214731   0.1171779   0.1138934   0.1127854   0.1127955   0.1129334   0.1128357   0.1125332   0.1121920
   4.6961909   0.1732751   0.1430814   0.1298555   0.1199768   0.1154643   0.1141335   0.1138391   0.1136303   0.1133136   0.1129839
   4.7182388   0.1953187   0.1620469   0.1409378   0.1253841   0.1179532   0.1154355   0.1147352   0.1144120   0.1140790   0.1137646
   4.7402866   0.1889654   0.1769540   0.1495043   0.1297120   0.1201087   0.1166577   0.1156099   0.1151784   0.1148296   0.1145349
   4.7623345   0.1864649   0.1866751   0.1548489   0.1326640   0.1218212   0.1177641   0.1164526   0.1159272   0.1155659   0.1152959
   4.7843823   0.2106313   0.1902204   0.1565527   0.1340766   0.1230239   0.1187292   0.1172547   0.1166563   0.1162882   0.1160490
   4.8064302   0.2407843   0.1868041   0.1545368   0.1339334   0.1236978   0.1195394   0.1180098   0.1173641   0.1169973   0.1167957
   4.8284780   0.2360003   0.1762267   0.1490850   0.1323651   0.1238713   0.1201938   0.1187141   0.1180494   0.1176941   0.1175379
   4.8505259   0.1873432   0.1593240   0.1408301   0.1296354   0.1236162   0.1207032   0.1193668   0.1187118   0.1183801   0.1182779
   4.8725737   0.1292639   0.1380822   0.1307000   0.1261128   0.1230391   0.1210889   0.1199698   0.1193517   0.1190570   0.1190180
   4.8946215   0.0925931   0.1152505   0.1198261   0.1222328   0.1222698   0.1213795   0.1205270   0.1199704   0.1197271   0.1197612
   4.9166694   0.0725320   0.0936652   0.1094234   0.1184516   0.1214481   0.1216084   0.1210445   0.1205698   0.1203930   0.1205104
   4.9387172   0.0543034   0.0756935   0.1006542   0.1151996   0.1207095   0.1218098   0.1215296   0.1211531   0.1210580   0.1212693
   4.9607651   0.0390942   0.0630519   0.0944931   0.1128367   0.1201722   0.1220159   0.1219901   0.1217239   0.1217260   0.1220414
   4.9828129   0.0317748   0.0569318   0.0916097   0.1116160   0.1199263   0.1222538   0.1224342   0.1222868   0.1224013   0.1228310
   5.0048608   0.0289519   0.0581446   0.0922850   0.1116603   0.1200261   0.1225431   0.1228695   0.1228473   0.1230889   0.1236422
   5.0269086   0.0282005   0.0670199   0.0963753   0.1129531   0.1204857   0.1228948   0.1233033   0.1234115   0.1237944   0.1244797
   5.0489565   0.0368136   0.0830204   0.1033318   0.1153453   0.1212802   0.1233110   0.1237419   0.1239860   0.1245236   0.1253483
   5.0710043   0.0690124   0.1043210   0.1122771   0.1185767   0.1223493   0.1237852   0.1241911   0.1245785   0.1252832   0.1262529
   5.0930521   0.1302541   0.1277507   0.1221304   0.1223092   0.1236051   0.1243041   0.1246564   0.1251970   0.1260799   0.1271985
   5.1151000   0.1984299   0.1493747   0.1317613   0.1261664   0.1249425   0.1248500   0.1251431   0.1258504   0.1269211   0.1281902
   5.1371478   0.2369112   0.1656140   0.1401452   0.1297761   0.1262503   0.1254031   0.1256574   0.1265482   0.1278140   0.1292330
   5.1591957   0.2325352   0.1744076   0.1464908   0.1328094   0.1274234   0.1259453   0.1262062   0.1273005   0.1287664   0.1303317
   5.1812435   0.2015824   0.1757969   0.1503183   0.1350119   0.1283730   0.1264627   0.1267983   0.1281179   0.1297856   0.1314912
   5.2032914   0.1668380   0.1715970   0.1514776   0.1362255   0.1290358   0.1269484   0.1274446   0.1290114   0.1308791   0.1327156
   5.2253392   0.1430422   0.1643296   0.1501161   0.1363970   0.1293803   0.1274049   0.1281584   0.1299925   0.1320539   0.1340090
   5.2473871   0.1334695   0.1560031   0.1466123   0.1355759   0.1294095   0.1278453   0.1289554   0.1310725   0.1333166   0.1353748
   5.2694349   0.1385939   0.1473964   0.1414973   0.1339017   0.1291618   0.1282938   0.1298540   0.1322628   0.1346732   0.1368160
   5.2914827   0.1572623   0.1381963   0.1353822   0.1315838   0.1287082   0.1287856   0.1308743   0.1335741   0.1361286   0.1383348
   5.3135306   0.1682178   0.1278432   0.1288969   0.1288776   0.1281472   0.1293654   0.1320381   0.1350164   0.1376870   0.1399328
   5.3355784   0.1435640   0.1165138   0.1226385   0.1260598   0.1275984   0.1300852   0.1333675   0.1365982   0.1393512   0.1416108
   5.3576263   0.0913639   0.1055762   0.1171260   0.1234056   0.1271949   0.1310018   0.1348842   0.1383267   0.1411228   0.1433686
   5.3796741   0.0482535   0.0971780   0.1127580   0.1211715   0.1270750   0.1321733   0.1366079   0.1402068   0.1430019   0.1452055
   5.4017220   0.0370762   0.0931925   0.1097815   0.1195831   0.1273740   0.1336553   0.1385553   0.1422407   0.1449871   0.1471196
   5.4237698   0.0576624   0.0941880   0.1082805   0.1188295   0.1282168   0.1354976   0.1407387   0.1444281   0.1470753   0.1491085
   5.4458177   0.0984100   0.0990768   0.1081967   0.1190628   0.1297110   0.1377400   0.1431647   0.1467652   0.1492618   0.1511687
   5.4678655   0.1369744   0.1056475   0.1093832   0.1204012   0.1319406   0.1404098   0.1458332   0.1492453   0.1515405   0.1532961
   5.4899134   0.1477814   0.1116225   0.1116811   0.1229323   0.1349611   0.1435183   0.1487369   0.1518578   0.1539034   0.1554860
   5.5119612   0.1296305   0.1156055   0.1150016   0.1267153   0.1387953   0.1470592   0.1518601   0.1545891   0.1563416   0.1577329
   5.5340090   0.1112809   0.1174620   0.1193862   0.1317798   0.1434302   0.1510077   0.1551794   0.1574223   0.1588446   0.1600312
   5.5560569   0.1122244   0.1181150   0.1250261   0.1381197   0.1488154   0.1553195   0.1586635   0.1603377   0.1614014   0.1623746
   5.5781047   0.1176075   0.1190755   0.1322282   0.1456825   0.1548625   0.1599323   0.1622739   0.1633133   0.1640000   0.1647570
   5.6001526   0.1102146   0.1220576   0.1413302   0.1543575   0.1614467   0.1647673   0.1659665   0.1663254   0.1666284   0.1671718
   5.6222004   0.1035524   0.1287937   0.1525812   0.1639637   0.1684094   0.1697319   0.1696923   0.1693494   0.1692743   0.1696130
   5.6442483   0.1154871   0.1409121   0.1660137   0.1742428   0.1755643   0.1747236   0.1733998   0.1723607   0.1719261   0.1720746
   5.6662961   0.1328471   0.1596358   0.1813405   0.1848595   0.1827043   0.1796338   0.1770370   0.1753353   0.1745728   0.1745510
   5.6883440   0.1387503   0.1851858   0.1979064   0.1954128   0.1896111   0.1843534   0.1805532   0.1782511   0.1772047   0.1770373
   5.7103918   0.1575284   0.2160718   0.2147162   0.2054580   0.1960659   0.1887775   0.1839018   0.1810885   0.1798135   0.1795289
   5.7324396   0.2307450   0.2487568   0.2305441   0.2145383   0.2018620   0.1928105   0.1870418   0.1838314   0.1823926   0.1820222
   5.7544875   0.3441300   0.2781868   0.2441075   0.2222221   0.2068160   0.1963716   0.1899406   0.1864678   0.1849373   0.1845143
   5.7765353   0.4194537   0.2992364   0.2542705   0.2281427   0.2107803   0.1993986   0.1925752   0.1889908   0.1874452   0.1870030
   5.7985832   0.4075499   0.3084587   0.2602300   0.2320327   0.2136518   0.2018522   0.1949337   0.1913983   0.1899159   0.1894868
   5.8206310   0.3431161   0.3052092   0.2616412   0.2337502   0.2153800   0.2037178   0.1970164   0.1936939   0.1923515   0.1919649
   5.8426789   0.2861034   0.2915832   0.2586521   0.2332924   0.2159710   0.2050079   0.1988360   0.1958865   0.1947557   0.1944372
   5.8647267   0.2626327   0.2713722   0.2518434   0.2307950   0.2154879   0.2057615   0.2004176   0.1979903   0.1971344   0.1969040
   5.8867746   0.2542884   0.2487464   0.2420951   0.2265192   0.2140485   0.2060438   0.2017980   0.2000240   0.1994950   0.1993658
   5.9088224   0.2222205   0.2272390   0.2304201   0.2208271   0.2118188   0.2059429   0.2030246   0.2020107   0.2018461   0.2018233
   5.9308702   0.1672787   0.2091362   0.2178100   0.2141512   0.2090048   0.2055675   0.2041534   0.2039761   0.2041968   0.2042769
   5.9529181   0.1380359   0.1951457   0.2051291   0.2069602   0.2058412   0.2050414   0.2052471   0.2059484   0.2065567   0.2067270
   5.9749659   0.1621247   0.1843803   0.1930728   0.1997272   0.2025799   0.2044989   0.2063723   0.2079565   0.2089349   0.2091730
   5.9970138   0.2087442   0.1748872   0.1821819   0.1929005   0.1994779   0.2040794   0.2075969   0.2100285   0.2113395   0.2116137
   6.0190616   0.2236732   0.1647639   0.1728878   0.1868815   0.1967859   0.2039206   0.2089872   0.2121910   0.2137772   0.2140469
   6.0411095   0.1865535   0.1534053   0.1655528   0.1820093   0.1947374   0.2041534   0.2106048   0.2144672   0.2162525   0.2164689
   6.0631573   0.1256480   0.1421418   0.1604820   0.1785522   0.1935406   0.2048959   0.2125036   0.2168760   0.2187674   0.2188746
   6.0852052   0.0793746   0.1337979   0.1578978   0.1767066   0.1933710   0.2062485   0.2147274   0.2194302   0.2213206   0.2212574
   6.1072530   0.0651891   0.1313714   0.1578915   0.1766005   0.1943661   0.2082887   0.2173076   0.2221364   0.2239075   0.2236087
   6.1293009   0.0833148   0.1365502   0.1603813   0.1783030   0.1966215   0.2110681   0.2202608   0.2249934   0.2265196   0.2259185
   6.1513487   0.1231785   0.1488187   0.1651087   0.1818348   0.2001885   0.2146091   0.2235879   0.2279919   0.2291447   0.2281747
   6.1733965   0.1666363   0.1655066   0.1716933   0.1871804   0.2050725   0.2189033   0.2272731   0.2311145   0.2317663   0.2303634
   6.1954444   0.2050495   0.1826817   0.1797402   0.1942959   0.2112318   0.2239108   0.2312837   0.2343352   0.2343643   0.2324692
   6.2174922   0.2410217   0.1965221   0.1889716   0.2031136   0.2185774   0.2295602   0.2355703   0.2376202   0.2369149   0.2344752
   6.2395401   0.2664404   0.2047286   0.1993346   0.2135376   0.2269735   0.2357508   0.2400682   0.2409280   0.2393908   0.2363633
   6.2615879   0.2598688   0.2075293   0.2110404   0.2254339   0.2362387   0.2423545   0.2446987   0.2442108   0.2417622   0.2381143
   6.2836358   0.2108130   0.2078805   0.2245039   0.2386134   0.2461486   0.2492204   0.2493717   0.2474151   0.2439967   0.2397085
   6.3056836   0.1476227   0.2106750   0.2401884   0.2528136   0.2564404   0.2561787   0.2539878   0.2504835   0.2460607   0.2411257
   6.3277315   0.1253226   0.2211521   0.2583890   0.2676826   0.2668194   0.2630469   0.2584417   0.2533559   0.2479197   0.2423462
   6.3497793   0.1654063   0.2430572   0.2790174   0.2827719   0.2769682   0.2696357   0.2626255   0.2559712   0.2495391   0.2433504
   6.3718271   0.2284265   0.2771821   0.3014527   0.2975421   0.2865581   0.2757559   0.2664319   0.2582691   0.2508853   0.2441202
   6.3938750   0.2764527   0.3207353   0.3245120   0.3113847   0.2952632   0.2812252   0.2697576   0.2601916   0.2519266   0.2446386
   6.4159228   0.3438219   0.3677562   0.3465585   0.3236605   0.3027750   0.2858749   0.2725067   0.2616849   0.2526336   0.2448905
   6.4379707   0.4758335   0.4105871   0.3657292   0.3337495   0.3088182   0.2895563   0.2745937   0.2627007   0.2529806   0.2448632
   6.4600185   0.6057305   0.4420922   0.3802307   0.3411078   0.3131654   0.2921457   0.2759460   0.2631976   0.2529457   0.2445466
   6.4820664   0.6133854   0.4578123   0.3886350   0.3453219   0.3156493   0.2935492   0.2765061   0.2631426   0.2525120   0.2439336
   6.5041142   0.5045701   0.4569854   0.3901120   0.3461532   0.3161720   0.2937054   0.2762333   0.2625117   0.2516679   0.2430204
   6.5261621   0.4014518   0.4418659   0.3845538   0.3435641   0.3147096   0.2925871   0.2751048   0.2612908   0.2504075   0.2418066
   6.5482099   0.3852816   0.4159190   0.3725762   0.3377223   0.3113119   0.2902014   0.2731157   0.2594761   0.2487310   0.2402957
   6.5702577   0.4261027   0.3822951   0.3554040   0.3289822   0.3060974   0.2865879   0.2702793   0.2570743   0.2466447   0.2384948
   6.5923056   0.4284638   0.3436532   0.3346719   0.3178454   0.2992430   0.2818160   0.2666264   0.2541026   0.2441614   0.2364146
   6.6143534   0.3430998   0.3031024   0.3121763   0.3049072   0.2909710   0.2759812   0.2622035   0.2505878   0.2412999   0.2340700
   6.6364013   0.2205427   0.2649511   0.2896221   0.2907961   0.2815335   0.2691996   0.2570718   0.2465667   0.2380847   0.2314792
   6.6584491   0.1285069   0.2340861   0.2684060   0.2761142   0.2711957   0.2616035   0.2513049   0.2420844   0.2345462   0.2286637
   6.6804970   0.0895910   0.2140287   0.2494708   0.2613881   0.2602205   0.2533351   0.2449867   0.2371937   0.2307197   0.2256485
   6.7025448   0.1148995   0.2049707   0.2332536   0.2470329   0.2488549   0.2445419   0.2382090   0.2319539   0.2266450   0.2224612
   6.7245927   0.2065912   0.2033435   0.2197285   0.2333344   0.2373201   0.2353718   0.2310694   0.2264300   0.2223658   0.2191319
   6.7466405   0.3059985   0.2035114   0.2085242   0.2204484   0.2258044   0.2259691   0.2236688   0.2206906   0.2179288   0.2156928
   6.7686883   0.3194053   0.2006996   0.1990741   0.2084151   0.2144616   0.2164714   0.2161098   0.2148074   0.2133832   0.2121776
   6.7907362   0.2327199   0.1933404   0.1907588   0.1971846   0.2034113   0.2070077   0.2084940   0.2088537   0.2087797   0.2086211
   6.8127840   0.1285318   0.1833446   0.1830063   0.1866493   0.1927441   0.1976967   0.2009209   0.2029027   0.2041696   0.2050590
   6.8348319   0.0793095   0.1741894   0.1753430   0.1766766   0.1825272   0.1886468   0.1934865   0.1970269   0.1996043   0.2015265
   6.8568797   0.0970963   0.1681766   0.1674078   0.1671404   0.1728123   0.1799561   0.1862818   0.1912967   0.1951343   0.1980590
   6.8789276   0.1620891   0.1647165   0.1589541   0.1579461   0.1636431   0.1717127   0.1793917   0.1857793   0.1908083   0.1946905
   6.9009754   0.2327652   0.1606999   0.1498589   0.1490485   0.1550617   0.1639962   0.1728948   0.1805379   0.1866726   0.1914538
   6.9230233   0.2514257   0.1525706   0.1401430   0.1404606   0.1471139   0.1568780   0.1668622   0.1756305   0.1827708   0.1883799
   6.9450711   0.1955822   0.1386410   0.1299892   0.1322546   0.1398518   0.1504220   0.1613573   0.1711098   0.1791424   0.1854974
   6.9671190   0.1088969   0.1201868   0.1197386   0.1245551   0.1333350   0.1446857   0.1564353   0.1670222   0.1758230   0.1828322
   6.9891668   0.0472072   0.1007844   0.1098534   0.1175264   0.1276292   0.1397195   0.1521429   0.1634069   0.1728434   0.1804073
   7.0112146   0.0251798   0.0844707   0.1008493   0.1113551   0.1228031   0.1355668   0.1485178   0.1602965   0.1702297   0.1782425
   7.0332625   0.0288061   0.0738788   0.0932167   0.1062316   0.1189244   0.1322637   0.1455886   0.1577156   0.1680023   0.1763539
   7.0553103   0.0445786   0.0692971   0.0873576   0.1023309   0.1160551   0.1298378   0.1433748   0.1556814   0.1661764   0.1747541
   7.0773582   0.0687963   0.0689605   0.0835536   0.0997952   0.1142466   0.1283071   0.1418860   0.1542032   0.1647617   0.1734518
   7.0994060   0.0969816   0.0702572   0.0819669   0.0987217   0.1135355   0.1276792   0.1411224   0.1532826   0.1637620   0.1724521
   7.1214539   0.1105013   0.0712150   0.0826579   0.0991537   0.1139405   0.1279503   0.1410743   0.1529137   0.1631759   0.1717561
   7.1435017   0.0931955   0.0715970   0.0855977   0.1010787   0.1154599   0.1291037   0.1417223   0.1530830   0.1629965   0.1713612
   7.1655496   0.0568001   0.0731123   0.0906610   0.1044322   0.1180708   0.1311100   0.1430375   0.1537701   0.1632119   0.1712613
   7.1875974   0.0273152   0.0785855   0.0976021   0.1091071   0.1217291   0.1339261   0.1449820   0.1549481   0.1638052   0.1714467
   7.2096452   0.0200132   0.0903697   0.1060378   0.1149669   0.1263706   0.1374953   0.1475090   0.1565841   0.1647554   0.1719046
   7.2316931   0.0436179   0.1087014   0.1154632   0.1218615   0.1319121   0.1417479   0.1505641   0.1586395   0.1660370   0.1726192
   7.2537409   0.1075237   0.1308615   0.1253228   0.1296418   0.1382532   0.1466018   0.1540856   0.1610715   0.1676216   0.1735721
   7.2757888   0.2014283   0.1517688   0.1351301   0.1381705   0.1452777   0.1519642   0.1580062   0.1638331   0.1694773   0.1747425
   7.2978366   0.2787840   0.1659829   0.1446031   0.1473273   0.1528550   0.1577327   0.1622540   0.1668746   0.1715702   0.1761076
   7.3198845   0.2880061   0.1703151   0.1537619   0.1570058   0.1608415   0.1637980   0.1667538   0.1701441   0.1738641   0.1776433
   7.3419323   0.2224068   0.1657643   0.1629394   0.1671023   0.1690817   0.1700460   0.1714291   0.1735884   0.1763219   0.1793239
   7.3639802   0.1268623   0.1576674   0.1726817   0.1774995   0.1774102   0.1763612   0.1762034   0.1771542   0.1789056   0.1811231
   7.3860280   0.0539537   0.1537646   0.1835547   0.1880475   0.1856549   0.1826294   0.1810019   0.1807888   0.1815772   0.1830143
   7.4080758   0.0268194   0.1609220   0.1959149   0.1985479   0.1936405   0.1887414   0.1857532   0.1844409   0.1842991   0.1849708
   7.4301237   0.0538220   0.1819916   0.2097204   0.2087455   0.2011943   0.1945961   0.1903905   0.1880615   0.1870345   0.1869660
   7.4521715   0.1521088   0.2143396   0.2244453   0.2183314   0.2081538   0.2001037   0.1948533   0.1916045   0.1897482   0.1889744
   7.4742194   0.3110715   0.2508573   0.2391295   0.2269601   0.2143744   0.2051888   0.1990881   0.1950271   0.1924067   0.1909716
   7.4962672   0.4415376   0.2830439   0.2525447   0.2342789   0.2197390   0.2097926   0.2030492   0.1982908   0.1949791   0.1929342
   7.5183151   0.4477213   0.3046053   0.2634235   0.2399676   0.2241663   0.2138743   0.2066992   0.2013610   0.1974366   0.1948410
   7.5403629   0.3577389   0.3136679   0.2706833   0.2437818   0.2276184   0.2174119   0.2100090   0.2042079   0.1997538   0.1966725
   7.5624108   0.2789973   0.3124990   0.2735932   0.2455938   0.2301055   0.2204016   0.2129577   0.2068061   0.2019080   0.1984116
   7.5844586   0.2531108   0.3051326   0.2718626   0.2454251   0.2316870   0.2228565   0.2155319   0.2091350   0.2038802   0.2000435
   7.6065065   0.2594097   0.2945278   0.2656608   0.2434624   0.2324684   0.2248041   0.2177249   0.2111786   0.2056547   0.2015563
   7.6285543   0.2929306   0.2810226   0.2555956   0.2400558   0.2325937   0.2262824   0.2195358   0.2129251   0.2072195   0.2029408
   7.6506021   0.3392732   0.2628827   0.2426743   0.2356948   0.2322335   0.2273363   0.2209682   0.2143672   0.2085662   0.2041906
   7.6726500   0.3389845   0.2383872   0.2282505   0.2309650   0.2315691   0.2280126   0.2220291   0.2155014   0.2096903   0.2053026
   7.6946978   0.2596094   0.2080168   0.2139456   0.2264876   0.2307752   0.2283560   0.2227280   0.2163283   0.2105910   0.2062766
   7.7167457   0.1476844   0.1753938   0.2015195   0.2228494   0.2300019   0.2284048   0.2230756   0.2168520   0.2112713   0.2071156
   7.7387935   0.0644403   0.1464909   0.1926816   0.2205293   0.2293589   0.2281875   0.2230836   0.2170802   0.2117381   0.2078258
   7.7608414   0.0278063   0.1276737   0.1888491   0.2198334   0.2289025   0.2277211   0.2227638   0.2170241   0.2120019   0.2084164
   7.7828892   0.0300514   0.1236824   0.1908908   0.2208462   0.2286295   0.2270098   0.2221282   0.2166982   0.2120769   0.2088997
   7.8049371   0.0630740   0.1364549   0.1989088   0.2234069   0.2284758   0.2260459   0.2211893   0.2161208   0.2119813   0.2092908
   7.8269849   0.1163194   0.1650074   0.2121168   0.2271170   0.2283236   0.2248124   0.2199609   0.2153135   0.2117364   0.2096080
   7.8490327   0.1771249   0.2059525   0.2288575   0.2313793   0.2280140   0.2232857   0.2184583   0.2143017   0.2113674   0.2098717
   7.8710806   0.2405349   0.2540553   0.2467778   0.2354665   0.2273651   0.2214404   0.2167001   0.2131148   0.2109026   0.2101050
   7.8931284   0.3056597   0.3025538   0.2631481   0.2386102   0.2261932   0.2192542   0.2147089   0.2117859   0.2103736   0.2103333
   7.9151763   0.3794020   0.3435128   0.2752784   0.2401001   0.2243353   0.2167132   0.2125128   0.2103525   0.2098150   0.2105837
   7.9372241   0.4755986   0.3687866   0.2809596   0.2393774   0.2216693   0.2138164   0.2101462   0.2088564   0.2092640   0.2108849
   7.9592720   0.5616885   0.3718890   0.2788440   0.2361107   0.2181305   0.2105796   0.2076512   0.2073434   0.2087604   0.2112671
   7.9813198   0.5492647   0.3502795   0.2686866   0.2302410   0.2137219   0.2070386   0.2050775   0.2058633   0.2083457   0.2117609
   8.0033677   0.4054168   0.3068792   0.2513922   0.2219910   0.2085176   0.2032504   0.2024838   0.2044700   0.2080633   0.2123978
   8.0254155   0.2154376   0.2497005   0.2288549   0.2118353   0.2026589   0.1992932   0.1999368   0.2032206   0.2079575   0.2132089
   8.0474633   0.0808674   0.1894569   0.2036237   0.2004391   0.1963441   0.1952654   0.1975113   0.2021752   0.2080732   0.2142250
   8.0695112   0.0226360   0.1362300   0.1784670   0.1885732   0.1898126   0.1912824   0.1952892   0.2013957   0.2084550   0.2154759
   8.0915590   0.0092845   0.0967921   0.1559281   0.1770198   0.1833271   0.1874735   0.1933582   0.2009457   0.2091466   0.2169898
   8.1136069   0.0140698   0.0736551   0.1379588   0.1664835   0.1771543   0.1839779   0.1918102   0.2008886   0.2101903   0.2187927
   8.1356547   0.0274943   0.0658315   0.1256912   0.1575196   0.1715480   0.1809395   0.1907397   0.2012869   0.2116258   0.2209084
   8.1577026   0.0482289   0.0704504   0.1193711   0.1504899   0.1667356   0.1785035   0.1902412   0.2022009   0.2134895   0.2233572
   8.1797504   0.0730046   0.0842035   0.1184417   0.1455495   0.1629095   0.1768117   0.1904075   0.2036871   0.2158137   0.2261562
   8.2017983   0.0915496   0.1039947   0.1217419   0.1426648   0.1602246   0.1759995   0.1913268   0.2057970   0.2186260   0.2293182
   8.2238461   0.1031563   0.1267798   0.1277707   0.1416565   0.1588004   0.1761925   0.1930806   0.2085753   0.2219481   0.2328514
   8.2458939   0.1330375   0.1491068   0.1349708   0.1422597   0.1587274   0.1775044   0.1957411   0.2120590   0.2257951   0.2367595
   8.2679418   0.2002596   0.1670719   0.1419852   0.1441906   0.1600764   0.1800346   0.1993691   0.2162754   0.2301750   0.2410406
   8.2899896   0.2724783   0.1771329   0.1478538   0.1472097   0.1629079   0.1838670   0.2040115   0.2212415   0.2350882   0.2456877
   8.3120375   0.2866636   0.1775526   0.1521207   0.1511732   0.1672812   0.1890675   0.2096995   0.2269624   0.2405266   0.2506879
   8.3340853   0.2214355   0.1695757   0.1548464   0.1560667   0.1732590   0.1956824   0.2164467   0.2334306   0.2464737   0.2560228
   8.3561332   0.1242620   0.1573614   0.1565347   0.1620174   0.1809095   0.2037363   0.2242474   0.2406250   0.2529041   0.2616682
   8.3781810   0.0577294   0.1463707   0.1580059   0.1692849   0.1903020   0.2132294   0.2330757   0.2485112   0.2597835   0.2675944
   8.4002289   0.0484248   0.1409484   0.1602595   0.1782329   0.2014987   0.2241352   0.2428842   0.2570404   0.2670690   0.2737664
   8.4222767   0.0918221   0.1424666   0.1643652   0.1892837   0.2145422   0.2363974   0.2536039   0.2661503   0.2747094   0.2801439
   8.4443246   0.1637820   0.1491472   0.1714008   0.2028609   0.2294405   0.2499283   0.2651443   0.2757653   0.2826454   0.2866821
   8.4663724   0.2216058   0.1577083   0.1824254   0.2193262   0.2461512   0.2646064   0.2773937   0.2857971   0.2908106   0.2933319
   8.4884202   0.2302596   0.1659329   0.1984509   0.2389145   0.2645673   0.2802760   0.2902207   0.2961464   0.2991323   0.3000410
   8.5104681   0.1919120   0.1747555   0.2203667   0.2616759   0.2845065   0.2967476   0.3034760   0.3067038   0.3075324   0.3067537
   8.5325159   0.1369137   0.1887386   0.2487921   0.2874306   0.3057055   0.3137999   0.3169947   0.3173518   0.3159286   0.3134125
   8.5545638   0.0999768   0.2146206   0.2838623   0.3157443   0.3278213   0.3311834   0.3305989   0.3279667   0.3242356   0.3199584
   8.5766116   0.1093967   0.2585022   0.3250031   0.3459300   0.3504396   0.3486259   0.3441021   0.3384211   0.3323667   0.3263317
   8.5986595   0.1797268   0.3228130   0.3707723   0.3770789   0.3730897   0.3658389   0.3573120   0.3485859   0.3402350   0.3324733
   8.6207073   0.3091489   0.4043170   0.4188501   0.4081217   0.3952654   0.3825258   0.3700356   0.3583330   0.3477548   0.3383250
   8.6427552   0.4901273   0.4940764   0.4662265   0.4379136   0.4164499   0.3983906   0.3820830   0.3675376   0.3548435   0.3438308
   8.6648030   0.6993861   0.5795674   0.5095814   0.4653355   0.4361423   0.4131470   0.3932726   0.3760814   0.3614224   0.3489375
   8.6868508   0.8655048   0.6482027   0.5457921   0.4893959   0.4538830   0.4265276   0.4034346   0.3838539   0.3674186   0.3535953
   8.7088987   0.9011933   0.6908005   0.5724602   0.5093213   0.4692761   0.4382916   0.4124158   0.3907559   0.3727660   0.3577590
   8.7309465   0.8108159   0.7035839   0.5883340   0.5246186   0.4820058   0.4482330   0.4200830   0.3967004   0.3774065   0.3613882
   8.7529944   0.7201329   0.6882247   0.5935231   0.5351018   0.4918471   0.4561853   0.4263265   0.4016152   0.3812909   0.3644482
   8.7750422   0.7092410   0.6506228   0.5894469   0.5408771   0.4986681   0.4620266   0.4310623   0.4054439   0.3843797   0.3669100
   8.7970901   0.6862116   0.5995428   0.5785215   0.5422905   0.5024271   0.4656815   0.4342345   0.4081471   0.3866438   0.3687509
   8.8191379   0.5556551   0.5455595   0.5636501   0.5398479   0.5031628   0.4671221   0.4358158   0.4097029   0.3880645   0.3699549
   8.8411858   0.3813514   0.4997660   0.5476276   0.5341216   0.5009819   0.4663671   0.4358085   0.4101071   0.3886340   0.3705123
   8.8632336   0.2757098   0.4715172   0.5325945   0.5256613   0.4960449   0.4634799   0.4342432   0.4093732   0.3883550   0.3704202
   8.8852814   0.2684334   0.4654431   0.5196611   0.5149243   0.4885524   0.4585653   0.4311787   0.4075315   0.3872407   0.3696819
   8.9073293   0.3492274   0.4791938   0.5087866   0.5022358   0.4787340   0.4517655   0.4266988   0.4046281   0.3853137   0.3683070
   8.9293771   0.5206411   0.5036316   0.4989291   0.4877849   0.4668401   0.4432556   0.4209106   0.4007235   0.3826057   0.3663107
   8.9514250   0.7134308   0.5260058   0.4884164   0.4716530   0.4531372   0.4332384   0.4139411   0.3958907   0.3791567   0.3637135
   8.9734728   0.7704037   0.5347994   0.4754327   0.4538667   0.4379070   0.4219394   0.4059333   0.3902133   0.3750131   0.3605408
   8.9955207   0.6482473   0.5237953   0.4584910   0.4344623   0.4214472   0.4096008   0.3970426   0.3837830   0.3702275   0.3568219
   9.0175685   0.4909590   0.4933947   0.4367788   0.4135479   0.4040723   0.3964761   0.3874320   0.3766975   0.3648567   0.3525899
   9.0396164   0.4166848   0.4489723   0.4103136   0.3913521   0.3861146   0.3828236   0.3772683   0.3690576   0.3589606   0.3478803
   9.0616642   0.3894301   0.3977291   0.3799028   0.3682487   0.3679220   0.3689004   0.3667171   0.3609649   0.3526010   0.3427308
   9.0837121   0.3346936   0.3459218   0.3469560   0.3447557   0.3498531   0.3549557   0.3559386   0.3525194   0.3458401   0.3371806
   9.1057599   0.2592171   0.2975247   0.3132264   0.3215085   0.3322679   0.3412243   0.3450839   0.3438170   0.3387391   0.3312693
   9.1278077   0.2122485   0.2542753   0.2805520   0.2992128   0.3155156   0.3279201   0.3342904   0.3349475   0.3313575   0.3250366
   9.1498556   0.2012315   0.2165133   0.2506457   0.2785849   0.2999198   0.3152296   0.3236794   0.3259928   0.3237514   0.3185215
   9.1719034   0.1926292   0.1842573   0.2249518   0.2602893   0.2857618   0.3033068   0.3133528   0.3170253   0.3159733   0.3117620
   9.1939513   0.1585900   0.1581081   0.2045595   0.2448788   0.2732644   0.2922676   0.3033910   0.3081069   0.3080709   0.3047943
   9.2159991   0.1031806   0.1395991   0.1901568   0.2327471   0.2625782   0.2821870   0.2938522   0.2992879   0.3000866   0.2976526
   9.2380470   0.0555090   0.1307377   0.1820105   0.2240955   0.2537702   0.2730966   0.2847713   0.2906071   0.2920573   0.2903688
   9.2600948   0.0434200   0.1328877   0.1799675   0.2189171   0.2468181   0.2649843   0.2761605   0.2820915   0.2840141   0.2829721
   9.2821427   0.0781856   0.1456311   0.1834828   0.2169984   0.2416090   0.2577961   0.2680105   0.2737568   0.2759825   0.2754890
   9.3041905   0.1522176   0.1663985   0.1916788   0.2179358   0.2379452   0.2514390   0.2602922   0.2656084   0.2679824   0.2679433
   9.3262383   0.2343701   0.1912299   0.2034319   0.2211653   0.2355542   0.2457870   0.2529598   0.2576420   0.2600285   0.2603561
   9.3482862   0.2788275   0.2162795   0.2174744   0.2260019   0.2341039   0.2406874   0.2459534   0.2498454   0.2521306   0.2527458
   9.3703340   0.2669206   0.2391559   0.2324920   0.2316849   0.2332224   0.2359692   0.2392030   0.2422001   0.2442946   0.2451282
   9.3923819   0.2398142   0.2593074   0.2472004   0.2374259   0.2325193   0.2314520   0.2326327   0.2346827   0.2365230   0.2375170
   9.4144297   0.2503195   0.2773260   0.2603950   0.2424572   0.2316081   0.2269551   0.2261640   0.2272668   0.2288154   0.2299238
   9.4364776   0.2910343   0.2937284   0.2709807   0.2460770   0.2301286   0.2223071   0.2197203   0.2199248   0.2211696   0.2223586
   9.4585254   0.3230851   0.3079881   0.2779976   0.2476900   0.2277665   0.2173541   0.2132307   0.2126296   0.2135820   0.2148297
   9.4805733   0.3412188   0.3182925   0.2806599   0.2468409   0.2242705   0.2119668   0.2066325   0.2053561   0.2060488   0.2073446
   9.5026211   0.3590131   0.3220287   0.2784123   0.2432382   0.2194645   0.2060466   0.1998749   0.1980826   0.1985661   0.1999099
   9.5246689   0.3763854   0.3167093   0.2709983   0.2367688   0.2132550   0.1995295   0.1929204   0.1907917   0.1911309   0.1925314
   9.5467168   0.3756999   0.3009615   0.2585181   0.2274991   0.2056331   0.1923877   0.1857461   0.1834716   0.1837417   0.1852150
   9.5687646   0.3327924   0.2752174   0.2414541   0.2156657   0.1966712   0.1846298   0.1783445   0.1761161   0.1763982   0.1779663
   9.5908125   0.2553597   0.2418064   0.2206445   0.2016528   0.1865153   0.1762983   0.1707231   0.1687250   0.1691025   0.1707912
   9.6128603   0.1811805   0.2043574   0.1972024   0.1859611   0.1753723   0.1674664   0.1629038   0.1613045   0.1618584   0.1636958
   9.6349082   0.1295644   0.1667430   0.1723935   0.1691683   0.1634947   0.1582319   0.1549205   0.1538663   0.1546722   0.1566867
   9.6569560   0.0979436   0.1320516   0.1474964   0.1518857   0.1511634   0.1487115   0.1468182   0.1464272   0.1475519   0.1497707
   9.6790039   0.0810854   0.1020415   0.1236733   0.1347154   0.1386698   0.1390336   0.1386494   0.1390085   0.1405079   0.1429555
   9.7010517   0.0671957   0.0772229   0.1018748   0.1182104   0.1262979   0.1293312   0.1304725   0.1316352   0.1335518   0.1362487
   9.7230996   0.0463741   0.0573493   0.0827875   0.1028419   0.1143092   0.1197351   0.1223481   0.1243344   0.1266968   0.1296588
   9.7451474   0.0247257   0.0419505   0.0668252   0.0889755   0.1029289   0.1103676   0.1143371   0.1171352   0.1199572   0.1231942
   9.7671952   0.0122261   0.0306404   0.0541506   0.0768567   0.0923368   0.1013373   0.1064978   0.1100667   0.1133478   0.1168638
   9.7892431   0.0084342   0.0231592   0.0447136   0.0666079   0.0826611   0.0927354   0.0988841   0.1031577   0.1068835   0.1106763
   9.8112909   0.0073214   0.0192692   0.0382945   0.0582330   0.0739763   0.0846325   0.0915431   0.0964354   0.1005793   0.1046405
   9.8333388   0.0065227   0.0186388   0.0345414   0.0516308   0.0663051   0.0770777   0.0845146   0.0899248   0.0944495   0.0987647
   9.8553866   0.0088387   0.0207875   0.0330026   0.0466137   0.0596228   0.0700984   0.0778299   0.0836479   0.0885073   0.0930571
   9.8774345   0.0180216   0.0250977   0.0331537   0.0429307   0.0538648   0.0637020   0.0715113   0.0776234   0.0827650   0.0875251
   9.8994823   0.0323198   0.0308625   0.0344255   0.0402922   0.0489360   0.0578775   0.0655723   0.0718663   0.0772333   0.0821756
   9.9215302   0.0423392   0.0373220   0.0362353   0.0383949   0.0447211   0.0525990   0.0600184   0.0663877   0.0719211   0.0770146
   9.9435780   0.0429444   0.0436477   0.0380251   0.0369456   0.0410941   0.0478288   0.0548472   0.0611949   0.0668357   0.0720473
   9.9656258   0.0452963   0.0488998   0.0393045   0.0356814   0.0379289   0.0435214   0.0500501   0.0562914   0.0619824   0.0672779
   9.9876737   0.0622378   0.0520555   0.0396939   0.0343861   0.0351069   0.0396268   0.0456133   0.0516773   0.0573647   0.0627095
  10.0097215   0.0830937   0.0522107   0.0389601   0.0329005   0.0325241   0.0360938   0.0415188   0.0473495   0.0529841   0.0583443
  10.0317694   0.0826642   0.0489239   0.0370361   0.0311277   0.0300951   0.0328733   0.0377460   0.0433023   0.0488404   0.0541833
  10.0538172   0.0567911   0.0425069   0.0340186   0.0290311   0.0277563   0.0299199   0.0342726   0.0395277   0.0449318   0.0502266
  10.0758651   0.0265365   0.0340315   0.0301417   0.0266280   0.0254656   0.0271939   0.0310759   0.0360157   0.0412549   0.0464730
  10.0979129   0.0084098   0.0249881   0.0257297   0.0239790   0.0232015   0.0246625   0.0281336   0.0327553   0.0378048   0.0429208
  10.1199608   0.0018067   0.0167697   0.0211393   0.0211734   0.0209600   0.0222996   0.0254244   0.0297342   0.0345757   0.0395668
  10.1420086   0.0002631   0.0102617   0.0167028   0.0183154   0.0187511   0.0200859   0.0229288   0.0269399   0.0315606   0.0364075
  10.1640564   0.0000260   0.0057161   0.0126836   0.0155100   0.0165947   0.0180082   0.0206291   0.0243595   0.0287519   0.0334383
  10.1861043   0.0000017   0.0028953   0.0092515   0.0128515   0.0145159   0.0160587   0.0185096   0.0219802   0.0261413   0.0306542
  10.2081521   0.0000001   0.0013325   0.0064788   0.0104153   0.0125417   0.0142334   0.0165568   0.0197896   0.0237200   0.0280493
  10.2302000   0.0000000   0.0005570   0.0043543   0.0082534   0.0106969   0.0125313   0.0147591   0.0177758   0.0214791   0.0256175
  10.2522478   0.0000000   0.0002114   0.0028076   0.0063933   0.0090025   0.0109528   0.0131065   0.0159273   0.0194093   0.0233522
  10.2742957   0.0000000   0.0000728   0.0017363   0.0048403   0.0074734   0.0094993   0.0115905   0.0142333   0.0175016   0.0212465
  10.2963435   0.0000000   0.0000228   0.0010296   0.0035809   0.0061178   0.0081716   0.0102035   0.0126838   0.0157467   0.0192934
  10.3183914   0.0000000   0.0000065   0.0005853   0.0025884   0.0049373   0.0069697   0.0089392   0.0112692   0.0141357   0.0174855
  10.3404392   0.0000000   0.0000017   0.0003190   0.0018279   0.0039277   0.0058922   0.0077912   0.0099808   0.0126599   0.0158157
  10.3624870   0.0000000   0.0000004   0.0001666   0.0012609   0.0030794   0.0049361   0.0067538   0.0088101   0.0113109   0.0142765
  10.3845349   0.0000000   0.0000001   0.0000834   0.0008496   0.0023791   0.0040966   0.0058213   0.0077493   0.0100803   0.0128608
  10.4065827   0.0000000   0.0000000   0.0000400   0.0005591   0.0018111   0.0033677   0.0049878   0.0067911   0.0089604   0.0115614
  10.4286306   0.0000000   0.0000000   0.0000184   0.0003593   0.0013584   0.0027417   0.0042475   0.0059284   0.0079435   0.0103712
  10.4506784   0.0000000   0.0000000   0.0000081   0.0002255   0.0010037   0.0022102   0.0035941   0.0051544   0.0070226   0.0092834
  10.4727263   0.0000000   0.0000000   0.0000034   0.0001382   0.0007306   0.0017641   0.0030215   0.0044627   0.0061906   0.0082913
  10.4947741   0.0000000   0.0000000   0.0000014   0.0000827   0.0005239   0.0013939   0.0025232   0.0038470   0.0054410   0.0073886
  10.5168220   0.0000000   0.0000000   0.0000005   0.0000483   0.0003700   0.0010903   0.0020928   0.0033015   0.0047676   0.0065689
  10.5388698   0.0000000   0.0000000   0.0000002   0.0000276   0.0002574   0.0008442   0.0017239   0.0028203   0.0041643   0.0058264
  10.5609177   0.0000000   0.0000000   0.0000001   0.0000153   0.0001764   0.0006469   0.0014100   0.0023978   0.0036256   0.0051554
  10.5829655   0.0000000   0.0000000   0.0000000   0.0000083   0.0001191   0.0004907   0.0011450   0.0020287   0.0031460   0.0045505
  10.6050133   0.0000000   0.0000000   0.0000000   0.0000044   0.0000791   0.0003683   0.0009232   0.0017080   0.0027206   0.0040064
  10.6270612   0.0000000   0.0000000   0.0000000   0.0000023   0.0000518   0.0002736   0.0007389   0.0014307   0.0023444   0.0035183
  10.6491090   0.0000000   0.0000000   0.0000000   0.0000012   0.0000334   0.0002011   0.0005871   0.0011923   0.0020130   0.0030816
  10.6711569   0.0000000   0.0000000   0.0000000   0.0000006   0.0000212   0.0001463   0.0004630   0.0009884   0.0017221   0.0026918
  10.6932047   0.0000000   0.0000000   0.0000000   0.0000003   0.0000133   0.0001053   0.0003625   0.0008151   0.0014677   0.0023450
  10.7152526   0.0000000   0.0000000   0.0000000   0.0000001   0.0000082   0.0000750   0.0002816   0.0006686   0.0012461   0.0020371
  10.7373004   0.0000000   0.0000000   0.0000000   0.0000001   0.0000050   0.0000529   0.0002172   0.0005454   0.0010539   0.0017646
  10.7593483   0.0000000   0.0000000   0.0000000   0.0000000   0.0000030   0.0000369   0.0001662   0.0004425   0.0008878   0.0015242
  10.7813961   0.0000000   0.0000000   0.0000000   0.0000000   0.0000017   0.0000255   0.0001262   0.0003570   0.0007449   0.0013126
  10.8034439   0.0000000   0.0000000   0.0000000   0.0000000   0.0000010   0.0000174   0.0000951   0.0002865   0.0006225   0.0011271
  10.8254918   0.0000000   0.0000000   0.0000000   0.0000000   0.0000006   0.0000117   0.0000712   0.0002286   0.0005181   0.0009648
  10.8475396   0.0000000   0.0000000   0.0000000   0.0000000   0.0000003   0.0000079   0.0000528   0.0001813   0.0004294   0.0008234
  10.8695875   0.0000000   0.0000000   0.0000000   0.0000000   0.0000002   0.0000052   0.0000389   0.0001430   0.0003543   0.0007005
  10.8916353   0.0000000   0.0000000   0.0000000   0.0000000   0.0000001   0.0000034   0.0000284   0.0001122   0.0002912   0.0005940
  10.9136832   0.0000000   0.0000000   0.0000000   0.0000000   0.0000001   0.0000022   0.0000206   0.0000875   0.0002383   0.0005022
  10.9357310   0.0000000   0.0000000   0.0000000   0.0000000   0.0000000   0.0000014   0.0000148   0.0000678   0.0001941   0.0004231
  10.9577789   0.0000000   0.0000000   0.0000000   0.0000000   0.0000000   0.0000009   0.0000106   0.0000523   0.0001575   0.0003553
  10.9798267   0.0000000   0.0000000   0.0000000   0.0000000   0.0000000   0.0000006   0.0000075   0.0000401   0.0001272   0.0002974
  11.0018745   0.0000000   0.0000000   0.0000000   0.0000000   0.0000000   0.0000003   0.0000053   0.0000305   0.0001023   0.0002481
  11.0239224   0.0000000   0.0000000   0.0000000   0.0000000   0.0000000   0.0000002   0.0000037   0.0000231   0.0000819   0.0002063
 Integrated el-ph coupling
  #            0.3785243   0.3785665   0.3786370   0.3787358   0.3788633   0.3790196   0.3792051   0.3794201   0.3796646   0.3799384
 Phonon smearing (meV)
  #            0.0500000   0.1000000   0.1500000   0.2000000   0.2500000   0.3000000   0.3500000   0.4000000   0.4500000   0.5000000
 Electron smearing (eV)   0.0500000
 Fermi window (eV)   6.0000000
 Summed el-ph coupling    0.3785102
