   0.0220478   0.0000000   0.0000000   0.0000000   0.0000000   0.0000000   0.0000000   0.0000000   0.0000000   0.0000000   0.0000000
   0.0440957   0.0000000   0.0000000   0.0000000   0.0000000   0.0000000   0.0000000   0.0000000   0.0000000   0.0000000   0.0000000
   0.0661435   0.0000000   0.0000000   0.0000000   0.0000000   0.0000000   0.0000000   0.0000000   0.0000000   0.0000000   0.0000000
   0.0881914   0.0000000   0.0000000   0.0000000   0.0000000   0.0000000   0.0000000   0.0000000   0.0000000   0.0000000   0.0000000
   0.1102392   0.0000000   0.0000000   0.0000000   0.0000000   0.0000000   0.0000000   0.0000000   0.0000000   0.0000000   0.0000000
   0.1322871   0.0000000   0.0000000   0.0000000   0.0000000   0.0000000   0.0000000   0.0000000   0.0000000   0.0000000   0.0000000
   0.1543349   0.0000000   0.0000000   0.0000000   0.0000000   0.0000000   0.0000000   0.0000000   0.0000000   0.0000000   0.0000000
   0.1763828   0.0000000   0.0000000   0.0000000   0.0000000   0.0000000   0.0000000   0.0000000   0.0000000   0.0000000   0.0000000
   0.1984306   0.0000000   0.0000000   0.0000000   0.0000000   0.0000000   0.0000000   0.0000000   0.0000000   0.0000000   0.0000000
   0.2204784   0.0000000   0.0000000   0.0000000   0.0000000   0.0000000   0.0000000   0.0000000   0.0000000   0.0000000   0.0000000
   0.2425263   0.0000000   0.0000000   0.0000000   0.0000000   0.0000000   0.0000000   0.0000000   0.0000000   0.0000000   0.0000000
   0.2645741   0.0000000   0.0000000   0.0000000   0.0000000   0.0000000   0.0000000   0.0000000   0.0000000   0.0000000   0.0000000
   0.2866220   0.0000000   0.0000000   0.0000000   0.0000000   0.0000000   0.0000000   0.0000000   0.0000000   0.0000000   0.0000000
   0.3086698   0.0000000   0.0000000   0.0000000   0.0000000   0.0000000   0.0000000   0.0000000   0.0000000   0.0000000   0.0000000
   0.3307177   0.0000000   0.0000000   0.0000000   0.0000000   0.0000000   0.0000000   0.0000000   0.0000000   0.0000000   0.0000000
   0.3527655   0.0000000   0.0000000   0.0000000   0.0000000   0.0000000   0.0000000   0.0000000   0.0000000   0.0000000   0.0000000
   0.3748134   0.0000000   0.0000000   0.0000000   0.0000000   0.0000000   0.0000000   0.0000000   0.0000000   0.0000000   0.0000000
   0.3968612   0.0000000   0.0000000   0.0000000   0.0000000   0.0000000   0.0000000   0.0000000   0.0000000   0.0000000   0.0000000
   0.4189091   0.0000000   0.0000000   0.0000000   0.0000000   0.0000000   0.0000000   0.0000000   0.0000000   0.0000000   0.0000000
   0.4409569   0.0000000   0.0000000   0.0000000   0.0000000   0.0000000   0.0000000   0.0000000   0.0000000   0.0000000   0.0000000
   0.4630047   0.0000000   0.0000000   0.0000000   0.0000000   0.0000000   0.0000000   0.0000000   0.0000000   0.0000000   0.0000000
   0.4850526   0.0000000   0.0000000   0.0000000   0.0000000   0.0000000   0.0000000   0.0000000   0.0000000   0.0000000   0.0000000
   0.5071004   0.0000000   0.0000000   0.0000000   0.0000000   0.0000000   0.0000000   0.0000000   0.0000000   0.0000000   0.0000000
   0.5291483   0.0000000   0.0000000   0.0000000   0.0000000   0.0000000   0.0000000   0.0000000   0.0000000   0.0000000   0.0000000
   0.5511961   0.0000000   0.0000000   0.0000000   0.0000000   0.0000000   0.0000000   0.0000000   0.0000000   0.0000000   0.0000000
   0.5732440   0.0000000   0.0000000   0.0000000   0.0000000   0.0000000   0.0000000   0.0000000   0.0000000   0.0000000   0.0000000
   0.5952918   0.0000000   0.0000000   0.0000000   0.0000000   0.0000000   0.0000000   0.0000000   0.0000000   0.0000000   0.0000000
   0.6173397   0.0000000   0.0000000   0.0000000   0.0000000   0.0000000   0.0000000   0.0000000   0.0000000   0.0000000   0.0000000
   0.6393875   0.0000000   0.0000000   0.0000000   0.0000000   0.0000000   0.0000000   0.0000000   0.0000000   0.0000000   0.0000000
   0.6614353   0.0000000   0.0000000   0.0000000   0.0000000   0.0000000   0.0000000   0.0000000   0.0000000   0.0000000   0.0000000
   0.6834832   0.0000000   0.0000000   0.0000000   0.0000000   0.0000000   0.0000000   0.0000000   0.0000000   0.0000000   0.0000000
   0.7055310   0.0000000   0.0000000   0.0000000   0.0000000   0.0000000   0.0000000   0.0000000   0.0000000   0.0000000   0.0000000
   0.7275789   0.0000000   0.0000000   0.0000000   0.0000000   0.0000000   0.0000000   0.0000000   0.0000000   0.0000000   0.0000000
   0.7496267   0.0000000   0.0000000   0.0000000   0.0000000   0.0000000   0.0000000   0.0000000   0.0000000   0.0000000   0.0000000
   0.7716746   0.0000000   0.0000000   0.0000000   0.0000000   0.0000000   0.0000000   0.0000000   0.0000000   0.0000000   0.0000000
   0.7937224   0.0000000   0.0000000   0.0000000   0.0000000   0.0000000   0.0000000   0.0000000   0.0000000   0.0000000   0.0000000
   0.8157703   0.0000000   0.0000000   0.0000000   0.0000000   0.0000000   0.0000000   0.0000000   0.0000000   0.0000000   0.0000000
   0.8378181   0.0000000   0.0000000   0.0000000   0.0000000   0.0000000   0.0000000   0.0000000   0.0000000   0.0000000   0.0000000
   0.8598659   0.0000000   0.0000000   0.0000000   0.0000000   0.0000000   0.0000000   0.0000000   0.0000000   0.0000000   0.0000000
   0.8819138   0.0000000   0.0000000   0.0000000   0.0000000   0.0000000   0.0000000   0.0000000   0.0000000   0.0000000   0.0000000
   0.9039616   0.0000000   0.0000000   0.0000000   0.0000000   0.0000000   0.0000000   0.0000000   0.0000000   0.0000000   0.0000000
   0.9260095   0.0000000   0.0000000   0.0000000   0.0000000   0.0000000   0.0000000   0.0000000   0.0000000   0.0000000   0.0000000
   0.9480573   0.0000000   0.0000000   0.0000000   0.0000000   0.0000000   0.0000000   0.0000000   0.0000000   0.0000000   0.0000000
   0.9701052   0.0000000   0.0000000   0.0000000   0.0000000   0.0000000   0.0000000   0.0000000   0.0000000   0.0000000   0.0000000
   0.9921530   0.0000000   0.0000000   0.0000000   0.0000000   0.0000000   0.0000000   0.0000000   0.0000000   0.0000000   0.0000000
   1.0142009   0.0000000   0.0000000   0.0000000   0.0000000   0.0000000   0.0000000   0.0000000   0.0000000   0.0000000   0.0000000
   1.0362487   0.0000000   0.0000000   0.0000000   0.0000000   0.0000000   0.0000000   0.0000000   0.0000000   0.0000000   0.0000000
   1.0582965   0.0000000   0.0000000   0.0000000   0.0000000   0.0000000   0.0000000   0.0000000   0.0000000   0.0000000   0.0000000
   1.0803444   0.0000000   0.0000000   0.0000000   0.0000000   0.0000000   0.0000000   0.0000000   0.0000000   0.0000000   0.0000000
   1.1023922   0.0000000   0.0000000   0.0000000   0.0000000   0.0000000   0.0000000   0.0000000   0.0000000   0.0000000   0.0000000
   1.1244401   0.0000000   0.0000000   0.0000000   0.0000000   0.0000000   0.0000000   0.0000000   0.0000000   0.0000000   0.0000000
   1.1464879   0.0000000   0.0000000   0.0000000   0.0000000   0.0000000   0.0000000   0.0000000   0.0000000   0.0000000   0.0000000
   1.1685358   0.0000000   0.0000000   0.0000000   0.0000000   0.0000000   0.0000000   0.0000000   0.0000000   0.0000000   0.0000000
   1.1905836   0.0000000   0.0000000   0.0000000   0.0000000   0.0000000   0.0000000   0.0000000   0.0000000   0.0000000   0.0000000
   1.2126315   0.0000000   0.0000000   0.0000000   0.0000000   0.0000000   0.0000000   0.0000000   0.0000000   0.0000000   0.0000000
   1.2346793   0.0000000   0.0000000   0.0000000   0.0000000   0.0000000   0.0000000   0.0000000   0.0000000   0.0000000   0.0000000
   1.2567272   0.0000000   0.0000000   0.0000000   0.0000000   0.0000000   0.0000000   0.0000000   0.0000000   0.0000000   0.0000000
   1.2787750   0.0000000   0.0000000   0.0000000   0.0000000   0.0000000   0.0000000   0.0000000   0.0000000   0.0000000   0.0000000
   1.3008228   0.0000000   0.0000000   0.0000000   0.0000000   0.0000000   0.0000000   0.0000000   0.0000000   0.0000000   0.0000000
   1.3228707   0.0000000   0.0000000   0.0000000   0.0000000   0.0000000   0.0000000   0.0000000   0.0000000   0.0000000   0.0000000
   1.3449185   0.0000000   0.0000000   0.0000000   0.0000000   0.0000000   0.0000000   0.0000000   0.0000000   0.0000000   0.0000000
   1.3669664   0.0000000   0.0000000   0.0000000   0.0000000   0.0000000   0.0000000   0.0000000   0.0000000   0.0000000   0.0000000
   1.3890142   0.0000000   0.0000000   0.0000000   0.0000000   0.0000000   0.0000000   0.0000000   0.0000000   0.0000000   0.0000000
   1.4110621   0.0000000   0.0000000   0.0000000   0.0000000   0.0000000   0.0000000   0.0000000   0.0000000   0.0000000   0.0000000
   1.4331099   0.0000000   0.0000000   0.0000000   0.0000000   0.0000000   0.0000000   0.0000000   0.0000000   0.0000000   0.0000000
   1.4551578   0.0000000   0.0000000   0.0000000   0.0000000   0.0000000   0.0000000   0.0000000   0.0000000   0.0000000   0.0000000
   1.4772056   0.0000000   0.0000000   0.0000000   0.0000000   0.0000000   0.0000000   0.0000000   0.0000000   0.0000000   0.0000000
   1.4992534   0.0000000   0.0000000   0.0000000   0.0000000   0.0000000   0.0000000   0.0000000   0.0000000   0.0000000   0.0000000
   1.5213013   0.0000000   0.0000000   0.0000000   0.0000000   0.0000000   0.0000000   0.0000000   0.0000000   0.0000000   0.0000000
   1.5433491   0.0000000   0.0000000   0.0000000   0.0000000   0.0000000   0.0000000   0.0000000   0.0000000   0.0000000   0.0000000
   1.5653970   0.0000000   0.0000000   0.0000000   0.0000000   0.0000000   0.0000000   0.0000000   0.0000000   0.0000000   0.0000000
   1.5874448   0.0000000   0.0000000   0.0000000   0.0000000   0.0000000   0.0000000   0.0000000   0.0000000   0.0000000   0.0000000
   1.6094927   0.0000000   0.0000000   0.0000000   0.0000000   0.0000000   0.0000000   0.0000000   0.0000000   0.0000000   0.0000000
   1.6315405   0.0000000   0.0000000   0.0000000   0.0000000   0.0000000   0.0000000   0.0000000   0.0000000   0.0000000   0.0000000
   1.6535884   0.0000000   0.0000000   0.0000000   0.0000000   0.0000000   0.0000000   0.0000000   0.0000000   0.0000000   0.0000000
   1.6756362   0.0000000   0.0000000   0.0000000   0.0000000   0.0000000   0.0000000   0.0000000   0.0000000   0.0000000   0.0000001
   1.6976840   0.0000000   0.0000000   0.0000000   0.0000000   0.0000000   0.0000000   0.0000000   0.0000000   0.0000000   0.0000001
   1.7197319   0.0000000   0.0000000   0.0000000   0.0000000   0.0000000   0.0000000   0.0000000   0.0000000   0.0000000   0.0000001
   1.7417797   0.0000000   0.0000000   0.0000000   0.0000000   0.0000000   0.0000000   0.0000000   0.0000000   0.0000000   0.0000001
   1.7638276   0.0000000   0.0000000   0.0000000   0.0000000   0.0000000   0.0000000   0.0000000   0.0000000   0.0000000   0.0000002
   1.7858754   0.0000000   0.0000000   0.0000000   0.0000000   0.0000000   0.0000000   0.0000000   0.0000000   0.0000000   0.0000002
   1.8079233   0.0000000   0.0000000   0.0000000   0.0000000   0.0000000   0.0000000   0.0000000   0.0000000   0.0000000   0.0000003
   1.8299711   0.0000000   0.0000000   0.0000000   0.0000000   0.0000000   0.0000000   0.0000000   0.0000000   0.0000000   0.0000004
   1.8520190   0.0000000   0.0000000   0.0000000   0.0000000   0.0000000   0.0000000   0.0000000   0.0000000   0.0000001   0.0000005
   1.8740668   0.0000000   0.0000000   0.0000000   0.0000000   0.0000000   0.0000000   0.0000000   0.0000000   0.0000001   0.0000007
   1.8961147   0.0000000   0.0000000   0.0000000   0.0000000   0.0000000   0.0000000   0.0000000   0.0000000   0.0000001   0.0000010
   1.9181625   0.0000000   0.0000000   0.0000000   0.0000000   0.0000000   0.0000000   0.0000000   0.0000000   0.0000002   0.0000013
   1.9402103   0.0000000   0.0000000   0.0000000   0.0000000   0.0000000   0.0000000   0.0000000   0.0000000   0.0000002   0.0000017
   1.9622582   0.0000000   0.0000000   0.0000000   0.0000000   0.0000000   0.0000000   0.0000000   0.0000000   0.0000003   0.0000022
   1.9843060   0.0000000   0.0000000   0.0000000   0.0000000   0.0000000   0.0000000   0.0000000   0.0000000   0.0000004   0.0000028
   2.0063539   0.0000000   0.0000000   0.0000000   0.0000000   0.0000000   0.0000000   0.0000000   0.0000001   0.0000006   0.0000037
   2.0284017   0.0000000   0.0000000   0.0000000   0.0000000   0.0000000   0.0000000   0.0000000   0.0000001   0.0000008   0.0000048
   2.0504496   0.0000000   0.0000000   0.0000000   0.0000000   0.0000000   0.0000000   0.0000000   0.0000001   0.0000010   0.0000062
   2.0724974   0.0000000   0.0000000   0.0000000   0.0000000   0.0000000   0.0000000   0.0000000   0.0000002   0.0000014   0.0000080
   2.0945453   0.0000000   0.0000000   0.0000000   0.0000000   0.0000000   0.0000000   0.0000000   0.0000002   0.0000018   0.0000103
   2.1165931   0.0000000   0.0000000   0.0000000   0.0000000   0.0000000   0.0000000   0.0000000   0.0000003   0.0000025   0.0000132
   2.1386409   0.0000000   0.0000000   0.0000000   0.0000000   0.0000000   0.0000000   0.0000000   0.0000005   0.0000033   0.0000169
   2.1606888   0.0000000   0.0000000   0.0000000   0.0000000   0.0000000   0.0000000   0.0000001   0.0000006   0.0000044   0.0000215
   2.1827366   0.0000000   0.0000000   0.0000000   0.0000000   0.0000000   0.0000000   0.0000001   0.0000009   0.0000058   0.0000273
   2.2047845   0.0000000   0.0000000   0.0000000   0.0000000   0.0000000   0.0000000   0.0000001   0.0000012   0.0000076   0.0000346
   2.2268323   0.0000000   0.0000000   0.0000000   0.0000000   0.0000000   0.0000000   0.0000002   0.0000017   0.0000100   0.0000437
   2.2488802   0.0000000   0.0000000   0.0000000   0.0000000   0.0000000   0.0000000   0.0000003   0.0000023   0.0000132   0.0000551
   2.2709280   0.0000000   0.0000000   0.0000000   0.0000000   0.0000000   0.0000000   0.0000004   0.0000031   0.0000172   0.0000691
   2.2929759   0.0000000   0.0000000   0.0000000   0.0000000   0.0000000   0.0000001   0.0000006   0.0000042   0.0000224   0.0000865
   2.3150237   0.0000000   0.0000000   0.0000000   0.0000000   0.0000000   0.0000001   0.0000008   0.0000056   0.0000291   0.0001078
   2.3370715   0.0000000   0.0000000   0.0000000   0.0000000   0.0000000   0.0000001   0.0000012   0.0000076   0.0000376   0.0001340
   2.3591194   0.0000000   0.0000000   0.0000000   0.0000000   0.0000000   0.0000002   0.0000016   0.0000102   0.0000485   0.0001661
   2.3811672   0.0000000   0.0000000   0.0000000   0.0000000   0.0000000   0.0000003   0.0000023   0.0000137   0.0000623   0.0002051
   2.4032151   0.0000000   0.0000000   0.0000000   0.0000000   0.0000000   0.0000004   0.0000032   0.0000182   0.0000798   0.0002524
   2.4252629   0.0000000   0.0000000   0.0000000   0.0000000   0.0000000   0.0000006   0.0000044   0.0000243   0.0001018   0.0003096
   2.4473108   0.0000000   0.0000000   0.0000000   0.0000000   0.0000001   0.0000009   0.0000061   0.0000322   0.0001294   0.0003785
   2.4693586   0.0000000   0.0000000   0.0000000   0.0000000   0.0000001   0.0000014   0.0000083   0.0000426   0.0001638   0.0004612
   2.4914065   0.0000000   0.0000000   0.0000000   0.0000000   0.0000002   0.0000019   0.0000114   0.0000561   0.0002067   0.0005600
   2.5134543   0.0000000   0.0000000   0.0000000   0.0000000   0.0000003   0.0000028   0.0000155   0.0000736   0.0002598   0.0006776
   2.5355022   0.0000000   0.0000000   0.0000000   0.0000000   0.0000005   0.0000040   0.0000211   0.0000963   0.0003252   0.0008172
   2.5575500   0.0000000   0.0000000   0.0000000   0.0000000   0.0000008   0.0000056   0.0000286   0.0001254   0.0004056   0.0009821
   2.5795978   0.0000000   0.0000000   0.0000000   0.0000001   0.0000012   0.0000078   0.0000386   0.0001627   0.0005039   0.0011761
   2.6016457   0.0000000   0.0000000   0.0000000   0.0000001   0.0000019   0.0000109   0.0000520   0.0002103   0.0006234   0.0014037
   2.6236935   0.0000000   0.0000000   0.0000000   0.0000002   0.0000029   0.0000151   0.0000698   0.0002706   0.0007683   0.0016694
   2.6457414   0.0000000   0.0000000   0.0000000   0.0000004   0.0000043   0.0000208   0.0000934   0.0003468   0.0009430   0.0019785
   2.6677892   0.0000000   0.0000000   0.0000000   0.0000007   0.0000063   0.0000285   0.0001246   0.0004425   0.0011527   0.0023366
   2.6898371   0.0000000   0.0000000   0.0000000   0.0000012   0.0000091   0.0000390   0.0001656   0.0005621   0.0014033   0.0027499
   2.7118849   0.0000000   0.0000000   0.0000000   0.0000020   0.0000130   0.0000532   0.0002193   0.0007108   0.0017012   0.0032249
   2.7339328   0.0000000   0.0000000   0.0000001   0.0000033   0.0000185   0.0000724   0.0002893   0.0008947   0.0020539   0.0037686
   2.7559806   0.0000000   0.0000000   0.0000002   0.0000053   0.0000259   0.0000983   0.0003801   0.0011208   0.0024692   0.0043884
   2.7780284   0.0000000   0.0000000   0.0000005   0.0000085   0.0000359   0.0001332   0.0004972   0.0013974   0.0029561   0.0050921
   2.8000763   0.0000000   0.0000000   0.0000010   0.0000132   0.0000495   0.0001800   0.0006474   0.0017338   0.0035240   0.0058878
   2.8221241   0.0000000   0.0000000   0.0000021   0.0000200   0.0000677   0.0002429   0.0008390   0.0021405   0.0041832   0.0067836
   2.8441720   0.0000000   0.0000000   0.0000041   0.0000297   0.0000920   0.0003271   0.0010817   0.0026295   0.0049446   0.0077881
   2.8662198   0.0000000   0.0000000   0.0000078   0.0000432   0.0001246   0.0004392   0.0013874   0.0032138   0.0058195   0.0089097
   2.8882677   0.0000000   0.0000002   0.0000141   0.0000616   0.0001682   0.0005881   0.0017697   0.0039079   0.0068198   0.0101567
   2.9103155   0.0000000   0.0000006   0.0000246   0.0000860   0.0002269   0.0007847   0.0022446   0.0047274   0.0079578   0.0115371
   2.9323634   0.0000000   0.0000020   0.0000410   0.0001181   0.0003062   0.0010430   0.0028304   0.0056890   0.0092457   0.0130589
   2.9544112   0.0000000   0.0000056   0.0000657   0.0001596   0.0004136   0.0013800   0.0035478   0.0068103   0.0106957   0.0147290
   2.9764590   0.0000000   0.0000145   0.0001011   0.0002127   0.0005597   0.0018168   0.0044197   0.0081097   0.0123197   0.0165539
   2.9985069   0.0000000   0.0000340   0.0001493   0.0002805   0.0007586   0.0023784   0.0054713   0.0096057   0.0141290   0.0185393
   3.0205547   0.0000001   0.0000723   0.0002123   0.0003675   0.0010295   0.0030946   0.0067299   0.0113171   0.0161340   0.0206897
   3.0426026   0.0000009   0.0001396   0.0002909   0.0004802   0.0013977   0.0039999   0.0082243   0.0132621   0.0183439   0.0230081
   3.0646504   0.0000086   0.0002449   0.0003852   0.0006292   0.0018960   0.0051336   0.0099842   0.0154580   0.0207664   0.0254965
   3.0866983   0.0000548   0.0003904   0.0004947   0.0008303   0.0025661   0.0065398   0.0120400   0.0179206   0.0234074   0.0281551
   3.1087461   0.0002367   0.0005665   0.0006191   0.0011078   0.0034598   0.0082661   0.0144212   0.0206635   0.0262706   0.0309822
   3.1307940   0.0006932   0.0007510   0.0007602   0.0014980   0.0046397   0.0103635   0.0171559   0.0236978   0.0293572   0.0339744
   3.1528418   0.0013758   0.0009153   0.0009240   0.0020528   0.0061802   0.0128844   0.0202696   0.0270310   0.0326656   0.0371262
   3.1748896   0.0018509   0.0010387   0.0011248   0.0028453   0.0081658   0.0158808   0.0237835   0.0306669   0.0361912   0.0404300
   3.1969375   0.0016889   0.0011226   0.0013898   0.0039740   0.0106908   0.0194022   0.0277138   0.0346043   0.0399262   0.0438761
   3.2189853   0.0010540   0.0011972   0.0017674   0.0055670   0.0138550   0.0234927   0.0320699   0.0388373   0.0438592   0.0474526
   3.2410332   0.0005067   0.0013146   0.0023392   0.0077845   0.0177602   0.0281877   0.0368532   0.0433543   0.0479756   0.0511453
   3.2630810   0.0004282   0.0015309   0.0032363   0.0108177   0.0225035   0.0335114   0.0420559   0.0481376   0.0522569   0.0549383
   3.2851289   0.0009279   0.0018890   0.0046617   0.0148829   0.0281700   0.0394730   0.0476603   0.0531640   0.0566814   0.0588133
   3.3071767   0.0018625   0.0024154   0.0069145   0.0202101   0.0348245   0.0460638   0.0536377   0.0584036   0.0612239   0.0627504
   3.3292246   0.0027901   0.0031484   0.0104104   0.0270238   0.0425019   0.0532551   0.0599481   0.0638209   0.0658562   0.0667280
   3.3512724   0.0035256   0.0042127   0.0156864   0.0355179   0.0511991   0.0609961   0.0665404   0.0693748   0.0705472   0.0707231
   3.3733203   0.0045346   0.0059621   0.0233778   0.0458252   0.0608668   0.0692131   0.0733527   0.0750190   0.0752634   0.0747117
   3.3953681   0.0058073   0.0091935   0.0341518   0.0579847   0.0714046   0.0778095   0.0803133   0.0807029   0.0799695   0.0786687
   3.4174159   0.0062410   0.0153931   0.0485915   0.0719113   0.0826584   0.0866679   0.0873417   0.0863724   0.0846285   0.0825688
   3.4394638   0.0055556   0.0268798   0.0670381   0.0873741   0.0944218   0.0956518   0.0943506   0.0919709   0.0892031   0.0863863
   3.4615116   0.0057219   0.0466120   0.0894173   0.1039873   0.1064421   0.1046106   0.1012484   0.0974406   0.0936554   0.0900959
   3.4835595   0.0109243   0.0774079   0.1150931   0.1212195   0.1184300   0.1133836   0.1079407   0.1027234   0.0979482   0.0936730
   3.5056073   0.0304903   0.1205233   0.1428041   0.1384225   0.1300735   0.1218066   0.1143340   0.1077627   0.1020454   0.0970937
   3.5276552   0.0829117   0.1739801   0.1707279   0.1548788   0.1410543   0.1297175   0.1203378   0.1125043   0.1059131   0.1003358
   3.5497030   0.1906445   0.2315378   0.1966915   0.1698634   0.1510661   0.1369636   0.1258672   0.1168978   0.1095195   0.1033785
   3.5717509   0.3565480   0.2833387   0.2185038   0.1827112   0.1598326   0.1434072   0.1308463   0.1208980   0.1128362   0.1062033
   3.5937987   0.5252001   0.3186448   0.2343419   0.1928818   0.1671239   0.1489316   0.1352096   0.1244656   0.1158383   0.1087940
   3.6158465   0.5861878   0.3298432   0.2430933   0.2000108   0.1727697   0.1534456   0.1389046   0.1275684   0.1185053   0.1111370
   3.6378944   0.4799033   0.3157979   0.2445596   0.2039406   0.1766685   0.1568870   0.1418928   0.1301819   0.1208208   0.1132213
   3.6599422   0.2840950   0.2826019   0.2394615   0.2047258   0.1787908   0.1592246   0.1441512   0.1322899   0.1227737   0.1150392
   3.6819901   0.1271794   0.2411090   0.2292418   0.2026140   0.1791783   0.1604587   0.1456725   0.1338846   0.1243576   0.1165860
   3.7040379   0.0624650   0.2024845   0.2157267   0.1980052   0.1779369   0.1606198   0.1464648   0.1349669   0.1255710   0.1178601
   3.7260858   0.0712581   0.1741145   0.2007429   0.1913982   0.1752269   0.1597667   0.1465514   0.1355460   0.1264178   0.1188632
   3.7481336   0.1202314   0.1578185   0.1857944   0.1833327   0.1712494   0.1579823   0.1459690   0.1356391   0.1269065   0.1195999
   3.7701815   0.1763731   0.1507954   0.1718752   0.1743359   0.1662319   0.1553693   0.1447666   0.1352707   0.1270504   0.1200781
   3.7922293   0.2013484   0.1482132   0.1594412   0.1648807   0.1604138   0.1520454   0.1430034   0.1344719   0.1268669   0.1203083
   3.8142771   0.1762545   0.1457591   0.1485162   0.1553589   0.1540333   0.1481375   0.1407466   0.1332795   0.1263775   0.1203039
   3.8363250   0.1334469   0.1409730   0.1388704   0.1460698   0.1473159   0.1437771   0.1380690   0.1317348   0.1256071   0.1200807
   3.8583728   0.1212532   0.1332455   0.1302043   0.1372225   0.1404664   0.1390947   0.1350466   0.1298827   0.1245835   0.1196567
   3.8804207   0.1369769   0.1231544   0.1222815   0.1289480   0.1336635   0.1342158   0.1317566   0.1277707   0.1233368   0.1190515
   3.9024685   0.1363899   0.1118868   0.1149871   0.1213159   0.1270567   0.1292570   0.1282750   0.1254473   0.1218990   0.1182868
   3.9245164   0.1031852   0.1009854   0.1083134   0.1143530   0.1207665   0.1243234   0.1246747   0.1229618   0.1203035   0.1173850
   3.9465642   0.0642920   0.0921475   0.1023013   0.1080608   0.1148852   0.1195061   0.1210240   0.1203625   0.1185840   0.1163699
   3.9686121   0.0434385   0.0867512   0.0969723   0.1024285   0.1094797   0.1148814   0.1173855   0.1176966   0.1167748   0.1152654
   3.9906599   0.0445632   0.0851640   0.0922843   0.0974446   0.1045940   0.1105096   0.1138149   0.1150088   0.1149096   0.1140960
   4.0127078   0.0699970   0.0862866   0.0881312   0.0931021   0.1002521   0.1064358   0.1103607   0.1123415   0.1130214   0.1128860
   4.0347556   0.1138729   0.0877933   0.0843845   0.0894018   0.0964603   0.1026903   0.1070638   0.1097338   0.1111421   0.1116592
   4.0568034   0.1449005   0.0871152   0.0809610   0.0863508   0.0932090   0.0992899   0.1039581   0.1072215   0.1093020   0.1104389
   4.0788513   0.1323547   0.0826895   0.0778866   0.0839572   0.0904740   0.0962393   0.1010705   0.1048367   0.1075296   0.1092472
   4.1008991   0.0860164   0.0747731   0.0753275   0.0822218   0.0882179   0.0935334   0.0984219   0.1026082   0.1058513   0.1081051
   4.1229470   0.0411990   0.0653758   0.0735683   0.0811277   0.0863914   0.0911595   0.0960281   0.1005612   0.1042912   0.1070324
   4.1449948   0.0178475   0.0574100   0.0729368   0.0806286   0.0849351   0.0890997   0.0939006   0.0987175   0.1028710   0.1060470
   4.1670427   0.0156281   0.0535839   0.0736927   0.0806401   0.0837818   0.0873334   0.0920476   0.0970956   0.1016100   0.1051650
   4.1890905   0.0284598   0.0555805   0.0759114   0.0810353   0.0828606   0.0858401   0.0904753   0.0957113   0.1005245   0.1044009
   4.2111384   0.0465567   0.0637272   0.0794001   0.0816472   0.0821016   0.0846017   0.0891886   0.0945773   0.0996285   0.1037668
   4.2331862   0.0589318   0.0769983   0.0836746   0.0822796   0.0814410   0.0836045   0.0881918   0.0937038   0.0989330   0.1032730
   4.2552340   0.0704612   0.0931269   0.0880102   0.0827265   0.0808282   0.0828417   0.0874895   0.0930984   0.0984465   0.1029274
   4.2772819   0.1046973   0.1088281   0.0915607   0.0827971   0.0802308   0.0823140   0.0870863   0.0927664   0.0981745   0.1027358
   4.2993297   0.1670302   0.1203531   0.0935187   0.0823443   0.0796408   0.0820309   0.0869876   0.0927105   0.0981201   0.1027020
   4.3213776   0.2145857   0.1244861   0.0932813   0.0812910   0.0790781   0.0820100   0.0871987   0.0929312   0.0982834   0.1028274
   4.3434254   0.1987203   0.1196831   0.0905788   0.0796516   0.0785922   0.0822768   0.0877245   0.0934261   0.0986620   0.1031114
   4.3654733   0.1310454   0.1067346   0.0855410   0.0775417   0.0782616   0.0828624   0.0885692   0.0941905   0.0992510   0.1035513
   4.3875211   0.0648739   0.0884792   0.0786847   0.0751777   0.0781891   0.0838014   0.0897347   0.0952167   0.1000428   0.1041424
   4.4095690   0.0300822   0.0686720   0.0708336   0.0728618   0.0784958   0.0851285   0.0912202   0.0964940   0.1010275   0.1048785
   4.4316168   0.0207177   0.0506496   0.0629923   0.0709567   0.0793108   0.0868748   0.0930206   0.0980087   0.1021930   0.1057513
   4.4536646   0.0200721   0.0364992   0.0562073   0.0698517   0.0807605   0.0890645   0.0951258   0.0997439   0.1035249   0.1067513
   4.4757125   0.0172736   0.0270252   0.0514406   0.0699233   0.0829559   0.0917105   0.0975199   0.1016795   0.1050068   0.1078676
   4.4977603   0.0113902   0.0222859   0.0494756   0.0714974   0.0859804   0.0948114   0.1001802   0.1037925   0.1066208   0.1090880
   4.5198082   0.0067282   0.0222221   0.0508589   0.0748137   0.0898785   0.0983487   0.1030771   0.1060566   0.1083475   0.1103997
   4.5418560   0.0062136   0.0270018   0.0558736   0.0799984   0.0946475   0.1022849   0.1061738   0.1084430   0.1101661   0.1117890
   4.5639039   0.0109156   0.0369698   0.0645356   0.0870462   0.1002317   0.1065631   0.1094271   0.1109209   0.1120551   0.1132419
   4.5859517   0.0230550   0.0523201   0.0766047   0.0958130   0.1065209   0.1111078   0.1127876   0.1134574   0.1139927   0.1147442
   4.6079996   0.0458119   0.0727121   0.0916057   0.1060200   0.1133531   0.1158264   0.1162014   0.1160189   0.1159567   0.1162817
   4.6300474   0.0797595   0.0970627   0.1088578   0.1172679   0.1205216   0.1206134   0.1196112   0.1185711   0.1179255   0.1178407
   4.6520952   0.1229808   0.1236706   0.1275111   0.1290615   0.1277856   0.1253540   0.1229584   0.1210804   0.1198780   0.1194081
   4.6741431   0.1720410   0.1506659   0.1465905   0.1408409   0.1348842   0.1299300   0.1261849   0.1235142   0.1217943   0.1209716
   4.6961909   0.2115133   0.1765432   0.1650449   0.1520197   0.1415527   0.1342255   0.1292351   0.1258422   0.1236561   0.1225199
   4.7182388   0.2181614   0.2004003   0.1818032   0.1620259   0.1475396   0.1381326   0.1320582   0.1280367   0.1254471   0.1240433
   4.7402866   0.2019970   0.2216417   0.1958367   0.1703441   0.1526230   0.1415573   0.1346100   0.1300739   0.1271531   0.1255334
   4.7623345   0.2131832   0.2393278   0.2062319   0.1765544   0.1566261   0.1444245   0.1368545   0.1319340   0.1287628   0.1269835
   4.7843823   0.2762609   0.2517336   0.2122714   0.1803667   0.1594287   0.1466818   0.1387654   0.1336021   0.1302674   0.1283889
   4.8064302   0.3433516   0.2566220   0.2135174   0.1816449   0.1609756   0.1483020   0.1403266   0.1350685   0.1316614   0.1297467
   4.8284780   0.3441338   0.2521870   0.2098848   0.1804210   0.1612802   0.1492844   0.1415331   0.1363288   0.1329426   0.1310561
   4.8505259   0.2765056   0.2380397   0.2016877   0.1768936   0.1604223   0.1496542   0.1423908   0.1373842   0.1341119   0.1323184
   4.8725737   0.2083252   0.2155593   0.1896414   0.1714140   0.1585426   0.1494604   0.1429156   0.1382414   0.1351735   0.1335369
   4.8946215   0.1810076   0.1874525   0.1748126   0.1644577   0.1558313   0.1487719   0.1431331   0.1389122   0.1361352   0.1347171
   4.9166694   0.1640977   0.1569534   0.1585159   0.1565847   0.1525140   0.1476735   0.1430768   0.1394134   0.1370076   0.1358664
   4.9387172   0.1233278   0.1272067   0.1421707   0.1483931   0.1488352   0.1462604   0.1427867   0.1397662   0.1378044   0.1369940
   4.9607651   0.0731317   0.1010256   0.1271402   0.1404690   0.1450406   0.1446321   0.1423078   0.1399959   0.1385422   0.1381109
   4.9828129   0.0395526   0.0808192   0.1145775   0.1333397   0.1413599   0.1428872   0.1416879   0.1401309   0.1392397   0.1392296
   5.0048608   0.0240959   0.0684029   0.1053063   0.1274328   0.1379916   0.1411179   0.1409767   0.1402024   0.1399181   0.1403639
   5.0269086   0.0185146   0.0646197   0.0997545   0.1230472   0.1350911   0.1394061   0.1402236   0.1402439   0.1406003   0.1415289
   5.0489565   0.0243938   0.0689578   0.0979505   0.1203356   0.1327622   0.1378202   0.1394769   0.1402902   0.1413104   0.1427402
   5.0710043   0.0519803   0.0794675   0.0995775   0.1193019   0.1310535   0.1364134   0.1387830   0.1403771   0.1420737   0.1440142
   5.0930521   0.1029611   0.0931983   0.1040687   0.1198099   0.1299600   0.1352236   0.1381856   0.1405409   0.1429159   0.1453673
   5.1151000   0.1521613   0.1071280   0.1107150   0.1216036   0.1294283   0.1342744   0.1377256   0.1408178   0.1438629   0.1468160
   5.1371478   0.1645661   0.1192358   0.1187590   0.1243357   0.1293671   0.1335776   0.1374415   0.1412433   0.1449402   0.1483763
   5.1591957   0.1403862   0.1291839   0.1274519   0.1276013   0.1296593   0.1331371   0.1373694   0.1418522   0.1461725   0.1500635
   5.1812435   0.1156231   0.1381881   0.1360721   0.1309747   0.1301773   0.1329525   0.1375435   0.1426778   0.1475834   0.1518919
   5.2032914   0.1144521   0.1480633   0.1439157   0.1340475   0.1307984   0.1330237   0.1379970   0.1437517   0.1491946   0.1538744
   5.2253392   0.1301052   0.1598714   0.1502893   0.1364644   0.1314196   0.1333554   0.1387622   0.1451033   0.1510258   0.1560223
   5.2473871   0.1517244   0.1728338   0.1545307   0.1379563   0.1319710   0.1339602   0.1398714   0.1467597   0.1530941   0.1583449
   5.2694349   0.1893712   0.1840927   0.1560749   0.1383670   0.1324256   0.1348620   0.1413563   0.1487446   0.1554138   0.1608494
   5.2914827   0.2514901   0.1895661   0.1545595   0.1376719   0.1328060   0.1360972   0.1432484   0.1510786   0.1579957   0.1635407
   5.3135306   0.2970766   0.1856315   0.1499407   0.1359860   0.1331862   0.1377148   0.1455781   0.1537779   0.1608471   0.1664210
   5.3355784   0.2665108   0.1708956   0.1425793   0.1335602   0.1336893   0.1397753   0.1483742   0.1568542   0.1639713   0.1694901
   5.3576263   0.1703305   0.1471421   0.1332583   0.1307647   0.1344807   0.1423477   0.1516621   0.1603142   0.1673676   0.1727446
   5.3796741   0.0772374   0.1189227   0.1231112   0.1280615   0.1357572   0.1455055   0.1554625   0.1641587   0.1710306   0.1761788
   5.4017220   0.0269363   0.0920017   0.1134714   0.1259673   0.1377336   0.1493216   0.1597898   0.1683821   0.1749508   0.1797838
   5.4237698   0.0112744   0.0714847   0.1056750   0.1250122   0.1406266   0.1538624   0.1646500   0.1729723   0.1791140   0.1835482
   5.4458177   0.0123226   0.0605030   0.1008686   0.1256968   0.1446379   0.1591817   0.1700388   0.1779100   0.1835018   0.1874578
   5.4678655   0.0222160   0.0598389   0.0998688   0.1284541   0.1499382   0.1653145   0.1759402   0.1831687   0.1880914   0.1914962
   5.4899134   0.0388490   0.0683079   0.1031062   0.1336174   0.1566519   0.1722718   0.1823250   0.1887145   0.1928561   0.1956446
   5.5119612   0.0626667   0.0834817   0.1106557   0.1413974   0.1648445   0.1800361   0.1891495   0.1945064   0.1977654   0.1998825
   5.5340090   0.0989446   0.1024668   0.1223326   0.1518684   0.1745132   0.1885578   0.1963559   0.2004969   0.2027859   0.2041874
   5.5560569   0.1456603   0.1226751   0.1378124   0.1649636   0.1855819   0.1977541   0.2038718   0.2066324   0.2078815   0.2085360
   5.5781047   0.1774103   0.1425582   0.1567287   0.1804762   0.1978997   0.2075088   0.2116115   0.2128543   0.2130142   0.2129039
   5.6001526   0.1741214   0.1621527   0.1787159   0.1980677   0.2112443   0.2176746   0.2194774   0.2190999   0.2181449   0.2172661
   5.6222004   0.1610026   0.1831634   0.2033821   0.2172795   0.2253291   0.2280770   0.2273626   0.2253045   0.2232339   0.2215979
   5.6442483   0.1719015   0.2083685   0.2302293   0.2375509   0.2398145   0.2385193   0.2351535   0.2314021   0.2282422   0.2258748
   5.6662961   0.1941027   0.2403624   0.2585572   0.2582407   0.2543220   0.2487903   0.2427335   0.2373276   0.2331318   0.2300730
   5.6883440   0.2075569   0.2799863   0.2873980   0.2786560   0.2684508   0.2586716   0.2499867   0.2430187   0.2378669   0.2341703
   5.7103918   0.2511283   0.3251257   0.3155221   0.2980844   0.2817965   0.2679472   0.2568021   0.2484172   0.2424148   0.2381456
   5.7324396   0.3782869   0.3706640   0.3415310   0.3158317   0.2939690   0.2764119   0.2630775   0.2534714   0.2467461   0.2419800
   5.7544875   0.5428198   0.4099729   0.3640233   0.3312601   0.3046114   0.2838809   0.2687237   0.2581370   0.2508358   0.2456566
   5.7765353   0.6117432   0.4374047   0.3817924   0.3438244   0.3134164   0.2901975   0.2736680   0.2623792   0.2546637   0.2491610
   5.7985832   0.5387937   0.4504205   0.3940009   0.3531025   0.3201410   0.2952414   0.2778572   0.2661731   0.2582147   0.2524812
   5.8206310   0.4264686   0.4500783   0.4002834   0.3588170   0.3246183   0.2989340   0.2812604   0.2695050   0.2614791   0.2556079
   5.8426789   0.3838149   0.4397553   0.4007511   0.3608455   0.3267651   0.3012430   0.2838703   0.2723726   0.2644526   0.2585342
   5.8647267   0.4239759   0.4232572   0.3959018   0.3592207   0.3265870   0.3021852   0.2857040   0.2747852   0.2671361   0.2612559
   5.8867746   0.4721051   0.4036774   0.3864682   0.3541202   0.3241788   0.3018267   0.2868027   0.2767628   0.2695358   0.2637711
   5.9088224   0.4341923   0.3833402   0.3732507   0.3458509   0.3197214   0.3002814   0.2872303   0.2783358   0.2716620   0.2660801
   5.9308702   0.3184668   0.3640105   0.3569868   0.3348283   0.3134759   0.2977069   0.2870713   0.2795433   0.2735293   0.2681850
   5.9529181   0.2414505   0.3464989   0.3382881   0.3215574   0.3057738   0.2942995   0.2864273   0.2804317   0.2751553   0.2700896
   5.9749659   0.2794592   0.3298455   0.3176596   0.3066130   0.2970059   0.2902861   0.2854132   0.2810527   0.2765599   0.2717987
   5.9970138   0.3787006   0.3111803   0.2955811   0.2906242   0.2876072   0.2859151   0.2841520   0.2814612   0.2777645   0.2733182
   6.0190616   0.4198457   0.2870549   0.2726133   0.2742585   0.2780418   0.2814468   0.2827705   0.2817129   0.2787909   0.2746544
   6.0411095   0.3493098   0.2557369   0.2494813   0.2582079   0.2687847   0.2771414   0.2813931   0.2818622   0.2796602   0.2758135
   6.0631573   0.2218351   0.2189468   0.2270960   0.2431730   0.2603039   0.2732485   0.2801366   0.2819595   0.2803923   0.2768015
   6.0852052   0.1150452   0.1817524   0.2065012   0.2298449   0.2530403   0.2699948   0.2791051   0.2820494   0.2810045   0.2776237
   6.1072530   0.0560775   0.1505689   0.1887627   0.2188836   0.2473883   0.2675739   0.2783855   0.2821687   0.2815111   0.2782846
   6.1293009   0.0347330   0.1303962   0.1748442   0.2108941   0.2436765   0.2661368   0.2780430   0.2823447   0.2819227   0.2787872
   6.1513487   0.0433881   0.1227591   0.1655180   0.2063973   0.2421490   0.2657833   0.2781183   0.2825942   0.2822457   0.2791333
   6.1733965   0.0885751   0.1253240   0.1613449   0.2057998   0.2429496   0.2665570   0.2786259   0.2829224   0.2824818   0.2793233
   6.1954444   0.1658754   0.1333234   0.1627222   0.2093602   0.2461085   0.2684413   0.2795527   0.2833233   0.2826284   0.2793559
   6.2174922   0.2291667   0.1421229   0.1699637   0.2171555   0.2515341   0.2713593   0.2808588   0.2837793   0.2826782   0.2792284
   6.2395401   0.2212168   0.1497498   0.1833524   0.2290485   0.2590101   0.2751761   0.2824793   0.2842621   0.2826197   0.2789366
   6.2615879   0.1481425   0.1581580   0.2031100   0.2446617   0.2681997   0.2797047   0.2843266   0.2847343   0.2824378   0.2784752
   6.2836358   0.0762463   0.1725809   0.2292572   0.2633619   0.2786568   0.2847141   0.2862952   0.2851503   0.2821140   0.2778381
   6.3056836   0.0615775   0.1993078   0.2613871   0.2842620   0.2898458   0.2899406   0.2882655   0.2854587   0.2816277   0.2770183
   6.3277315   0.1232456   0.2429918   0.2984170   0.3062470   0.3011676   0.2951002   0.2901102   0.2856045   0.2809566   0.2760086
   6.3497793   0.2423844   0.3046041   0.3384132   0.3280263   0.3119928   0.2999035   0.2916991   0.2855310   0.2800779   0.2748021
   6.3718271   0.3567897   0.3804954   0.3785786   0.3482152   0.3216983   0.3040700   0.2929058   0.2851824   0.2789691   0.2733921
   6.3938750   0.4295339   0.4624278   0.4154573   0.3654393   0.3297064   0.3073427   0.2936127   0.2845063   0.2776093   0.2717732
   6.4159228   0.5353344   0.5384679   0.4453514   0.3784530   0.3355213   0.3095011   0.2937166   0.2834552   0.2759797   0.2699409
   6.4379707   0.7501073   0.5950214   0.4648801   0.3862587   0.3387627   0.3103720   0.2931325   0.2819893   0.2740646   0.2678929
   6.4600185   0.9491780   0.6201559   0.4715635   0.3882104   0.3391906   0.3098380   0.2917973   0.2800771   0.2718523   0.2656285
   6.4820664   0.9216292   0.6074001   0.4642934   0.3840854   0.3367208   0.3078422   0.2896719   0.2776974   0.2693358   0.2631498
   6.5041142   0.6871448   0.5582434   0.4435747   0.3741143   0.3314287   0.3043892   0.2867423   0.2748396   0.2665129   0.2604613
   6.5261621   0.4538571   0.4818073   0.4114747   0.3589605   0.3235405   0.2995428   0.2830194   0.2715043   0.2633870   0.2575705
   6.5482099   0.3182594   0.3917360   0.3712910   0.3396534   0.3134140   0.2934198   0.2785374   0.2677034   0.2599670   0.2544877
   6.5702577   0.2255856   0.3019921   0.3270138   0.3174817   0.3015087   0.2861816   0.2733518   0.2634592   0.2562676   0.2512264
   6.5923056   0.1346074   0.2235860   0.2827066   0.2938632   0.2883493   0.2780228   0.2675361   0.2588042   0.2523089   0.2478029
   6.6143534   0.0648705   0.1632209   0.2419365   0.2702071   0.2744858   0.2691586   0.2611779   0.2537797   0.2481161   0.2442367
   6.6364013   0.0318932   0.1234829   0.2073606   0.2477864   0.2604535   0.2598124   0.2543749   0.2484347   0.2437195   0.2405499
   6.6584491   0.0238032   0.1036143   0.1805295   0.2276350   0.2467364   0.2502030   0.2472306   0.2428244   0.2391536   0.2367672
   6.6804970   0.0319140   0.1002379   0.1619079   0.2104799   0.2337380   0.2405335   0.2398505   0.2370087   0.2344569   0.2329155
   6.7025448   0.0687382   0.1080755   0.1510665   0.1967099   0.2217598   0.2309828   0.2323384   0.2310510   0.2296707   0.2290239
   6.7245927   0.1426137   0.1210634   0.1469640   0.1863815   0.2109907   0.2216989   0.2247930   0.2250165   0.2248390   0.2251226
   6.7466405   0.2163494   0.1340265   0.1482345   0.1792555   0.2015063   0.2127952   0.2173065   0.2189710   0.2200074   0.2212435
   6.7686883   0.2266809   0.1444235   0.1534107   0.1748547   0.1932781   0.2043505   0.2099620   0.2129797   0.2152225   0.2174187
   6.7907362   0.1651205   0.1531593   0.1610495   0.1725364   0.1861899   0.1964107   0.2028335   0.2071065   0.2105311   0.2136810
   6.8127840   0.0910179   0.1636281   0.1697696   0.1715687   0.1800610   0.1889933   0.1959859   0.2014128   0.2059797   0.2100626
   6.8348319   0.0610182   0.1791129   0.1782438   0.1712060   0.1746715   0.1820941   0.1894752   0.1959572   0.2016136   0.2065954
   6.8568797   0.1022218   0.1998600   0.1852037   0.1707567   0.1697893   0.1756940   0.1833500   0.1907948   0.1974763   0.2033097
   6.8789276   0.2237047   0.2216736   0.1894963   0.1696395   0.1651953   0.1697675   0.1776530   0.1859771   0.1936091   0.2002344
   6.9009754   0.3778150   0.2371760   0.1902044   0.1674255   0.1607042   0.1642898   0.1724225   0.1815516   0.1900503   0.1973965
   6.9230233   0.4465393   0.2392508   0.1867961   0.1638637   0.1561819   0.1592442   0.1676937   0.1775616   0.1868349   0.1948203
   6.9450711   0.3628911   0.2247192   0.1792483   0.1588883   0.1515559   0.1546269   0.1635008   0.1740461   0.1839940   0.1925272
   6.9671190   0.2031164   0.1960750   0.1680861   0.1526098   0.1468199   0.1504515   0.1598771   0.1710395   0.1815544   0.1905357
   6.9891668   0.0813593   0.1603271   0.1543073   0.1452901   0.1420332   0.1467504   0.1568562   0.1685714   0.1795382   0.1888606
   7.0112146   0.0303324   0.1257830   0.1392050   0.1373060   0.1373146   0.1435749   0.1544714   0.1666663   0.1779625   0.1875130
   7.0332625   0.0236711   0.0986847   0.1241361   0.1291067   0.1328328   0.1409934   0.1527555   0.1653432   0.1768393   0.1865001
   7.0553103   0.0368698   0.0813691   0.1103012   0.1211699   0.1287943   0.1390875   0.1517396   0.1646150   0.1761747   0.1858250
   7.0773582   0.0619303   0.0724947   0.0985919   0.1139636   0.1254286   0.1379469   0.1514513   0.1644885   0.1759694   0.1854866
   7.0994060   0.0909835   0.0687520   0.0895314   0.1079164   0.1229748   0.1376635   0.1519129   0.1649631   0.1762181   0.1854797
   7.1214539   0.1037815   0.0669595   0.0833035   0.1034001   0.1216665   0.1383241   0.1531391   0.1660311   0.1769096   0.1857947
   7.1435017   0.0860248   0.0655541   0.0798367   0.1007240   0.1217188   0.1400040   0.1551349   0.1676767   0.1780268   0.1864183
   7.1655496   0.0512886   0.0649372   0.0789118   0.1001385   0.1233162   0.1427597   0.1578931   0.1698758   0.1795468   0.1873328
   7.1875974   0.0248275   0.0666823   0.0802667   0.1018445   0.1266011   0.1466225   0.1613927   0.1725959   0.1814413   0.1885172
   7.2096452   0.0198367   0.0721059   0.0836909   0.1060027   0.1316641   0.1515935   0.1655975   0.1757959   0.1836764   0.1899467
   7.2316931   0.0423795   0.0810028   0.0891104   0.1127368   0.1385355   0.1576396   0.1704548   0.1794266   0.1862136   0.1915938
   7.2537409   0.0957471   0.0913062   0.0966610   0.1221290   0.1471785   0.1646907   0.1758954   0.1834305   0.1890098   0.1934279
   7.2757888   0.1588882   0.1000114   0.1067327   0.1342026   0.1574835   0.1726393   0.1818340   0.1877434   0.1920182   0.1954165
   7.2978366   0.1844766   0.1050380   0.1199547   0.1488957   0.1692665   0.1813418   0.1881705   0.1922943   0.1951889   0.1975249
   7.3198845   0.1503041   0.1071508   0.1370888   0.1660285   0.1822689   0.1906217   0.1947918   0.1970076   0.1984695   0.1997175
   7.3419323   0.0876625   0.1108921   0.1588198   0.1852713   0.1961633   0.2002747   0.2015747   0.2018036   0.2018064   0.2019576
   7.3639802   0.0380597   0.1237942   0.1854696   0.2061218   0.2105620   0.2100757   0.2083891   0.2066006   0.2051451   0.2042087
   7.3860280   0.0158068   0.1537851   0.2167041   0.2279000   0.2250319   0.2197870   0.2151014   0.2113166   0.2084316   0.2064344
   7.4080758   0.0252887   0.2054695   0.2513322   0.2497663   0.2391131   0.2291678   0.2215787   0.2158707   0.2116130   0.2085993
   7.4301237   0.0978929   0.2767145   0.2872854   0.2707660   0.2523420   0.2379837   0.2276928   0.2201854   0.2146385   0.2106696
   7.4521715   0.2924737   0.3573782   0.3218262   0.2898968   0.2642763   0.2460169   0.2333240   0.2241876   0.2174607   0.2126136
   7.4742194   0.6022532   0.4315662   0.3519576   0.3061948   0.2745216   0.2530753   0.2383648   0.2278110   0.2200357   0.2144019
   7.4962672   0.8538489   0.4831755   0.3749377   0.3188250   0.2827551   0.2590002   0.2427230   0.2309970   0.2223244   0.2160083
   7.5183151   0.8429515   0.5023483   0.3887619   0.3271670   0.2887468   0.2636728   0.2463243   0.2336960   0.2242932   0.2174101
   7.5403629   0.6022225   0.4893558   0.3924814   0.3308810   0.2923740   0.2670182   0.2491138   0.2358683   0.2259140   0.2185882
   7.5624108   0.3566053   0.4535936   0.3862879   0.3299469   0.2936280   0.2690069   0.2510572   0.2374851   0.2271652   0.2195279
   7.5844586   0.2448962   0.4082944   0.3713679   0.3246693   0.2926130   0.2696541   0.2521409   0.2385284   0.2280319   0.2202184
   7.6065065   0.2493354   0.3641781   0.3496080   0.3156486   0.2895352   0.2690164   0.2523711   0.2389912   0.2285060   0.2206538
   7.6285543   0.3080985   0.3256388   0.3232598   0.3037218   0.2846849   0.2671859   0.2517726   0.2388773   0.2285860   0.2208326
   7.6506021   0.3624191   0.2910980   0.2946614   0.2898804   0.2784120   0.2642837   0.2503869   0.2382008   0.2282774   0.2207581
   7.6726500   0.3554827   0.2564720   0.2660591   0.2751746   0.2710969   0.2604512   0.2482695   0.2369854   0.2275924   0.2204381
   7.6946978   0.2737222   0.2191831   0.2395145   0.2606139   0.2631212   0.2558413   0.2454870   0.2352635   0.2265492   0.2198849
   7.7167457   0.1637124   0.1804752   0.2168421   0.2470748   0.2548393   0.2506100   0.2421148   0.2330751   0.2251722   0.2191152
   7.7387935   0.0770391   0.1452864   0.1995204   0.2352244   0.2465545   0.2449086   0.2382335   0.2304668   0.2234912   0.2181498
   7.7608414   0.0287969   0.1203444   0.1885481   0.2254675   0.2385018   0.2388772   0.2339269   0.2274904   0.2215409   0.2170134
   7.7828892   0.0099291   0.1116888   0.1842668   0.2179230   0.2308384   0.2326401   0.2292791   0.2242024   0.2193606   0.2157344
   7.8049371   0.0123989   0.1225459   0.1862096   0.2124318   0.2236428   0.2263028   0.2243729   0.2206622   0.2169932   0.2143441
   7.8269849   0.0451394   0.1519767   0.1930532   0.2085973   0.2169219   0.2199516   0.2192886   0.2169317   0.2144852   0.2128770
   7.8490327   0.1307775   0.1944847   0.2027292   0.2058518   0.2106250   0.2136540   0.2141024   0.2130742   0.2118855   0.2113696
   7.8710806   0.2685963   0.2407869   0.2127097   0.2035432   0.2046626   0.2074617   0.2088863   0.2091536   0.2092451   0.2098606
   7.8931284   0.4050934   0.2798507   0.2204247   0.2010290   0.1989271   0.2014137   0.2037083   0.2052342   0.2066169   0.2083904
   7.9151763   0.4782656   0.3018346   0.2237239   0.1977651   0.1933137   0.1955407   0.1986321   0.2013798   0.2040543   0.2070000
   7.9372241   0.4689230   0.3009883   0.2212741   0.1933776   0.1877385   0.1898692   0.1937181   0.1976534   0.2016116   0.2057315
   7.9592720   0.3849606   0.2773411   0.2127949   0.1877068   0.1821518   0.1844256   0.1890242   0.1941174   0.1993428   0.2046268
   7.9813198   0.2556119   0.2364449   0.1990762   0.1808179   0.1765462   0.1792393   0.1846064   0.1908328   0.1973015   0.2037273
   8.0033677   0.1337048   0.1873316   0.1817776   0.1729778   0.1709576   0.1743452   0.1805195   0.1878596   0.1955404   0.2030738
   8.0254155   0.0550975   0.1396468   0.1630655   0.1646052   0.1654620   0.1697853   0.1768182   0.1852561   0.1941107   0.2027057
   8.0474633   0.0183049   0.1011436   0.1451773   0.1562008   0.1601661   0.1656092   0.1735576   0.1830794   0.1930617   0.2026604
   8.0695112   0.0067614   0.0763108   0.1300163   0.1482734   0.1551966   0.1618734   0.1707932   0.1813848   0.1924403   0.2029730
   8.0915590   0.0091051   0.0662055   0.1188584   0.1412706   0.1506873   0.1586409   0.1685816   0.1802257   0.1922906   0.2036762
   8.1136069   0.0227828   0.0690710   0.1122193   0.1355284   0.1467679   0.1559793   0.1669803   0.1796533   0.1926536   0.2047989
   8.1356547   0.0511664   0.0812653   0.1098849   0.1312425   0.1435547   0.1539600   0.1660473   0.1797160   0.1935661   0.2063669
   8.1577026   0.0992606   0.0982683   0.1110732   0.1284655   0.1411449   0.1526560   0.1658406   0.1804592   0.1950609   0.2084015
   8.1797504   0.1582006   0.1157123   0.1146737   0.1271261   0.1396148   0.1521413   0.1664176   0.1819245   0.1971657   0.2109198
   8.2017983   0.1916821   0.1303038   0.1195032   0.1270654   0.1390218   0.1524896   0.1678343   0.1841489   0.1999030   0.2139339
   8.2238461   0.1722125   0.1403303   0.1245274   0.1280809   0.1394093   0.1537736   0.1701439   0.1871641   0.2032894   0.2174510
   8.2458939   0.1309651   0.1455223   0.1290135   0.1299717   0.1408141   0.1560643   0.1733955   0.1909956   0.2073348   0.2214727
   8.2679418   0.1252551   0.1464328   0.1325994   0.1325771   0.1432738   0.1594309   0.1776330   0.1956616   0.2120425   0.2259949
   8.2899896   0.1622611   0.1438839   0.1352837   0.1358052   0.1468349   0.1639391   0.1828932   0.2011723   0.2174081   0.2310078
   8.3120375   0.1893587   0.1389342   0.1373525   0.1396487   0.1515581   0.1696509   0.1892037   0.2075285   0.2234196   0.2364957
   8.3340853   0.1620529   0.1332493   0.1392698   0.1441890   0.1575215   0.1766219   0.1965818   0.2147211   0.2300571   0.2424367
   8.3561332   0.0990286   0.1292240   0.1415609   0.1495907   0.1648206   0.1848995   0.2050319   0.2227299   0.2372919   0.2488033
   8.3781810   0.0533139   0.1293100   0.1447197   0.1560891   0.1735648   0.1945193   0.2145440   0.2315231   0.2450874   0.2555620
   8.4002289   0.0584109   0.1347367   0.1491611   0.1639734   0.1838699   0.2055018   0.2250916   0.2410564   0.2533982   0.2626736
   8.4222767   0.1168578   0.1445425   0.1552275   0.1735666   0.1958486   0.2178476   0.2366304   0.2512731   0.2621709   0.2700937
   8.4443246   0.1999414   0.1558564   0.1632398   0.1852037   0.2095972   0.2315330   0.2490963   0.2621036   0.2713440   0.2777731
   8.4663724   0.2525942   0.1655607   0.1735682   0.1992074   0.2251822   0.2465059   0.2624051   0.2734657   0.2808489   0.2856579
   8.4884202   0.2378199   0.1724228   0.1866863   0.2158604   0.2426254   0.2626810   0.2764517   0.2852652   0.2906098   0.2936904
   8.5104681   0.1741157   0.1783101   0.2031821   0.2353741   0.2618901   0.2799374   0.2911098   0.2973965   0.3005453   0.3018097
   8.5325159   0.1103475   0.1875880   0.2237074   0.2578562   0.2828694   0.2981157   0.3062335   0.3097440   0.3105688   0.3099523
   8.5545638   0.0873480   0.2049654   0.2488741   0.2832763   0.3053778   0.3170181   0.3216580   0.3221834   0.3205900   0.3180529
   8.5766116   0.1310841   0.2331054   0.2791146   0.3114370   0.3291466   0.3364095   0.3372023   0.3345840   0.3305160   0.3260451
   8.5986595   0.2402312   0.2715509   0.3145343   0.3419528   0.3538244   0.3560206   0.3526718   0.3468101   0.3402527   0.3338627
   8.6207073   0.3632332   0.3177072   0.3547794   0.3742429   0.3789840   0.3755532   0.3678629   0.3587241   0.3497061   0.3414399
   8.6427552   0.4359421   0.3692121   0.3989409   0.4075426   0.4041330   0.3946872   0.3825664   0.3701889   0.3587844   0.3487129
   8.6648030   0.4471099   0.4258782   0.4455166   0.4409336   0.4287316   0.4130897   0.3965732   0.3810705   0.3673986   0.3556201
   8.6868508   0.4203718   0.4893915   0.4924572   0.4733942   0.4522127   0.4304248   0.4096790   0.3912409   0.3754647   0.3621033
   8.7088987   0.3931251   0.5603598   0.5373220   0.5038641   0.4740062   0.4463649   0.4216904   0.4005810   0.3829049   0.3681085
   8.7309465   0.4653738   0.6344729   0.5775515   0.5313161   0.4935639   0.4606018   0.4324299   0.4089831   0.3896489   0.3735864
   8.7529944   0.7376829   0.7009185   0.6108305   0.5548267   0.5103844   0.4728585   0.4417413   0.4163531   0.3956351   0.3784930
   8.7750422   1.0959765   0.7453761   0.6354635   0.5736357   0.5240360   0.4828994   0.4494942   0.4226133   0.4008116   0.3827905
   8.7970901   1.2242405   0.7569017   0.6506571   0.5871880   0.5341766   0.4905396   0.4555885   0.4277033   0.4051370   0.3864473
   8.8191379   0.9913382   0.7347784   0.6566037   0.5951527   0.5405685   0.4956527   0.4599572   0.4315821   0.4085809   0.3894385
   8.8411858   0.6189456   0.6906053   0.6543184   0.5974214   0.5430890   0.4981761   0.4625685   0.4342280   0.4111244   0.3917459
   8.8632336   0.3633350   0.6435386   0.6452636   0.5940888   0.5417353   0.4981137   0.4634271   0.4356398   0.4127600   0.3933582
   8.8852814   0.2858554   0.6109895   0.6308860   0.5854235   0.5366243   0.4955369   0.4625738   0.4358357   0.4134912   0.3942710
   8.9073293   0.3685203   0.6000664   0.6122272   0.5718367   0.5279875   0.4905819   0.4600841   0.4348527   0.4133323   0.3944861
   8.9293771   0.6010761   0.6046060   0.5897486   0.5538560   0.5161616   0.4834450   0.4560651   0.4327452   0.4123078   0.3940119
   8.9514250   0.8647198   0.6092204   0.5634260   0.5321064   0.5015754   0.4743753   0.4506526   0.4295829   0.4104511   0.3928621
   8.9734728   0.9402814   0.5977346   0.5330612   0.5073004   0.4847333   0.4636653   0.4440055   0.4254489   0.4078034   0.3910560
   8.9955207   0.7689837   0.5611859   0.4986753   0.4802308   0.4661961   0.4516401   0.4363004   0.4204363   0.4044127   0.3886173
   9.0175685   0.5155298   0.5013219   0.4608259   0.4517627   0.4465600   0.4386448   0.4277260   0.4146458   0.4003322   0.3855736
   9.0396164   0.3258354   0.4285128   0.4207335   0.4228174   0.4264338   0.4250315   0.4184759   0.4081826   0.3956188   0.3819559
   9.0616642   0.2176353   0.3561170   0.3801842   0.3943457   0.4064149   0.4111464   0.4087427   0.4011527   0.3903317   0.3777975
   9.0837121   0.1690393   0.2947493   0.3412657   0.3672879   0.3870662   0.3973165   0.3987111   0.3936607   0.3845307   0.3731335
   9.1057599   0.1671498   0.2491405   0.3060390   0.3425252   0.3688930   0.3838380   0.3885526   0.3858062   0.3782751   0.3680001
   9.1278077   0.1932735   0.2183477   0.2762518   0.3208260   0.3523227   0.3709661   0.3784198   0.3776819   0.3716224   0.3624337
   9.1498556   0.2201129   0.1983542   0.2531581   0.3027943   0.3376870   0.3589060   0.3684423   0.3693706   0.3646267   0.3564707
   9.1719034   0.2232758   0.1853215   0.2374506   0.2888279   0.3252093   0.3478072   0.3587235   0.3609442   0.3573383   0.3501464
   9.1939513   0.1898142   0.1778851   0.2292770   0.2790907   0.3149967   0.3377598   0.3493385   0.3524620   0.3498026   0.3434950
   9.2159991   0.1295673   0.1775514   0.2282932   0.2735037   0.3070378   0.3287934   0.3403330   0.3439702   0.3420595   0.3365489
   9.2380470   0.0797746   0.1871846   0.2337227   0.2717541   0.3012071   0.3208791   0.3317240   0.3355015   0.3341434   0.3293386
   9.2600948   0.0850920   0.2084978   0.2444198   0.2733230   0.2972751   0.3139336   0.3235010   0.3270754   0.3260828   0.3218924
   9.2821427   0.1683157   0.2400162   0.2589497   0.2775259   0.2949230   0.3078262   0.3156286   0.3186994   0.3179008   0.3142365
   9.3041905   0.3057095   0.2767719   0.2757015   0.2835638   0.2937631   0.3023873   0.3080504   0.3103697   0.3096147   0.3063945
   9.3262383   0.4262365   0.3119934   0.2930346   0.2905771   0.2933606   0.2974185   0.3006930   0.3020734   0.3012375   0.2983882
   9.3482862   0.4615810   0.3398293   0.3094350   0.2977000   0.2932586   0.2927033   0.2934706   0.2937898   0.2927777   0.2902371
   9.3703340   0.4107045   0.3575221   0.3236434   0.3041086   0.2930021   0.2880194   0.2862903   0.2854929   0.2842406   0.2819590
   9.3923819   0.3480578   0.3658885   0.3347228   0.3090627   0.2921613   0.2831488   0.2790574   0.2771537   0.2756289   0.2735700
   9.4144297   0.3411908   0.3681013   0.3420514   0.3119368   0.2903523   0.2778890   0.2716801   0.2687418   0.2669437   0.2650852
   9.4364776   0.3666754   0.3676975   0.3452553   0.3122428   0.2872540   0.2720620   0.2640740   0.2602283   0.2581852   0.2565185
   9.4585254   0.3649935   0.3668689   0.3441196   0.3096428   0.2826213   0.2655217   0.2561664   0.2515871   0.2493540   0.2478834
   9.4805733   0.3435938   0.3655948   0.3385208   0.3039552   0.2762935   0.2581599   0.2478993   0.2427972   0.2404513   0.2391928
   9.5026211   0.3519191   0.3617001   0.3284100   0.2951536   0.2681973   0.2499096   0.2392322   0.2338436   0.2314802   0.2304601
   9.5246689   0.4014422   0.3517532   0.3138528   0.2833597   0.2583462   0.2407463   0.2301432   0.2247185   0.2224459   0.2216984
   9.5467168   0.4434211   0.3326147   0.2951008   0.2688310   0.2468343   0.2306876   0.2206301   0.2154224   0.2133563   0.2129217
   9.5687646   0.4096457   0.3031245   0.2726580   0.2519426   0.2338277   0.2197902   0.2107098   0.2059639   0.2042224   0.2041446
   9.5908125   0.2948539   0.2650740   0.2473021   0.2331637   0.2195519   0.2081461   0.2004175   0.1963601   0.1950581   0.1953825
   9.6128603   0.1696059   0.2227804   0.2200414   0.2130291   0.2042774   0.1958764   0.1898047   0.1866358   0.1858808   0.1866513
   9.6349082   0.0974908   0.1813763   0.1920134   0.1921075   0.1883040   0.1831249   0.1789371   0.1768232   0.1767107   0.1779684
   9.6569560   0.0859248   0.1447952   0.1643499   0.1709682   0.1719448   0.1700511   0.1678915   0.1669607   0.1675709   0.1693514
   9.6790039   0.1024925   0.1146231   0.1380478   0.1501489   0.1555111   0.1568225   0.1567528   0.1570919   0.1584869   0.1608191
   9.7010517   0.1053565   0.0903248   0.1138756   0.1301281   0.1392980   0.1436079   0.1456108   0.1472641   0.1494860   0.1523904
   9.7230996   0.0783709   0.0704087   0.0923332   0.1113033   0.1235732   0.1305706   0.1345570   0.1375271   0.1405972   0.1440849
   9.7451474   0.0415554   0.0536088   0.0736609   0.0939770   0.1085675   0.1178627   0.1236813   0.1279316   0.1318498   0.1359222
   9.7671952   0.0180507   0.0394157   0.0578834   0.0783518   0.0944684   0.1056203   0.1130695   0.1185277   0.1232739   0.1279217
   9.7892431   0.0096289   0.0279019   0.0448665   0.0645327   0.0814172   0.0939603   0.1028007   0.1093640   0.1148985   0.1201026
   9.8112909   0.0069835   0.0192394   0.0343719   0.0525369   0.0695083   0.0829776   0.0929452   0.1004860   0.1067519   0.1124834
   9.8333388   0.0048131   0.0133307   0.0260998   0.0423072   0.0587913   0.0727441   0.0835634   0.0919352   0.0988609   0.1050816
   9.8553866   0.0035481   0.0097249   0.0197205   0.0337295   0.0492753   0.0633088   0.0747043   0.0837482   0.0912497   0.0979135
   9.8774345   0.0047016   0.0077464   0.0148977   0.0266500   0.0409341   0.0546984   0.0664054   0.0759560   0.0839404   0.0909943
   9.8994823   0.0076977   0.0066906   0.0113076   0.0208916   0.0337132   0.0469195   0.0586922   0.0685838   0.0769518   0.0843371
   9.9215302   0.0096886   0.0059810   0.0086553   0.0162692   0.0275366   0.0399602   0.0515791   0.0616504   0.0702997   0.0779537
   9.9435780   0.0084269   0.0052561   0.0066887   0.0126012   0.0223134   0.0337936   0.0450693   0.0551684   0.0639963   0.0718537
   9.9656258   0.0049851   0.0043794   0.0052062   0.0097183   0.0179444   0.0283801   0.0391567   0.0491443   0.0580506   0.0660447
   9.9876737   0.0020004   0.0033890   0.0040591   0.0074691   0.0143275   0.0236707   0.0338264   0.0435788   0.0524677   0.0605322
  10.0097215   0.0005442   0.0024093   0.0031464   0.0057235   0.0113622   0.0196102   0.0290561   0.0384671   0.0472495   0.0553197
  10.0317694   0.0001004   0.0015647   0.0024059   0.0043728   0.0089530   0.0161390   0.0248178   0.0337995   0.0423947   0.0504085
  10.0538172   0.0000125   0.0009255   0.0018016   0.0033292   0.0070121   0.0131966   0.0210790   0.0295620   0.0378985   0.0457978
  10.0758651   0.0000011   0.0004978   0.0013133   0.0025232   0.0054604   0.0107224   0.0178038   0.0257371   0.0337537   0.0414851
  10.0979129   0.0000001   0.0002432   0.0009278   0.0019008   0.0042287   0.0086583   0.0149544   0.0223043   0.0299502   0.0374657
  10.1199608   0.0000000   0.0001079   0.0006330   0.0014208   0.0032571   0.0069495   0.0124923   0.0192407   0.0264760   0.0337334
  10.1420086   0.0000000   0.0000435   0.0004161   0.0010518   0.0024953   0.0055450   0.0103790   0.0165219   0.0233171   0.0302805
  10.1640564   0.0000000   0.0000159   0.0002631   0.0007695   0.0019012   0.0043989   0.0085768   0.0141225   0.0204578   0.0270978
  10.1861043   0.0000000   0.0000053   0.0001597   0.0005554   0.0014404   0.0034700   0.0070499   0.0120166   0.0178816   0.0241749
  10.2081521   0.0000000   0.0000016   0.0000931   0.0003948   0.0010847   0.0027220   0.0057644   0.0101783   0.0155708   0.0215005
  10.2302000   0.0000000   0.0000004   0.0000521   0.0002760   0.0008115   0.0021236   0.0046888   0.0085822   0.0135074   0.0190626
  10.2522478   0.0000000   0.0000001   0.0000279   0.0001894   0.0006030   0.0016478   0.0037943   0.0072039   0.0116732   0.0168484
  10.2742957   0.0000000   0.0000000   0.0000143   0.0001275   0.0004447   0.0012717   0.0030548   0.0060198   0.0100500   0.0148448
  10.2963435   0.0000000   0.0000000   0.0000071   0.0000842   0.0003253   0.0009761   0.0024471   0.0050079   0.0086198   0.0130384
  10.3183914   0.0000000   0.0000000   0.0000033   0.0000544   0.0002358   0.0007451   0.0019505   0.0041477   0.0073653   0.0114158
  10.3404392   0.0000000   0.0000000   0.0000015   0.0000344   0.0001694   0.0005657   0.0015470   0.0034200   0.0062696   0.0099636
  10.3624870   0.0000000   0.0000000   0.0000007   0.0000213   0.0001204   0.0004270   0.0012210   0.0028077   0.0053169   0.0086688
  10.3845349   0.0000000   0.0000000   0.0000003   0.0000129   0.0000847   0.0003205   0.0009590   0.0022949   0.0044920   0.0075183
  10.4065827   0.0000000   0.0000000   0.0000001   0.0000076   0.0000590   0.0002391   0.0007495   0.0018677   0.0037809   0.0065000
  10.4286306   0.0000000   0.0000000   0.0000000   0.0000044   0.0000405   0.0001773   0.0005830   0.0015134   0.0031704   0.0056017
  10.4506784   0.0000000   0.0000000   0.0000000   0.0000025   0.0000275   0.0001307   0.0004513   0.0012211   0.0026487   0.0048124
  10.4727263   0.0000000   0.0000000   0.0000000   0.0000014   0.0000185   0.0000956   0.0003476   0.0009810   0.0022045   0.0041212
  10.4947741   0.0000000   0.0000000   0.0000000   0.0000007   0.0000122   0.0000695   0.0002665   0.0007848   0.0018281   0.0035181
  10.5168220   0.0000000   0.0000000   0.0000000   0.0000004   0.0000080   0.0000502   0.0002033   0.0006252   0.0015103   0.0029937
  10.5388698   0.0000000   0.0000000   0.0000000   0.0000002   0.0000052   0.0000360   0.0001543   0.0004960   0.0012431   0.0025395
  10.5609177   0.0000000   0.0000000   0.0000000   0.0000001   0.0000033   0.0000256   0.0001166   0.0003918   0.0010195   0.0021473
  10.5829655   0.0000000   0.0000000   0.0000000   0.0000000   0.0000021   0.0000181   0.0000876   0.0003082   0.0008330   0.0018100
  10.6050133   0.0000000   0.0000000   0.0000000   0.0000000   0.0000013   0.0000126   0.0000655   0.0002414   0.0006782   0.0015209
  10.6270612   0.0000000   0.0000000   0.0000000   0.0000000   0.0000008   0.0000088   0.0000487   0.0001883   0.0005501   0.0012740
  10.6491090   0.0000000   0.0000000   0.0000000   0.0000000   0.0000005   0.0000060   0.0000361   0.0001463   0.0004446   0.0010637
  10.6711569   0.0000000   0.0000000   0.0000000   0.0000000   0.0000003   0.0000041   0.0000265   0.0001132   0.0003580   0.0008854
  10.6932047   0.0000000   0.0000000   0.0000000   0.0000000   0.0000002   0.0000028   0.0000194   0.0000872   0.0002873   0.0007347
  10.7152526   0.0000000   0.0000000   0.0000000   0.0000000   0.0000001   0.0000019   0.0000141   0.0000669   0.0002297   0.0006077
  10.7373004   0.0000000   0.0000000   0.0000000   0.0000000   0.0000001   0.0000012   0.0000102   0.0000511   0.0001830   0.0005011
  10.7593483   0.0000000   0.0000000   0.0000000   0.0000000   0.0000000   0.0000008   0.0000074   0.0000389   0.0001452   0.0004119
  10.7813961   0.0000000   0.0000000   0.0000000   0.0000000   0.0000000   0.0000005   0.0000053   0.0000294   0.0001149   0.0003375
  10.8034439   0.0000000   0.0000000   0.0000000   0.0000000   0.0000000   0.0000003   0.0000038   0.0000222   0.0000905   0.0002757
  10.8254918   0.0000000   0.0000000   0.0000000   0.0000000   0.0000000   0.0000002   0.0000027   0.0000167   0.0000711   0.0002246
  10.8475396   0.0000000   0.0000000   0.0000000   0.0000000   0.0000000   0.0000001   0.0000019   0.0000125   0.0000556   0.0001823
  10.8695875   0.0000000   0.0000000   0.0000000   0.0000000   0.0000000   0.0000001   0.0000013   0.0000093   0.0000434   0.0001476
  10.8916353   0.0000000   0.0000000   0.0000000   0.0000000   0.0000000   0.0000001   0.0000009   0.0000069   0.0000337   0.0001191
  10.9136832   0.0000000   0.0000000   0.0000000   0.0000000   0.0000000   0.0000000   0.0000006   0.0000051   0.0000261   0.0000958
  10.9357310   0.0000000   0.0000000   0.0000000   0.0000000   0.0000000   0.0000000   0.0000004   0.0000037   0.0000201   0.0000768
  10.9577789   0.0000000   0.0000000   0.0000000   0.0000000   0.0000000   0.0000000   0.0000003   0.0000027   0.0000155   0.0000614
  10.9798267   0.0000000   0.0000000   0.0000000   0.0000000   0.0000000   0.0000000   0.0000002   0.0000020   0.0000118   0.0000489
  11.0018745   0.0000000   0.0000000   0.0000000   0.0000000   0.0000000   0.0000000   0.0000001   0.0000014   0.0000090   0.0000389
  11.0239224   0.0000000   0.0000000   0.0000000   0.0000000   0.0000000   0.0000000   0.0000001   0.0000010   0.0000069   0.0000308
 Integrated el-ph coupling
  #            0.4244280   0.4244762   0.4245566   0.4246694   0.4248148   0.4249931   0.4252047   0.4254500   0.4257294   0.4260434
 Phonon smearing (meV)
  #            0.0500000   0.1000000   0.1500000   0.2000000   0.2500000   0.3000000   0.3500000   0.4000000   0.4500000   0.5000000
 Electron smearing (eV)   0.0500000
 Fermi window (eV)   6.0000000
 Summed el-ph coupling    0.3785102
