   0.0220478   0.0000000   0.0000000   0.0000000   0.0000000   0.0000000   0.0000000   0.0000000   0.0000000   0.0000000   0.0000000
   0.0440957   0.0000000   0.0000000   0.0000000   0.0000000   0.0000000   0.0000000   0.0000000   0.0000000   0.0000000   0.0000000
   0.0661435   0.0000000   0.0000000   0.0000000   0.0000000   0.0000000   0.0000000   0.0000000   0.0000000   0.0000000   0.0000000
   0.0881914   0.0000000   0.0000000   0.0000000   0.0000000   0.0000000   0.0000000   0.0000000   0.0000000   0.0000000   0.0000000
   0.1102392   0.0000000   0.0000000   0.0000000   0.0000000   0.0000000   0.0000000   0.0000000   0.0000000   0.0000000   0.0000000
   0.1322871   0.0000000   0.0000000   0.0000000   0.0000000   0.0000000   0.0000000   0.0000000   0.0000000   0.0000000   0.0000000
   0.1543349   0.0000000   0.0000000   0.0000000   0.0000000   0.0000000   0.0000000   0.0000000   0.0000000   0.0000000   0.0000000
   0.1763828   0.0000000   0.0000000   0.0000000   0.0000000   0.0000000   0.0000000   0.0000000   0.0000000   0.0000000   0.0000000
   0.1984306   0.0000000   0.0000000   0.0000000   0.0000000   0.0000000   0.0000000   0.0000000   0.0000000   0.0000000   0.0000000
   0.2204784   0.0000000   0.0000000   0.0000000   0.0000000   0.0000000   0.0000000   0.0000000   0.0000000   0.0000000   0.0000000
   0.2425263   0.0000000   0.0000000   0.0000000   0.0000000   0.0000000   0.0000000   0.0000000   0.0000000   0.0000000   0.0000000
   0.2645741   0.0000000   0.0000000   0.0000000   0.0000000   0.0000000   0.0000000   0.0000000   0.0000000   0.0000000   0.0000000
   0.2866220   0.0000000   0.0000000   0.0000000   0.0000000   0.0000000   0.0000000   0.0000000   0.0000000   0.0000000   0.0000000
   0.3086698   0.0000000   0.0000000   0.0000000   0.0000000   0.0000000   0.0000000   0.0000000   0.0000000   0.0000000   0.0000000
   0.3307177   0.0000000   0.0000000   0.0000000   0.0000000   0.0000000   0.0000000   0.0000000   0.0000000   0.0000000   0.0000000
   0.3527655   0.0000000   0.0000000   0.0000000   0.0000000   0.0000000   0.0000000   0.0000000   0.0000000   0.0000000   0.0000000
   0.3748134   0.0000000   0.0000000   0.0000000   0.0000000   0.0000000   0.0000000   0.0000000   0.0000000   0.0000000   0.0000000
   0.3968612   0.0000000   0.0000000   0.0000000   0.0000000   0.0000000   0.0000000   0.0000000   0.0000000   0.0000000   0.0000000
   0.4189091   0.0000000   0.0000000   0.0000000   0.0000000   0.0000000   0.0000000   0.0000000   0.0000000   0.0000000   0.0000000
   0.4409569   0.0000000   0.0000000   0.0000000   0.0000000   0.0000000   0.0000000   0.0000000   0.0000000   0.0000000   0.0000000
   0.4630047   0.0000000   0.0000000   0.0000000   0.0000000   0.0000000   0.0000000   0.0000000   0.0000000   0.0000000   0.0000000
   0.4850526   0.0000000   0.0000000   0.0000000   0.0000000   0.0000000   0.0000000   0.0000000   0.0000000   0.0000000   0.0000000
   0.5071004   0.0000000   0.0000000   0.0000000   0.0000000   0.0000000   0.0000000   0.0000000   0.0000000   0.0000000   0.0000000
   0.5291483   0.0000000   0.0000000   0.0000000   0.0000000   0.0000000   0.0000000   0.0000000   0.0000000   0.0000000   0.0000000
   0.5511961   0.0000000   0.0000000   0.0000000   0.0000000   0.0000000   0.0000000   0.0000000   0.0000000   0.0000000   0.0000001
   0.5732440   0.0000000   0.0000000   0.0000000   0.0000000   0.0000000   0.0000000   0.0000000   0.0000000   0.0000000   0.0000001
   0.5952918   0.0000000   0.0000000   0.0000000   0.0000000   0.0000000   0.0000000   0.0000000   0.0000000   0.0000000   0.0000001
   0.6173397   0.0000000   0.0000000   0.0000000   0.0000000   0.0000000   0.0000000   0.0000000   0.0000000   0.0000000   0.0000001
   0.6393875   0.0000000   0.0000000   0.0000000   0.0000000   0.0000000   0.0000000   0.0000000   0.0000000   0.0000000   0.0000001
   0.6614353   0.0000000   0.0000000   0.0000000   0.0000000   0.0000000   0.0000000   0.0000000   0.0000000   0.0000001   0.0000002
   0.6834832   0.0000000   0.0000000   0.0000000   0.0000000   0.0000000   0.0000000   0.0000000   0.0000000   0.0000001   0.0000002
   0.7055310   0.0000000   0.0000000   0.0000000   0.0000000   0.0000000   0.0000000   0.0000000   0.0000000   0.0000001   0.0000002
   0.7275789   0.0000000   0.0000000   0.0000000   0.0000000   0.0000000   0.0000000   0.0000000   0.0000000   0.0000001   0.0000003
   0.7496267   0.0000000   0.0000000   0.0000000   0.0000000   0.0000000   0.0000000   0.0000000   0.0000000   0.0000001   0.0000003
   0.7716746   0.0000000   0.0000000   0.0000000   0.0000000   0.0000000   0.0000000   0.0000000   0.0000001   0.0000002   0.0000004
   0.7937224   0.0000000   0.0000000   0.0000000   0.0000000   0.0000000   0.0000000   0.0000000   0.0000001   0.0000002   0.0000004
   0.8157703   0.0000000   0.0000000   0.0000000   0.0000000   0.0000000   0.0000000   0.0000000   0.0000001   0.0000003   0.0000005
   0.8378181   0.0000000   0.0000000   0.0000000   0.0000000   0.0000000   0.0000000   0.0000000   0.0000001   0.0000003   0.0000006
   0.8598659   0.0000000   0.0000000   0.0000000   0.0000000   0.0000000   0.0000000   0.0000000   0.0000002   0.0000004   0.0000007
   0.8819138   0.0000000   0.0000000   0.0000000   0.0000000   0.0000000   0.0000000   0.0000001   0.0000002   0.0000005   0.0000008
   0.9039616   0.0000000   0.0000000   0.0000000   0.0000000   0.0000000   0.0000000   0.0000001   0.0000003   0.0000006   0.0000010
   0.9260095   0.0000000   0.0000000   0.0000000   0.0000000   0.0000000   0.0000000   0.0000001   0.0000003   0.0000007   0.0000011
   0.9480573   0.0000000   0.0000000   0.0000000   0.0000000   0.0000000   0.0000000   0.0000002   0.0000004   0.0000008   0.0000013
   0.9701052   0.0000000   0.0000000   0.0000000   0.0000000   0.0000000   0.0000000   0.0000002   0.0000005   0.0000010   0.0000015
   0.9921530   0.0000000   0.0000000   0.0000000   0.0000000   0.0000000   0.0000001   0.0000003   0.0000006   0.0000011   0.0000017
   1.0142009   0.0000000   0.0000000   0.0000000   0.0000000   0.0000000   0.0000001   0.0000003   0.0000008   0.0000013   0.0000019
   1.0362487   0.0000000   0.0000000   0.0000000   0.0000000   0.0000000   0.0000001   0.0000004   0.0000009   0.0000015   0.0000021
   1.0582965   0.0000000   0.0000000   0.0000000   0.0000000   0.0000000   0.0000002   0.0000006   0.0000011   0.0000018   0.0000024
   1.0803444   0.0000000   0.0000000   0.0000000   0.0000000   0.0000000   0.0000002   0.0000007   0.0000013   0.0000020   0.0000027
   1.1023922   0.0000000   0.0000000   0.0000000   0.0000000   0.0000001   0.0000003   0.0000009   0.0000016   0.0000023   0.0000030
   1.1244401   0.0000000   0.0000000   0.0000000   0.0000000   0.0000001   0.0000005   0.0000011   0.0000019   0.0000027   0.0000033
   1.1464879   0.0000000   0.0000000   0.0000000   0.0000000   0.0000001   0.0000006   0.0000014   0.0000022   0.0000030   0.0000037
   1.1685358   0.0000000   0.0000000   0.0000000   0.0000000   0.0000002   0.0000008   0.0000017   0.0000026   0.0000034   0.0000041
   1.1905836   0.0000000   0.0000000   0.0000000   0.0000000   0.0000003   0.0000010   0.0000020   0.0000030   0.0000038   0.0000045
   1.2126315   0.0000000   0.0000000   0.0000000   0.0000001   0.0000005   0.0000013   0.0000024   0.0000034   0.0000043   0.0000049
   1.2346793   0.0000000   0.0000000   0.0000000   0.0000001   0.0000007   0.0000017   0.0000029   0.0000039   0.0000048   0.0000054
   1.2567272   0.0000000   0.0000000   0.0000000   0.0000002   0.0000009   0.0000021   0.0000034   0.0000045   0.0000053   0.0000058
   1.2787750   0.0000000   0.0000000   0.0000000   0.0000003   0.0000012   0.0000027   0.0000040   0.0000051   0.0000058   0.0000063
   1.3008228   0.0000000   0.0000000   0.0000000   0.0000004   0.0000017   0.0000033   0.0000047   0.0000057   0.0000064   0.0000068
   1.3228707   0.0000000   0.0000000   0.0000000   0.0000007   0.0000022   0.0000040   0.0000054   0.0000064   0.0000070   0.0000073
   1.3449185   0.0000000   0.0000000   0.0000001   0.0000011   0.0000029   0.0000048   0.0000062   0.0000071   0.0000076   0.0000079
   1.3669664   0.0000000   0.0000000   0.0000002   0.0000016   0.0000038   0.0000058   0.0000071   0.0000079   0.0000082   0.0000084
   1.3890142   0.0000000   0.0000000   0.0000004   0.0000023   0.0000048   0.0000068   0.0000080   0.0000086   0.0000089   0.0000090
   1.4110621   0.0000000   0.0000000   0.0000007   0.0000032   0.0000060   0.0000080   0.0000090   0.0000094   0.0000095   0.0000096
   1.4331099   0.0000000   0.0000000   0.0000012   0.0000045   0.0000074   0.0000092   0.0000100   0.0000102   0.0000101   0.0000101
   1.4551578   0.0000000   0.0000001   0.0000021   0.0000061   0.0000090   0.0000105   0.0000110   0.0000110   0.0000108   0.0000107
   1.4772056   0.0000000   0.0000002   0.0000035   0.0000080   0.0000108   0.0000119   0.0000121   0.0000118   0.0000114   0.0000114
   1.4992534   0.0000000   0.0000006   0.0000054   0.0000103   0.0000126   0.0000133   0.0000131   0.0000126   0.0000120   0.0000120
   1.5213013   0.0000000   0.0000014   0.0000082   0.0000129   0.0000146   0.0000147   0.0000141   0.0000133   0.0000126   0.0000127
   1.5433491   0.0000000   0.0000033   0.0000117   0.0000159   0.0000167   0.0000161   0.0000151   0.0000140   0.0000131   0.0000134
   1.5653970   0.0000000   0.0000067   0.0000162   0.0000190   0.0000187   0.0000175   0.0000160   0.0000147   0.0000137   0.0000142
   1.5874448   0.0000002   0.0000125   0.0000213   0.0000222   0.0000207   0.0000187   0.0000169   0.0000153   0.0000142   0.0000151
   1.6094927   0.0000013   0.0000211   0.0000269   0.0000253   0.0000225   0.0000198   0.0000176   0.0000158   0.0000146   0.0000161
   1.6315405   0.0000071   0.0000324   0.0000325   0.0000282   0.0000241   0.0000208   0.0000182   0.0000162   0.0000151   0.0000172
   1.6535884   0.0000265   0.0000451   0.0000377   0.0000306   0.0000254   0.0000216   0.0000187   0.0000166   0.0000156   0.0000186
   1.6756362   0.0000674   0.0000569   0.0000418   0.0000324   0.0000263   0.0000221   0.0000191   0.0000168   0.0000160   0.0000203
   1.6976840   0.0001159   0.0000651   0.0000444   0.0000335   0.0000269   0.0000225   0.0000193   0.0000170   0.0000165   0.0000224
   1.7197319   0.0001352   0.0000677   0.0000451   0.0000339   0.0000271   0.0000226   0.0000194   0.0000171   0.0000171   0.0000249
   1.7417797   0.0001069   0.0000638   0.0000440   0.0000334   0.0000268   0.0000224   0.0000193   0.0000172   0.0000177   0.0000281
   1.7638276   0.0000573   0.0000546   0.0000410   0.0000321   0.0000262   0.0000220   0.0000190   0.0000171   0.0000186   0.0000320
   1.7858754   0.0000208   0.0000424   0.0000367   0.0000301   0.0000251   0.0000214   0.0000187   0.0000170   0.0000196   0.0000369
   1.8079233   0.0000051   0.0000299   0.0000314   0.0000276   0.0000238   0.0000206   0.0000182   0.0000169   0.0000209   0.0000430
   1.8299711   0.0000009   0.0000191   0.0000257   0.0000247   0.0000221   0.0000196   0.0000175   0.0000168   0.0000227   0.0000506
   1.8520190   0.0000001   0.0000111   0.0000202   0.0000215   0.0000203   0.0000185   0.0000168   0.0000168   0.0000251   0.0000600
   1.8740668   0.0000000   0.0000058   0.0000152   0.0000183   0.0000183   0.0000172   0.0000160   0.0000169   0.0000282   0.0000718
   1.8961147   0.0000000   0.0000028   0.0000109   0.0000152   0.0000163   0.0000158   0.0000152   0.0000171   0.0000323   0.0000863
   1.9181625   0.0000000   0.0000012   0.0000075   0.0000124   0.0000142   0.0000145   0.0000144   0.0000177   0.0000376   0.0001041
   1.9402103   0.0000000   0.0000005   0.0000050   0.0000098   0.0000122   0.0000130   0.0000136   0.0000186   0.0000445   0.0001260
   1.9622582   0.0000000   0.0000002   0.0000031   0.0000076   0.0000104   0.0000117   0.0000128   0.0000201   0.0000535   0.0001528
   1.9843060   0.0000000   0.0000001   0.0000019   0.0000057   0.0000087   0.0000103   0.0000122   0.0000223   0.0000650   0.0001854
   2.0063539   0.0000000   0.0000000   0.0000011   0.0000042   0.0000071   0.0000091   0.0000118   0.0000256   0.0000796   0.0002249
   2.0284017   0.0000000   0.0000000   0.0000006   0.0000030   0.0000058   0.0000079   0.0000117   0.0000301   0.0000981   0.0002727
   2.0504496   0.0000000   0.0000000   0.0000003   0.0000021   0.0000046   0.0000069   0.0000120   0.0000364   0.0001213   0.0003302
   2.0724974   0.0000000   0.0000000   0.0000002   0.0000014   0.0000036   0.0000061   0.0000129   0.0000449   0.0001505   0.0003993
   2.0945453   0.0000000   0.0000000   0.0000001   0.0000010   0.0000028   0.0000054   0.0000145   0.0000563   0.0001868   0.0004817
   2.1165931   0.0000000   0.0000000   0.0000000   0.0000006   0.0000022   0.0000050   0.0000172   0.0000713   0.0002317   0.0005799
   2.1386409   0.0000000   0.0000000   0.0000000   0.0000004   0.0000017   0.0000050   0.0000213   0.0000909   0.0002870   0.0006963
   2.1606888   0.0000000   0.0000000   0.0000000   0.0000003   0.0000014   0.0000053   0.0000272   0.0001162   0.0003548   0.0008338
   2.1827366   0.0000000   0.0000000   0.0000000   0.0000002   0.0000011   0.0000061   0.0000356   0.0001489   0.0004376   0.0009957
   2.2047845   0.0000000   0.0000000   0.0000000   0.0000001   0.0000011   0.0000077   0.0000473   0.0001905   0.0005381   0.0011856
   2.2268323   0.0000000   0.0000000   0.0000000   0.0000001   0.0000012   0.0000103   0.0000631   0.0002432   0.0006595   0.0014075
   2.2488802   0.0000000   0.0000000   0.0000000   0.0000001   0.0000015   0.0000142   0.0000846   0.0003095   0.0008055   0.0016659
   2.2709280   0.0000000   0.0000000   0.0000000   0.0000001   0.0000021   0.0000200   0.0001131   0.0003926   0.0009804   0.0019656
   2.2929759   0.0000000   0.0000000   0.0000000   0.0000002   0.0000031   0.0000285   0.0001509   0.0004958   0.0011889   0.0023121
   2.3150237   0.0000000   0.0000000   0.0000000   0.0000004   0.0000047   0.0000407   0.0002005   0.0006235   0.0014362   0.0027112
   2.3370715   0.0000000   0.0000000   0.0000000   0.0000007   0.0000071   0.0000579   0.0002649   0.0007804   0.0017284   0.0031693
   2.3591194   0.0000000   0.0000000   0.0000000   0.0000011   0.0000108   0.0000819   0.0003481   0.0009722   0.0020721   0.0036931
   2.3811672   0.0000000   0.0000000   0.0000001   0.0000018   0.0000165   0.0001150   0.0004547   0.0012053   0.0024745   0.0042902
   2.4032151   0.0000000   0.0000000   0.0000002   0.0000029   0.0000250   0.0001605   0.0005903   0.0014870   0.0029437   0.0049682
   2.4252629   0.0000000   0.0000000   0.0000004   0.0000046   0.0000378   0.0002223   0.0007616   0.0018257   0.0034884   0.0057356
   2.4473108   0.0000000   0.0000000   0.0000007   0.0000072   0.0000567   0.0003054   0.0009763   0.0022305   0.0041179   0.0066009
   2.4693586   0.0000000   0.0000000   0.0000014   0.0000112   0.0000844   0.0004161   0.0012436   0.0027118   0.0048424   0.0075734
   2.4914065   0.0000000   0.0000000   0.0000027   0.0000173   0.0001246   0.0005622   0.0015741   0.0032808   0.0056727   0.0086626
   2.5134543   0.0000000   0.0000001   0.0000048   0.0000267   0.0001826   0.0007535   0.0019799   0.0039501   0.0066200   0.0098781
   2.5355022   0.0000000   0.0000003   0.0000081   0.0000410   0.0002651   0.0010013   0.0024744   0.0047330   0.0076964   0.0112302
   2.5575500   0.0000000   0.0000009   0.0000133   0.0000632   0.0003812   0.0013194   0.0030731   0.0056438   0.0089143   0.0127288
   2.5795978   0.0000000   0.0000023   0.0000210   0.0000973   0.0005426   0.0017240   0.0037927   0.0066979   0.0102863   0.0143844
   2.6016457   0.0000000   0.0000058   0.0000319   0.0001499   0.0007640   0.0022338   0.0046518   0.0079112   0.0118257   0.0162071
   2.6236935   0.0000000   0.0000128   0.0000473   0.0002305   0.0010639   0.0028701   0.0056703   0.0093006   0.0135456   0.0182070
   2.6457414   0.0000001   0.0000260   0.0000687   0.0003527   0.0014649   0.0036570   0.0068694   0.0108831   0.0154593   0.0203940
   2.6677892   0.0000008   0.0000477   0.0000993   0.0005357   0.0019940   0.0046211   0.0082717   0.0126762   0.0175797   0.0227776
   2.6898371   0.0000059   0.0000795   0.0001449   0.0008055   0.0026827   0.0057914   0.0099003   0.0146974   0.0199195   0.0253669
   2.7118849   0.0000308   0.0001202   0.0002169   0.0011960   0.0035676   0.0071992   0.0117791   0.0169639   0.0224911   0.0281704
   2.7339328   0.0001092   0.0001652   0.0003358   0.0017504   0.0046892   0.0088771   0.0139319   0.0194926   0.0253058   0.0311958
   2.7559806   0.0002622   0.0002069   0.0005367   0.0025211   0.0060925   0.0108590   0.0163824   0.0222992   0.0283743   0.0344500
   2.7780284   0.0004268   0.0002385   0.0008750   0.0035696   0.0078255   0.0131791   0.0191532   0.0253988   0.0317062   0.0379390
   2.8000763   0.0004708   0.0002619   0.0014321   0.0049654   0.0099383   0.0158710   0.0222656   0.0288047   0.0353096   0.0416677
   2.8221241   0.0003520   0.0003006   0.0023189   0.0067835   0.0124819   0.0189668   0.0257392   0.0325286   0.0391913   0.0456398
   2.8441720   0.0001784   0.0004232   0.0036739   0.0091017   0.0155063   0.0224962   0.0295908   0.0365802   0.0433566   0.0498580
   2.8662198   0.0000613   0.0007807   0.0056541   0.0119968   0.0190592   0.0264850   0.0338346   0.0409669   0.0478088   0.0543234
   2.8882677   0.0000143   0.0016589   0.0084180   0.0155411   0.0231831   0.0309547   0.0384811   0.0456935   0.0525494   0.0590357
   2.9103155   0.0000035   0.0035227   0.0121019   0.0197992   0.0279140   0.0359211   0.0435369   0.0507622   0.0575780   0.0639935
   2.9323634   0.0000205   0.0070028   0.0167953   0.0248256   0.0332790   0.0413934   0.0490047   0.0561721   0.0628920   0.0691937
   2.9544112   0.0002252   0.0127543   0.0225236   0.0306621   0.0392942   0.0473738   0.0548825   0.0619192   0.0684866   0.0746317
   2.9764590   0.0016965   0.0211582   0.0292473   0.0373373   0.0459629   0.0538567   0.0611638   0.0679968   0.0743551   0.0803018
   2.9985069   0.0086634   0.0319499   0.0368832   0.0448643   0.0532743   0.0608290   0.0678374   0.0743945   0.0804884   0.0861966
   3.0205547   0.0299863   0.0440060   0.0453450   0.0532386   0.0612027   0.0682699   0.0748878   0.0810993   0.0868757   0.0923077
   3.0426026   0.0703509   0.0555638   0.0545914   0.0624349   0.0697068   0.0761513   0.0822948   0.0880950   0.0935039   0.0986252
   3.0646504   0.1118739   0.0649719   0.0646619   0.0724019   0.0787314   0.0844390   0.0900345   0.0953627   0.1003584   0.1051384
   3.0866983   0.1206005   0.0717034   0.0756786   0.0830572   0.0882081   0.0930932   0.0980790   0.1028806   0.1074227   0.1118356
   3.1087461   0.0882920   0.0770533   0.0878008   0.0942830   0.0980588   0.1020699   0.1063972   0.1106250   0.1146791   0.1187042
   3.1307940   0.0452384   0.0839651   0.1011352   0.1059251   0.1081995   0.1113223   0.1149552   0.1185699   0.1221086   0.1257311
   3.1528418   0.0238869   0.0958782   0.1156250   0.1177969   0.1185447   0.1208018   0.1237168   0.1266876   0.1296915   0.1329028
   3.1748896   0.0396259   0.1150787   0.1309574   0.1296913   0.1290124   0.1304596   0.1326440   0.1349493   0.1374072   0.1402057
   3.1969375   0.0981050   0.1413735   0.1465299   0.1413986   0.1395291   0.1402474   0.1416974   0.1433254   0.1452352   0.1476262
   3.2189853   0.1824414   0.1717427   0.1615066   0.1527318   0.1500342   0.1501179   0.1508368   0.1517857   0.1531549   0.1551510
   3.2410332   0.2495317   0.2011158   0.1749665   0.1635529   0.1604821   0.1600256   0.1600218   0.1603003   0.1611463   0.1627673
   3.2630810   0.2835801   0.2239111   0.1861162   0.1737976   0.1708436   0.1699265   0.1692123   0.1688402   0.1691902   0.1704630
   3.2851289   0.3118588   0.2357610   0.1945127   0.1834906   0.1811040   0.1797779   0.1783687   0.1773771   0.1772685   0.1782271
   3.3071767   0.3272225   0.2349014   0.2002320   0.1927489   0.1912596   0.1895380   0.1874530   0.1858850   0.1853649   0.1860497
   3.3292246   0.2857053   0.2228603   0.2039279   0.2017674   0.2013113   0.1991649   0.1964290   0.1943398   0.1934648   0.1939222
   3.3512724   0.2001738   0.2042410   0.2067533   0.2107893   0.2112576   0.2086169   0.2052630   0.2027206   0.2015561   0.2018379
   3.3733203   0.1294398   0.1856061   0.2101535   0.2200616   0.2210866   0.2178517   0.2139247   0.2110097   0.2096290   0.2097914
   3.3953681   0.0944207   0.1737544   0.2155748   0.2297860   0.2307691   0.2268267   0.2223881   0.2191935   0.2176767   0.2177795
   3.4174159   0.0842656   0.1739144   0.2241565   0.2400693   0.2402537   0.2355005   0.2306320   0.2272624   0.2256954   0.2258007
   3.4394638   0.1033514   0.1884138   0.2364768   0.2508864   0.2494651   0.2438334   0.2386411   0.2352118   0.2336844   0.2338557
   3.4615116   0.1589537   0.2162031   0.2524077   0.2620604   0.2583057   0.2517905   0.2464070   0.2430422   0.2416462   0.2419469
   3.4835595   0.2351906   0.2533446   0.2711049   0.2732678   0.2666630   0.2593436   0.2539289   0.2507592   0.2495868   0.2500792
   3.5056073   0.3183831   0.2942942   0.2911282   0.2840674   0.2744190   0.2664747   0.2612142   0.2583738   0.2575153   0.2582590
   3.5276552   0.4026097   0.3335251   0.3106598   0.2939523   0.2814641   0.2731793   0.2682794   0.2659023   0.2654441   0.2664948
   3.5497030   0.4458412   0.3668226   0.3277764   0.3024164   0.2877117   0.2794685   0.2751500   0.2733662   0.2733883   0.2747968
   3.5717509   0.4180412   0.3916568   0.3407306   0.3090280   0.2931136   0.2853725   0.2818608   0.2807919   0.2813661   0.2831767
   3.5937987   0.3859189   0.4065594   0.3482032   0.3134975   0.2976721   0.2909412   0.2884555   0.2882102   0.2893977   0.2916476
   3.6158465   0.4243007   0.4101647   0.3494998   0.3157309   0.3014493   0.2962451   0.2949859   0.2956557   0.2975057   0.3002235
   3.6378944   0.4947121   0.4009256   0.3446701   0.3158600   0.3045709   0.3013743   0.3015109   0.3031662   0.3057139   0.3089197
   3.6599422   0.5089906   0.3780309   0.3345329   0.3142453   0.3072238   0.3064360   0.3080950   0.3107817   0.3140476   0.3177517
   3.6819901   0.4363750   0.3430085   0.3205984   0.3114494   0.3096473   0.3115511   0.3148068   0.3185438   0.3225324   0.3267354
   3.7040379   0.3077359   0.3007398   0.3048864   0.3081858   0.3121195   0.3168490   0.3217167   0.3264943   0.3311942   0.3358866
   3.7260858   0.1798261   0.2588391   0.2896647   0.3052490   0.3149389   0.3224625   0.3288948   0.3346746   0.3400583   0.3452210
   3.7481336   0.0977926   0.2254218   0.2771441   0.3034349   0.3184033   0.3285211   0.3364087   0.3431242   0.3491490   0.3547534
   3.7701815   0.0769723   0.2063939   0.2691875   0.3034632   0.3227888   0.3351452   0.3443217   0.3518805   0.3584894   0.3644979
   3.7922293   0.1181988   0.2037341   0.2670857   0.3059099   0.3283304   0.3424406   0.3526902   0.3609772   0.3681003   0.3744673
   3.8142771   0.2027007   0.2156154   0.2714374   0.3111583   0.3352059   0.3504929   0.3615623   0.3704437   0.3780002   0.3846728
   3.8363250   0.2726563   0.2380884   0.2821473   0.3193738   0.3435249   0.3593649   0.3709763   0.3803046   0.3882049   0.3951241
   3.8583728   0.2831942   0.2671816   0.2985230   0.3305026   0.3533245   0.3690937   0.3809600   0.3905791   0.3987272   0.4058289
   3.8804207   0.2721905   0.3001935   0.3194416   0.3442933   0.3645701   0.3796906   0.3915298   0.4012805   0.4095763   0.4167928
   3.9024685   0.2999531   0.3356452   0.3435422   0.3603368   0.3771630   0.3911418   0.4026908   0.4124161   0.4207583   0.4280193
   3.9245164   0.3558418   0.3723107   0.3694138   0.3781166   0.3909522   0.4034112   0.4144371   0.4239875   0.4322755   0.4395095
   3.9465642   0.4085820   0.4082901   0.3957519   0.3970654   0.4057497   0.4164437   0.4267527   0.4359899   0.4441265   0.4512621
   3.9686121   0.4724212   0.4409472   0.4214707   0.4166186   0.4213484   0.4301698   0.4396126   0.4484134   0.4563065   0.4632733
   3.9906599   0.5439322   0.4678559   0.4457629   0.4362627   0.4375387   0.4445101   0.4529838   0.4612427   0.4688074   0.4755371
   4.0127078   0.5678071   0.4881425   0.4681075   0.4555729   0.4541248   0.4593807   0.4668272   0.4744578   0.4816176   0.4880447
   4.0347556   0.5246163   0.5032394   0.4882342   0.4742390   0.4709372   0.4746968   0.4810990   0.4880350   0.4947226   0.5007854
   4.0568034   0.4677979   0.5163225   0.5060651   0.4920796   0.4878420   0.4903770   0.4957522   0.5019469   0.5081051   0.5137458
   4.0788513   0.4522931   0.5305182   0.5216612   0.5090439   0.5047454   0.5063461   0.5107379   0.5161635   0.5217451   0.5269105
   4.1008991   0.4898236   0.5468532   0.5352012   0.5252029   0.5215938   0.5225366   0.5260072   0.5306529   0.5356208   0.5402620
   4.1229470   0.5680245   0.5632754   0.5470003   0.5407304   0.5383693   0.5388896   0.5415114   0.5453818   0.5497080   0.5537807
   4.1449948   0.6587364   0.5755803   0.5575586   0.5558751   0.5550827   0.5553545   0.5572037   0.5603161   0.5639811   0.5674451
   4.1670427   0.7083155   0.5799625   0.5675973   0.5709270   0.5717632   0.5718886   0.5730395   0.5754216   0.5784131   0.5812322
   4.1890905   0.6719637   0.5758688   0.5780382   0.5861790   0.5884476   0.5884550   0.5889772   0.5906643   0.5929757   0.5951171
   4.2111384   0.5679971   0.5675053   0.5898945   0.6018886   0.6051691   0.6050215   0.6049782   0.6060108   0.6076397   0.6090734
   4.2331862   0.4665456   0.5629473   0.6040787   0.6182432   0.6219477   0.6215590   0.6210072   0.6214286   0.6223751   0.6230732
   4.2552340   0.4213375   0.5709941   0.6211771   0.6353342   0.6387837   0.6380402   0.6370326   0.6368862   0.6371509   0.6370875
   4.2772819   0.4304409   0.5970706   0.6412691   0.6531424   0.6556530   0.6544388   0.6530261   0.6523531   0.6519356   0.6510859
   4.2993297   0.4975836   0.6401085   0.6638679   0.6715370   0.6725078   0.6707298   0.6689625   0.6677997   0.6666969   0.6650367
   4.3213776   0.6725733   0.6921363   0.6880165   0.6902891   0.6892792   0.6868892   0.6848200   0.6831973   0.6814018   0.6789074
   4.3434254   0.9141524   0.7412260   0.7125175   0.7090967   0.7058845   0.7028958   0.7005794   0.6985174   0.6960164   0.6926644
   4.3654733   1.0416824   0.7767467   0.7362161   0.7276188   0.7222363   0.7187316   0.7162237   0.7137316   0.7105057   0.7062733
   4.3875211   0.9714082   0.7943768   0.7582330   0.7455130   0.7382530   0.7343838   0.7317380   0.7288111   0.7248341   0.7196990
   4.4095690   0.8097829   0.7980675   0.7780657   0.7624734   0.7538698   0.7498457   0.7471079   0.7437259   0.7389643   0.7329054
   4.4316168   0.6605450   0.7976521   0.7955352   0.7782660   0.7690483   0.7651175   0.7623195   0.7584445   0.7528581   0.7458566
   4.4536646   0.5816814   0.8033398   0.8106252   0.7927571   0.7837841   0.7802059   0.7773576   0.7729331   0.7664757   0.7585158
   4.4757125   0.6574435   0.8202494   0.8233103   0.8059344   0.7981103   0.7951236   0.7922047   0.7871553   0.7797763   0.7708464
   4.4977603   0.8753607   0.8460435   0.8334763   0.8179190   0.8120975   0.8098873   0.8068394   0.8010710   0.7927174   0.7828122
   4.5198082   1.0492137   0.8726358   0.8409904   0.8289643   0.8258488   0.8245143   0.8212348   0.8146365   0.8052555   0.7943771
   4.5418560   1.0438025   0.8904222   0.8459093   0.8394427   0.8394913   0.8390190   0.8353572   0.8278040   0.8173464   0.8055062
   4.5639039   0.9451812   0.8924043   0.8487376   0.8498158   0.8531623   0.8534078   0.8491639   0.8405213   0.8289449   0.8161657
   4.5859517   0.8979105   0.8765416   0.8506100   0.8605903   0.8669949   0.8676743   0.8626028   0.8527321   0.8400060   0.8263234
   4.6079996   0.9194556   0.8464339   0.8532811   0.8722613   0.8811002   0.8817942   0.8756104   0.8643763   0.8504849   0.8359493
   4.6300474   0.9097196   0.8111637   0.8588661   0.8852502   0.8955514   0.8957199   0.8881118   0.8753904   0.8603381   0.8450160
   4.6520952   0.7689964   0.7842753   0.8693692   0.8998453   0.9103685   0.9093769   0.9000204   0.8857089   0.8695239   0.8534993
   4.6741431   0.5383499   0.7808265   0.8861270   0.9161557   0.9255066   0.9226611   0.9112386   0.8952650   0.8780037   0.8613786
   4.6961909   0.4023952   0.8119955   0.9093495   0.9340866   0.9408480   0.9354371   0.9216594   0.9039925   0.8857425   0.8686373
   4.7182388   0.5226993   0.8789559   0.9379342   0.9533406   0.9561991   0.9475389   0.9311682   0.9118273   0.8927105   0.8752639
   4.7402866   0.8927171   0.9696551   0.9696497   0.9734458   0.9712919   0.9587730   0.9396463   0.9187100   0.8988837   0.8812518
   4.7623345   1.3264554   1.0615685   1.0016656   0.9938011   0.9857911   0.9689228   0.9469745   0.9245878   0.9042453   0.8866001
   4.7843823   1.5878776   1.1302469   1.0312732   1.0137311   0.9993039   0.9777561   0.9530380   0.9294170   0.9087865   0.8913136
   4.8064302   1.5664662   1.1597355   1.0565645   1.0325358   1.0113950   0.9850338   0.9577312   0.9331654   0.9125078   0.8954038
   4.8284780   1.3361725   1.1494726   1.0768354   1.0495260   1.0216031   0.9905207   0.9609637   0.9358148   0.9154195   0.8988882
   4.8505259   1.0513799   1.1141305   1.0925712   1.0640384   1.0294612   0.9939978   0.9626658   0.9373633   0.9175423   0.9017910
   4.8725737   0.8253165   1.0766913   1.1050168   1.0754342   1.0345181   0.9952754   0.9627942   0.9378268   0.9189080   0.9041428
   4.8946215   0.7330312   1.0584059   1.1154825   1.0830860   1.0363613   0.9942060   0.9613372   0.9372412   0.9195598   0.9059805
   4.9166694   0.8089240   1.0703884   1.1246263   1.0863700   1.0346421   0.9906971   0.9583193   0.9356628   0.9195514   0.9073468
   4.9387172   1.0063564   1.1102712   1.1319605   1.0846712   1.0291003   0.9847234   0.9538048   0.9331688   0.9189477   0.9082899
   4.9607651   1.2530390   1.1646134   1.1357436   1.0774148   1.0195892   0.9763359   0.9478999   0.9298575   0.9178233   0.9088630
   4.9828129   1.4592136   1.2150582   1.1332928   1.0641233   1.0060980   0.9656696   0.9407532   0.9258467   0.9162617   0.9091233
   5.0048608   1.4903258   1.2448490   1.1216170   1.0444948   0.9887721   0.9529473   0.9325550   0.9212725   0.9143540   0.9091312
   5.0269086   1.3512333   1.2428956   1.0981824   1.0184894   0.9679270   0.9384793   0.9235341   0.9162861   0.9121975   0.9089496
   5.0489565   1.2546917   1.2046830   1.0615992   0.9864081   0.9440551   0.9226599   0.9139533   0.9110513   0.9098932   0.9086425
   5.0710043   1.2887079   1.1313987   1.0120570   0.9489467   0.9178238   0.9059578   0.9041024   0.9057402   0.9075445   0.9082744
   5.0930521   1.2590309   1.0291055   0.9514143   0.9072134   0.8900625   0.8889037   0.8942905   0.9005291   0.9052545   0.9079086
   5.1151000   1.0136587   0.9084250   0.8829462   0.8627026   0.8617386   0.8720722   0.8848360   0.8955935   0.9031239   0.9076064
   5.1371478   0.6743038   0.7835867   0.8108376   0.8172282   0.8339230   0.8560613   0.8760560   0.8911035   0.9012487   0.9074259
   5.1591957   0.4345097   0.6696315   0.7395643   0.7728235   0.8077446   0.8414682   0.8682554   0.8872184   0.8997179   0.9074211
   5.1812435   0.3405188   0.5781664   0.6733196   0.7316202   0.7843383   0.8288635   0.8617153   0.8840822   0.8986116   0.9076406
   5.2032914   0.3478979   0.5137788   0.6156138   0.6957209   0.7647870   0.8187655   0.8566823   0.8818194   0.8979988   0.9081273
   5.2253392   0.4231267   0.4733523   0.5691120   0.6670741   0.7500620   0.8116149   0.8533587   0.8805305   0.8979362   0.9089169
   5.2473871   0.5165078   0.4489362   0.5356975   0.6473632   0.7409657   0.8077520   0.8518939   0.8802896   0.8984669   0.9100381
   5.2694349   0.5432666   0.4327106   0.5166774   0.6379101   0.7380797   0.8073982   0.8523783   0.8811415   0.8996190   0.9115117
   5.2914827   0.4692145   0.4214277   0.5130129   0.6395955   0.7417225   0.8106419   0.8548391   0.8831011   0.9014060   0.9133504
   5.3135306   0.3528545   0.4180935   0.5254603   0.6527951   0.7519195   0.8174316   0.8592387   0.8861525   0.9038263   0.9155592
   5.3355784   0.2681508   0.4302503   0.5545541   0.6773317   0.7683894   0.8275751   0.8654763   0.8902507   0.9068634   0.9181349
   5.3576263   0.2525073   0.4660621   0.6004257   0.7124455   0.7905471   0.8407465   0.8733917   0.8953227   0.9104873   0.9210670
   5.3796741   0.3319616   0.5304965   0.6625090   0.7567888   0.8175255   0.8565000   0.8827721   0.9012712   0.9146554   0.9243379
   5.4017220   0.5205772   0.6236255   0.7392202   0.8084528   0.8482160   0.8742906   0.8933610   0.9079778   0.9193141   0.9279233
   5.4237698   0.7591448   0.7415447   0.8277083   0.8650340   0.8813246   0.8935001   0.9048691   0.9153077   0.9244008   0.9317934
   5.4458177   0.9212291   0.8785644   0.9237584   0.9237467   0.9154436   0.9134672   0.9169865   0.9231150   0.9298456   0.9359135
   5.4678655   0.9645686   1.0284749   1.0219032   0.9815828   0.9491317   0.9335197   0.9293955   0.9312474   0.9355740   0.9402448
   5.4899134   1.0290229   1.1836402   1.1157678   1.0355115   0.9809993   0.9530078   0.9417837   0.9395520   0.9415084   0.9447455
   5.5119612   1.2782252   1.3328428   1.1986352   1.0827050   1.0097915   0.9713348   0.9538568   0.9478803   0.9475711   0.9493717
   5.5340090   1.6551565   1.4603778   1.2641784   1.1207703   1.0344633   0.9879850   0.9653495   0.9560934   0.9536858   0.9540781
   5.5560569   1.9326777   1.5483836   1.3072649   1.1479593   1.0542405   1.0025463   0.9760354   0.9640656   0.9597797   0.9588190
   5.5781047   1.9937744   1.5820408   1.3247000   1.1633307   1.0686603   1.0147258   0.9857344   0.9716883   0.9657849   0.9635491
   5.6001526   1.8879866   1.5549805   1.3157713   1.1668401   1.0775892   1.0243593   0.9943179   0.9788728   0.9716399   0.9682241
   5.6222004   1.6748125   1.4718607   1.2824716   1.1593428   1.0812165   1.0314114   1.0017110   0.9855513   0.9772904   0.9728011
   5.6442483   1.3839524   1.3468148   1.2293382   1.1425021   1.0800227   1.0359701   1.0078924   0.9916782   0.9826899   0.9772392
   5.6662961   1.0999618   1.1989664   1.1629146   1.1186114   1.0747284   1.0382338   1.0128916   0.9972294   0.9877997   0.9814997
   5.6883440   0.9284496   1.0476628   1.0909179   1.0903504   1.0662270   1.0384931   1.0167839   1.0022009   0.9925891   0.9855461
   5.7103918   0.8456766   0.9096428   1.0212439   1.0605027   1.0555093   1.0371087   1.0196836   1.0066069   0.9970343   0.9893442
   5.7324396   0.7273547   0.7984782   0.9609650   1.0316722   1.0435859   1.0344875   1.0217354   1.0104766   1.0011179   0.9928623
   5.7544875   0.5395993   0.7247954   0.9154681   1.0060342   1.0314174   1.0310577   1.0231050   1.0138507   1.0048276   0.9960702
   5.7765353   0.3808143   0.6954876   0.8878500   0.9851518   1.0198552   1.0272456   1.0239692   1.0167777   1.0081550   0.9989397
   5.7985832   0.3736416   0.7116370   0.8786432   0.9698823   1.0096010   1.0234537   1.0245059   1.0193095   1.0110938   1.0014440
   5.8206310   0.5745569   0.7668243   0.8859007   0.9603806   1.0011838   1.0200436   1.0248850   1.0214972   1.0136389   1.0035570
   5.8426789   0.9060670   0.8479305   0.9056187   0.9561975   0.9949567   1.0173218   1.0252588   1.0233876   1.0157841   1.0052535
   5.8647267   1.1638342   0.9387666   0.9324375   0.9564511   0.9911086   1.0155295   1.0257556   1.0250187   1.0175217   1.0065083
   5.8867746   1.1900663   1.0244049   0.9605307   0.9600433   0.9896891   1.0148374   1.0264724   1.0264172   1.0188401   1.0072964
   5.9088224   1.0745258   1.0933973   0.9845655   0.9658843   0.9906376   1.0153429   1.0274710   1.0275954   1.0197239   1.0075924
   5.9308702   1.0791154   1.1370694   1.0006081   0.9730856   0.9938152   1.0170705   1.0287748   1.0285494   1.0201523   1.0073703
   5.9529181   1.2958541   1.1479846   1.0068344   0.9810929   0.9990300   1.0199750   1.0303670   1.0292582   1.0200991   1.0066040
   5.9749659   1.4955174   1.1206016   1.0039076   0.9897345   1.0060567   1.0239458   1.0321912   1.0296832   1.0195326   1.0052667
   5.9970138   1.4176115   1.0550549   0.9949078   0.9991831   1.0146458   1.0288122   1.0341528   1.0297684   1.0184155   1.0033316
   6.0190616   1.0932601   0.9617669   0.9847541   1.0098403   1.0245237   1.0343496   1.0361223   1.0294421   1.0167059   1.0007719
   6.0411095   0.7381950   0.8631297   0.9791621   1.0221703   1.0353861   1.0402869   1.0379391   1.0286187   1.0143578   0.9975617
   6.0631573   0.4764504   0.7898248   0.9833073   1.0365191   1.0468880   1.0463127   1.0394173   1.0272012   1.0113226   0.9936757
   6.0852052   0.3163759   0.7721177   1.0004904   1.0529569   1.0586328   1.0520843   1.0403518   1.0250848   1.0075502   0.9890907
   6.1072530   0.2703743   0.8288107   1.0311584   1.0711763   1.0701658   1.0572355   1.0405250   1.0221601   1.0029911   0.9837859
   6.1293009   0.4175389   0.9578032   1.0725983   1.0904661   1.0809736   1.0613865   1.0397146   1.0183172   0.9975978   0.9777434
   6.1513487   0.8736436   1.1325484   1.1194528   1.1097627   1.0904916   1.0641544   1.0377011   1.0134502   0.9913265   0.9709496
   6.1733965   1.6164649   1.3076663   1.1649687   1.1277654   1.0981201   1.0651647   1.0342761   1.0074607   0.9841397   0.9633952
   6.1954444   2.3027245   1.4337135   1.2026403   1.1430863   1.1032466   1.0640634   1.0292493   1.0002622   0.9760070   0.9550763
   6.2174922   2.4646141   1.4761633   1.2277576   1.1544029   1.1052743   1.0605299   1.0224566   0.9917838   0.9669076   0.9459953
   6.2395401   1.9966665   1.4299252   1.2383758   1.1605814   1.1036523   1.0542899   1.0137661   0.9819736   0.9568311   0.9361608
   6.2615879   1.2559915   1.3216147   1.2354096   1.1607525   1.0979065   1.0451274   1.0030845   0.9708011   0.9457794   0.9255885
   6.2836358   0.6666281   1.1977427   1.2218500   1.1543325   1.0876674   1.0328962   0.9903614   0.9582600   0.9337670   0.9143016
   6.3056836   0.4283599   1.1045183   1.2014034   1.1410024   1.0726941   1.0175287   0.9755933   0.9443691   0.9208218   0.9023305
   6.3277315   0.5411080   1.0691312   1.1770441   1.1206625   1.0528931   0.9990428   0.9588248   0.9291732   0.9069856   0.8897133
   6.3497793   0.8826759   1.0908351   1.1499786   1.0933885   1.0283302   0.9775458   0.9401494   0.9127430   0.8923134   0.8764952
   6.3718271   1.2722061   1.1445010   1.1193486   1.0594086   0.9992363   0.9532349   0.9197081   0.8951741   0.8768736   0.8627287
   6.3938750   1.5809051   1.1933295   1.0827255   1.0191085   0.9660064   0.9263934   0.8976866   0.8765852   0.8607465   0.8484726
   6.4159228   1.7234990   1.2040902   1.0371730   0.9730647   0.9291909   0.8973840   0.8743101   0.8571158   0.8440231   0.8337917
   6.4379707   1.5888984   1.1584383   0.9804848   0.9220874   0.8894803   0.8666381   0.8498377   0.8369229   0.8268043   0.8187559
   6.4600185   1.2140175   1.0566840   0.9121871   0.8672565   0.8476830   0.8346419   0.8245550   0.8161775   0.8091983   0.8034393
   6.4820664   0.8479211   0.9142119   0.8340098   0.8099266   0.8046958   0.8019194   0.7987654   0.7950605   0.7913190   0.7879194
   6.5041142   0.6335741   0.7537930   0.7497328   0.7516914   0.7614688   0.7690144   0.7727815   0.7737583   0.7732840   0.7722757
   6.5261621   0.4853887   0.5979453   0.6645033   0.6943015   0.7189659   0.7364701   0.7469156   0.7524583   0.7552123   0.7565890
   6.5482099   0.3221782   0.4641297   0.5838596   0.6395471   0.6781219   0.7048094   0.7214703   0.7313446   0.7372223   0.7409403
   6.5702577   0.1797710   0.3631649   0.5127357   0.5891217   0.6398001   0.6745156   0.6967301   0.7105941   0.7194293   0.7254091
   6.5923056   0.1091803   0.2995529   0.4546877   0.5444894   0.6047520   0.6460152   0.6729532   0.6903719   0.7019440   0.7100730
   6.6143534   0.1095507   0.2722655   0.4114882   0.5067765   0.5735826   0.6196629   0.6503649   0.6708286   0.6848704   0.6950066
   6.6364013   0.1600854   0.2754676   0.3831308   0.4767014   0.5467231   0.5957306   0.6291522   0.6520971   0.6683044   0.6802803
   6.6584491   0.2520141   0.2995293   0.3681860   0.4545494   0.5244134   0.5744003   0.6094606   0.6342906   0.6523321   0.6659597
   6.6804970   0.3752141   0.3328289   0.3643817   0.4401874   0.5066960   0.5557613   0.5913913   0.6175012   0.6370293   0.6521048
   6.7025448   0.4855035   0.3643349   0.3692439   0.4331100   0.4934208   0.5398120   0.5750020   0.6017988   0.6224604   0.6387698
   6.7245927   0.5156038   0.3863252   0.3806334   0.4325025   0.4842613   0.5264664   0.5603082   0.5872318   0.6086783   0.6260021
   6.7466405   0.4605767   0.3963616   0.3970462   0.4373088   0.4787409   0.5155638   0.5472862   0.5738271   0.5957238   0.6138425
   6.7686883   0.3996957   0.3979076   0.4176130   0.4462974   0.4762668   0.5068827   0.5358780   0.5615917   0.5836264   0.6023248
   6.7907362   0.3768598   0.3994268   0.4418138   0.4581223   0.4761710   0.5001561   0.5259965   0.5505148   0.5724044   0.5914760
   6.8127840   0.3451088   0.4120134   0.4690138   0.4713827   0.4777531   0.4950888   0.5175323   0.5405694   0.5620655   0.5813163
   6.8348319   0.2740812   0.4456341   0.4979891   0.4846882   0.4803248   0.4913746   0.5103598   0.5317155   0.5526082   0.5718593
   6.8568797   0.2343447   0.5044707   0.5266292   0.4967324   0.4832519   0.4887132   0.5043447   0.5239023   0.5440221   0.5631125
   6.8789276   0.3502587   0.5828923   0.5519646   0.5063786   0.4859900   0.4868244   0.4993496   0.5170716   0.5362898   0.5550775
   6.9009754   0.6803502   0.6645106   0.5705701   0.5127500   0.4881135   0.4854608   0.4952406   0.5111598   0.5293874   0.5477506
   6.9230233   1.0867558   0.7261845   0.5792702   0.5153139   0.4893336   0.4844164   0.4918916   0.5061012   0.5232863   0.5411233
   6.9450711   1.2821585   0.7463256   0.5759594   0.5139423   0.4895053   0.4835325   0.4891888   0.5018298   0.5179541   0.5351828
   6.9671190   1.1298858   0.7138833   0.5602934   0.5089350   0.4886223   0.4826990   0.4870333   0.4982816   0.5133556   0.5299128
   6.9891668   0.7734332   0.6333730   0.5340230   0.5009908   0.4868010   0.4818531   0.4853432   0.4953961   0.5094540   0.5252935
   7.0112146   0.4224969   0.5233500   0.5008430   0.4911244   0.4842546   0.4809753   0.4840536   0.4931176   0.5062120   0.5213029
   7.0332625   0.1830233   0.4094442   0.4657658   0.4805368   0.4812610   0.4800821   0.4831170   0.4913960   0.5035920   0.5179165
   7.0553103   0.0640287   0.3157703   0.4341677   0.4704552   0.4781275   0.4792181   0.4825019   0.4901873   0.5015571   0.5151085
   7.0773582   0.0296743   0.2585832   0.4107404   0.4619681   0.4751561   0.4784472   0.4821907   0.4894536   0.5000715   0.5128516
   7.0994060   0.0524043   0.2439900   0.3986011   0.4558842   0.4726139   0.4778440   0.4821779   0.4891631   0.4991009   0.5111179
   7.1214539   0.1346671   0.2691638   0.3987533   0.4526364   0.4707109   0.4774854   0.4824670   0.4892891   0.4986122   0.5098787
   7.1435017   0.2707349   0.3252229   0.4100016   0.4522510   0.4695871   0.4774447   0.4830683   0.4898097   0.4985742   0.5091052
   7.1655496   0.4064711   0.4000017   0.4293058   0.4543820   0.4693097   0.4777863   0.4839960   0.4907067   0.4989568   0.5087684
   7.1875974   0.4925731   0.4798581   0.4524759   0.4584057   0.4698805   0.4785625   0.4852658   0.4919644   0.4997316   0.5088397
   7.2096452   0.5766551   0.5508131   0.4750443   0.4635540   0.4712492   0.4798123   0.4868930   0.4935691   0.5008711   0.5092903
   7.2316931   0.7431279   0.6000339   0.4931364   0.4690609   0.4733330   0.4815615   0.4888900   0.4955074   0.5023484   0.5100923
   7.2537409   0.9212093   0.6183786   0.5041688   0.4742962   0.4760353   0.4838232   0.4912655   0.4977656   0.5041374   0.5112179
   7.2757888   0.9061034   0.6034191   0.5072517   0.4788603   0.4792650   0.4866001   0.4940228   0.5003286   0.5062122   0.5126401
   7.2978366   0.6579012   0.5610812   0.5032325   0.4826286   0.4829492   0.4898864   0.4971590   0.5031793   0.5085468   0.5143325
   7.3198845   0.3762728   0.5041858   0.4943935   0.4857386   0.4870420   0.4936690   0.5006644   0.5062977   0.5111153   0.5162696
   7.3419323   0.2338289   0.4480485   0.4838818   0.4885301   0.4915260   0.4979295   0.5045218   0.5096608   0.5138912   0.5184267
   7.3639802   0.2399493   0.4054488   0.4750048   0.4914519   0.4964088   0.5026441   0.5087069   0.5132419   0.5168480   0.5207801
   7.3860280   0.3244621   0.3837411   0.4705388   0.4949587   0.5017152   0.5077839   0.5131871   0.5170110   0.5199588   0.5233074
   7.4080758   0.3929778   0.3851089   0.4721898   0.4994200   0.5074769   0.5133141   0.5179227   0.5209345   0.5231967   0.5259876
   7.4301237   0.3733715   0.4084833   0.4803080   0.5050570   0.5137217   0.5191924   0.5228664   0.5249757   0.5265351   0.5288013
   7.4521715   0.3091012   0.4506860   0.4939009   0.5119197   0.5204638   0.5253674   0.5279641   0.5290956   0.5299477   0.5317308
   7.4742194   0.3329213   0.5057461   0.5109334   0.5199037   0.5276957   0.5317769   0.5331553   0.5332532   0.5334095   0.5347608
   7.4962672   0.5179568   0.5637552   0.5288461   0.5287985   0.5353826   0.5383468   0.5383742   0.5374066   0.5368969   0.5378782
   7.5183151   0.7950368   0.6117456   0.5451774   0.5383519   0.5434592   0.5449898   0.5435510   0.5415144   0.5403888   0.5410727
   7.5403629   0.9838111   0.6376848   0.5581513   0.5483324   0.5518275   0.5516056   0.5486133   0.5455364   0.5438664   0.5443368
   7.5624108   0.9301105   0.6358488   0.5670939   0.5585726   0.5603568   0.5580820   0.5534880   0.5494352   0.5473149   0.5476664
   7.5844586   0.6752187   0.6100619   0.5725777   0.5689812   0.5688838   0.5642968   0.5581039   0.5531778   0.5507235   0.5510610
   7.6065065   0.4159591   0.5723110   0.5762571   0.5795214   0.5772137   0.5701212   0.5623938   0.5567368   0.5540861   0.5545236
   7.6285543   0.2979789   0.5374132   0.5804282   0.5901590   0.5851239   0.5754246   0.5662975   0.5600918   0.5574023   0.5580614
   7.6506021   0.3445614   0.5171734   0.5874163   0.6007949   0.5923681   0.5800802   0.5697649   0.5632309   0.5606775   0.5616855
   7.6726500   0.4923920   0.5175383   0.5989303   0.6112005   0.5986853   0.5839719   0.5727586   0.5661521   0.5639239   0.5654110
   7.6946978   0.6036125   0.5395833   0.6155286   0.6209727   0.6038116   0.5870011   0.5752573   0.5688641   0.5671602   0.5692575
   7.7167457   0.5684048   0.5820344   0.6363198   0.6295279   0.6074965   0.5890946   0.5772577   0.5713872   0.5704120   0.5732482
   7.7387935   0.4602411   0.6421205   0.6589708   0.6361392   0.6095223   0.5902114   0.5787775   0.5737539   0.5737122   0.5774104
   7.7608414   0.4790634   0.7136673   0.6800386   0.6400182   0.6097266   0.5903492   0.5798562   0.5760093   0.5771003   0.5817750
   7.7828892   0.7280363   0.7846190   0.6955765   0.6404294   0.6080236   0.5895498   0.5805567   0.5782108   0.5806223   0.5863760
   7.8049371   1.0987227   0.8375862   0.7019038   0.6368177   0.6044243   0.5879017   0.5809650   0.5804275   0.5843303   0.5912503
   7.8269849   1.3408589   0.8550323   0.6963796   0.6289269   0.5990503   0.5855416   0.5811895   0.5827398   0.5882816   0.5964367
   7.8490327   1.2612175   0.8268375   0.6780092   0.6168852   0.5921413   0.5826532   0.5813594   0.5852378   0.5925380   0.6019758
   7.8710806   0.9086006   0.7555332   0.6477373   0.6012415   0.5840519   0.5794625   0.5816223   0.5880194   0.5971646   0.6079092
   7.8931284   0.5306809   0.6556798   0.6083563   0.5829423   0.5752397   0.5762320   0.5821404   0.5911893   0.6022286   0.6142782
   7.9151763   0.3201465   0.5477742   0.5640503   0.5632522   0.5662437   0.5732519   0.5830867   0.5948559   0.6077982   0.6211235
   7.9372241   0.2701997   0.4505409   0.5196872   0.5436284   0.5576545   0.5708294   0.5846404   0.5991293   0.6139409   0.6284842
   7.9592720   0.2784211   0.3759108   0.4800218   0.5255706   0.5500809   0.5692774   0.5869816   0.6041186   0.6207221   0.6363967
   7.9813198   0.2762616   0.3284911   0.4489806   0.5104679   0.5441136   0.5689025   0.5902864   0.6099297   0.6282038   0.6448939
   8.0033677   0.2499511   0.3081608   0.4291560   0.4994682   0.5402927   0.5699929   0.5947220   0.6166618   0.6364428   0.6540045
   8.0254155   0.2206254   0.3129259   0.4215781   0.4933867   0.5390784   0.5728083   0.6004412   0.6244060   0.6454894   0.6637516
   8.0474633   0.2138407   0.3399726   0.4257651   0.4926650   0.5408302   0.5775698   0.6075788   0.6332418   0.6553859   0.6741525
   8.0695112   0.2540370   0.3848965   0.4400096   0.4973820   0.5457949   0.5844536   0.6162475   0.6432358   0.6661652   0.6852173
   8.0915590   0.3839053   0.4406886   0.4618241   0.5073097   0.5541032   0.5935856   0.6265349   0.6544391   0.6778497   0.6969487
   8.1136069   0.5936649   0.4981704   0.4884605   0.5219986   0.5657742   0.6050395   0.6385014   0.6668863   0.6904503   0.7093410
   8.1356547   0.7443405   0.5482688   0.5174124   0.5408757   0.5807271   0.6188371   0.6521790   0.6805937   0.7039654   0.7223801
   8.1577026   0.7206296   0.5849401   0.5468198   0.5633362   0.5987968   0.6349502   0.6675706   0.6955588   0.7183803   0.7360424
   8.1797504   0.6149881   0.6069792   0.5757092   0.5888142   0.6197518   0.6533056   0.6846506   0.7117594   0.7336667   0.7502955
   8.2017983   0.5830561   0.6178044   0.6040358   0.6168235   0.6433132   0.6737903   0.7033657   0.7291536   0.7497825   0.7650971
   8.2238461   0.6228455   0.6237154   0.6325292   0.6469655   0.6691718   0.6962586   0.7236361   0.7476797   0.7666715   0.7803959
   8.2458939   0.6344277   0.6318128   0.6623831   0.6789100   0.6970043   0.7205388   0.7453578   0.7672569   0.7842641   0.7961311
   8.2679418   0.5851353   0.6483607   0.6948583   0.7123591   0.7264866   0.7464405   0.7684043   0.7877856   0.8024771   0.8122334
   8.2899896   0.5469445   0.6776637   0.7308833   0.7470076   0.7573054   0.7737604   0.7926291   0.8091488   0.8212148   0.8286249
   8.3120375   0.6046150   0.7213618   0.7707318   0.7825141   0.7891680   0.8022881   0.8178674   0.8312127   0.8403698   0.8452203
   8.3340853   0.7455663   0.7783320   0.8138432   0.8184919   0.8218097   0.8318096   0.8439383   0.8538287   0.8598235   0.8619271
   8.3561332   0.8845427   0.8453259   0.8588250   0.8545276   0.8549999   0.8621100   0.8706467   0.8768342   0.8794482   0.8786469
   8.3781810   0.9649730   0.9178465   0.9036494   0.8902224   0.8885448   0.8929738   0.8977845   0.9000552   0.8991079   0.8952763
   8.4002289   0.9741266   0.9903718   0.9460226   0.9252506   0.9222874   0.9241844   0.9251324   0.9233074   0.9186598   0.9117081
   8.4222767   0.9744640   1.0557388   0.9838711   0.9594190   0.9561037   0.9555219   0.9524607   0.9463987   0.9379566   0.9278323
   8.4443246   1.1176125   1.1049405   1.0158544   0.9927140   0.9898930   0.9867594   0.9795312   0.9691310   0.9568476   0.9435377
   8.4663724   1.4060100   1.1291185   1.0417850   1.0253180   1.0235648   1.0176593   1.0060983   0.9913032   0.9751812   0.9587127
   8.4884202   1.5443987   1.1239980   1.0628380   1.0575889   1.0570196   1.0479693   1.0319103   1.0127128   0.9928064   0.9732473
   8.5104681   1.3071113   1.0943694   1.0814606   1.0899954   1.0901280   1.0774191   1.0567124   1.0331594   1.0095752   0.9870340
   8.5325159   0.8875963   1.0550495   1.1009586   1.1230176   1.1227080   1.1057180   1.0802481   1.0524468   1.0253444   0.9999691
   8.5545638   0.6526788   1.0266240   1.1248268   1.1570243   1.1545042   1.1325550   1.1022636   1.0703863   1.0399777   1.0119543
   8.5766116   0.7169191   1.0278441   1.1559686   1.1921486   1.1851721   1.1576006   1.1225104   1.0867993   1.0533476   1.0228978
   8.5986595   0.9008410   1.0687591   1.1959918   1.2281827   1.2142706   1.1805117   1.1407504   1.1015206   1.0653372   1.0327154
   8.6207073   1.0331915   1.1478531   1.2447539   1.2645120   1.2412644   1.2009393   1.1567609   1.1144006   1.0758419   1.0413314
   8.6427552   1.1639439   1.2537686   1.3002639   1.3001040   1.2655392   1.2185389   1.1703390   1.1253088   1.0847711   1.0486799
   8.6648030   1.4129267   1.3699932   1.3589458   1.3335565   1.2864282   1.2329833   1.1813082   1.1341357   1.0920493   1.0547052
   8.6868508   1.7075096   1.4801910   1.4161801   1.3632023   1.3032497   1.2439764   1.1895227   1.1407954   1.0976173   1.0593624
   8.7088987   1.8206318   1.5721752   1.4669796   1.3872587   1.3153535   1.2512689   1.1948730   1.1452274   1.1014329   1.0626183
   8.7309465   1.7062856   1.6392709   1.5066497   1.4040015   1.3221698   1.2546722   1.1972903   1.1473975   1.1034716   1.0644511
   8.7529944   1.6186140   1.6790707   1.5313193   1.4119455   1.3232589   1.2540723   1.1967495   1.1472992   1.1037267   1.0648507
   8.7750422   1.7445057   1.6910807   1.5382863   1.4100058   1.3183545   1.2494394   1.1932715   1.1449539   1.1022090   1.0638186
   8.7970901   1.9153383   1.6753004   1.5261820   1.3976248   1.3073968   1.2408354   1.1869243   1.1404099   1.0989466   1.0613678
   8.8191379   1.8783108   1.6325493   1.4949968   1.3748497   1.2905520   1.2284160   1.1778220   1.1337421   1.0939840   1.0575219
   8.8411858   1.6430028   1.5653672   1.4460190   1.3423518   1.2682141   1.2124284   1.1661223   1.1250497   1.0873810   1.0523146
   8.8632336   1.3941938   1.4777335   1.3817289   1.3013883   1.2409908   1.1932043   1.1520229   1.1144544   1.0792115   1.0457891
   8.8852814   1.2841963   1.3734522   1.3056571   1.2537082   1.2096722   1.1711478   1.1357558   1.1020969   1.0695613   1.0379971
   8.9073293   1.3352884   1.2550972   1.2221875   1.2014138   1.1751849   1.1467198   1.1175809   1.0881342   1.0585270   1.0289974
   8.9293771   1.3598240   1.1254377   1.1362690   1.1467905   1.1385381   1.1204192   1.0977783   1.0727355   1.0462134   1.0188553
   8.9514250   1.1494767   0.9908824   1.0530100   1.0921227   1.1007621   1.0927626   1.0766401   1.0560781   1.0327317   1.0076412
   8.9734728   0.7752007   0.8639364   0.9771638   1.0395141   1.0628491   1.0642638   1.0544616   1.0383439   1.0181972   0.9954290
   8.9955207   0.4529991   0.7615653   0.9125737   0.9907309   1.0256981   1.0354131   1.0315336   1.0197145   1.0027267   0.9822953
   9.0175685   0.2856148   0.6991032   0.8616896   0.9470837   0.9900697   1.0066606   1.0081338   1.0003678   0.9864371   0.9683180
   9.0396164   0.3057731   0.6828049   0.8252854   0.9093595   0.9565542   0.9784006   0.9845200   0.9804740   0.9694425   0.9535751
   9.0616642   0.5367354   0.7056447   0.8024679   0.8778081   0.9255550   0.9509613   0.9609243   0.9601924   0.9518530   0.9381437
   9.0837121   0.8844673   0.7493773   0.7909891   0.8521828   0.8972867   0.9245985   0.9375477   0.9396683   0.9337723   0.9220985
   9.1057599   1.1235508   0.7922527   0.7877746   0.8318247   0.8717879   0.8994925   0.9145574   0.9190308   0.9152969   0.9055114
   9.1278077   1.1158998   0.8184172   0.7895144   0.8157806   0.8489461   0.8757508   0.8920843   0.8983910   0.8965141   0.8884506
   9.1498556   0.9392213   0.8239887   0.7931563   0.8029361   0.8285303   0.8534124   0.8702229   0.8778407   0.8775019   0.8709795
   9.1719034   0.7337941   0.8166464   0.7961947   0.7921495   0.8102289   0.8324561   0.8490316   0.8574518   0.8583276   0.8531568
   9.1939513   0.5836003   0.8091831   0.7967524   0.7823715   0.7936865   0.8128097   0.8285347   0.8372767   0.8390481   0.8350357
   9.2159991   0.5593826   0.8107555   0.7935315   0.7727394   0.7785391   0.7943606   0.8087253   0.8173482   0.8197092   0.8166638
   9.2380470   0.7104014   0.8207481   0.7857512   0.7626383   0.7644413   0.7769661   0.7895687   0.7976815   0.8003465   0.7980832
   9.2600948   0.9752175   0.8286733   0.7731553   0.7517258   0.7510865   0.7604631   0.7710064   0.7782749   0.7809855   0.7793303
   9.2821427   1.1688937   0.8201777   0.7560924   0.7399205   0.7382166   0.7446766   0.7529604   0.7591120   0.7616424   0.7604364
   9.3041905   1.1295253   0.7857813   0.7355947   0.7273588   0.7256242   0.7294267   0.7353379   0.7401641   0.7423254   0.7414276
   9.3262383   0.8698922   0.7273804   0.7133433   0.7143266   0.7131467   0.7145343   0.7180350   0.7213923   0.7230351   0.7223255
   9.3482862   0.5408743   0.6587706   0.6914439   0.7011763   0.7006546   0.6998245   0.7009419   0.7027500   0.7037666   0.7031481
   9.3703340   0.2951584   0.5998299   0.6720165   0.6882411   0.6880379   0.6851300   0.6839460   0.6841858   0.6845102   0.6839094
   9.3923819   0.2202287   0.5675105   0.6567038   0.6757585   0.6751916   0.6702921   0.6669363   0.6656457   0.6652529   0.6646214
   9.4144297   0.3298003   0.5683786   0.6462527   0.6638141   0.6620034   0.6551628   0.6498062   0.6470755   0.6459802   0.6452934
   9.4364776   0.5554195   0.5963329   0.6403156   0.6523124   0.6483460   0.6396054   0.6324567   0.6284233   0.6266769   0.6259340
   9.4585254   0.7766913   0.6362012   0.6375412   0.6409790   0.6340736   0.6234961   0.6147993   0.6096417   0.6073287   0.6065507
   9.4805733   0.9031576   0.6709083   0.6359195   0.6293905   0.6190246   0.6067259   0.5967578   0.5906893   0.5879233   0.5871513
   9.5026211   0.8990294   0.6884090   0.6332594   0.6170271   0.6030291   0.5892022   0.5782707   0.5715326   0.5684515   0.5677440
   9.5246689   0.7698232   0.6851918   0.6276421   0.6033364   0.5859205   0.5708517   0.5592926   0.5521471   0.5489081   0.5483384
   9.5467168   0.6079663   0.6653428   0.6177234   0.5877998   0.5675489   0.5516230   0.5397951   0.5325187   0.5292926   0.5289455
   9.5687646   0.5454552   0.6365632   0.6028286   0.5699908   0.5477961   0.5314890   0.5197684   0.5126439   0.5096097   0.5095785
   9.5908125   0.5795755   0.6057648   0.5828649   0.5496182   0.5265884   0.5104497   0.4992207   0.4925302   0.4898701   0.4902528
   9.6128603   0.5896233   0.5764078   0.5581333   0.5265522   0.5039075   0.4885335   0.4781790   0.4721965   0.4700899   0.4709863
   9.6349082   0.5481964   0.5482119   0.5291357   0.5008322   0.4797974   0.4657982   0.4566881   0.4516727   0.4502915   0.4517996
   9.6569560   0.5296344   0.5185196   0.4964463   0.4726589   0.4543667   0.4423309   0.4348099   0.4309989   0.4305027   0.4327157
   9.6790039   0.5371917   0.4841727   0.4606726   0.4423742   0.4277860   0.4182461   0.4126218   0.4102248   0.4107569   0.4137604
   9.7010517   0.5094357   0.4430991   0.4224836   0.4104329   0.4002822   0.3936834   0.3902150   0.3894085   0.3910921   0.3949616
   9.7230996   0.4375476   0.3952580   0.3826576   0.3773698   0.3721273   0.3688036   0.3676923   0.3686154   0.3715508   0.3763494
   9.7451474   0.3515460   0.3428089   0.3421044   0.3437645   0.3436265   0.3437837   0.3451655   0.3479166   0.3521788   0.3579556
   9.7671952   0.2622306   0.2894890   0.3018327   0.3102070   0.3151029   0.3188117   0.3227526   0.3273876   0.3330249   0.3398134
   9.7892431   0.1799599   0.2394135   0.2628653   0.2772644   0.2868834   0.2940801   0.3005748   0.3071061   0.3141393   0.3219568
   9.8112909   0.1318452   0.1957815   0.2261255   0.2454532   0.2592843   0.2697804   0.2787538   0.2871510   0.2955735   0.3044204
   9.8333388   0.1228078   0.1600470   0.1923313   0.2152163   0.2325983   0.2460968   0.2574084   0.2676003   0.2773788   0.2872388
   9.8553866   0.1216702   0.1318560   0.1619281   0.1869069   0.2070848   0.2232010   0.2366521   0.2485297   0.2596055   0.2704461
   9.8774345   0.1055667   0.1096386   0.1350767   0.1607810   0.1829617   0.2012472   0.2165903   0.2300112   0.2423022   0.2540752
   9.8994823   0.0842546   0.0914476   0.1116934   0.1369970   0.1604006   0.1803689   0.1973183   0.2121114   0.2255149   0.2381577
   9.9215302   0.0725670   0.0756393   0.0915259   0.1156223   0.1395249   0.1606755   0.1789192   0.1948906   0.2092860   0.2227233
   9.9435780   0.0651362   0.0612101   0.0742390   0.0966457   0.1204103   0.1422513   0.1614626   0.1784017   0.1936541   0.2077991
   9.9656258   0.0493565   0.0478228   0.0594884   0.0799922   0.1030874   0.1251545   0.1450039   0.1626896   0.1786530   0.1934098
   9.9876737   0.0274287   0.0356407   0.0469678   0.0655392   0.0875462   0.1094175   0.1295834   0.1477905   0.1643115   0.1795769
  10.0097215   0.0105977   0.0250709   0.0364270   0.0531317   0.0737415   0.0950487   0.1152264   0.1337315   0.1506529   0.1663187
  10.0317694   0.0027982   0.0164971   0.0276653   0.0425956   0.0615992   0.0820340   0.1019439   0.1205308   0.1376952   0.1536499
  10.0538172   0.0005022   0.0100797   0.0205122   0.0337479   0.0510227   0.0703395   0.0897328   0.1081974   0.1254505   0.1415818
  10.0758651   0.0000612   0.0056850   0.0148060   0.0264043   0.0418990   0.0599144   0.0785776   0.0967317   0.1139251   0.1301218
  10.0979129   0.0000051   0.0029463   0.0103784   0.0203844   0.0341046   0.0506943   0.0684511   0.0861261   0.1031199   0.1192739
  10.1199608   0.0000003   0.0013983   0.0070494   0.0155148   0.0275106   0.0426039   0.0593164   0.0763653   0.0930304   0.1090381
  10.1420086   0.0000000   0.0006062   0.0046314   0.0116320   0.0219868   0.0355604   0.0511282   0.0674272   0.0836473   0.0994112
  10.1640564   0.0000000   0.0002396   0.0029385   0.0085832   0.0174056   0.0294766   0.0438346   0.0592836   0.0749562   0.0903863
  10.1861043   0.0000000   0.0000862   0.0017983   0.0062286   0.0136448   0.0242628   0.0373787   0.0519013   0.0669389   0.0819536
  10.2081521   0.0000000   0.0000282   0.0010602   0.0044416   0.0105894   0.0198298   0.0317002   0.0452431   0.0595733   0.0741003
  10.2302000   0.0000000   0.0000084   0.0006017   0.0031103   0.0081335   0.0160904   0.0267368   0.0392682   0.0528340   0.0668107
  10.2522478   0.0000000   0.0000023   0.0003285   0.0021373   0.0061811   0.0129612   0.0224258   0.0339336   0.0466932   0.0600671
  10.2742957   0.0000000   0.0000006   0.0001723   0.0014405   0.0046462   0.0103634   0.0187049   0.0291948   0.0411205   0.0538494
  10.2963435   0.0000000   0.0000001   0.0000869   0.0009517   0.0034535   0.0082242   0.0155136   0.0250067   0.0360843   0.0481358
  10.3183914   0.0000000   0.0000000   0.0000421   0.0006161   0.0025376   0.0064770   0.0127938   0.0213239   0.0315517   0.0429033
  10.3404392   0.0000000   0.0000000   0.0000195   0.0003906   0.0018427   0.0050616   0.0104904   0.0181020   0.0274891   0.0381276
  10.3624870   0.0000000   0.0000000   0.0000087   0.0002424   0.0013221   0.0039245   0.0085521   0.0152976   0.0238629   0.0337835
  10.3845349   0.0000000   0.0000000   0.0000037   0.0001473   0.0009370   0.0030187   0.0069314   0.0128689   0.0206396   0.0298455
  10.4065827   0.0000000   0.0000000   0.0000015   0.0000875   0.0006558   0.0023032   0.0055848   0.0107764   0.0177864   0.0262878
  10.4286306   0.0000000   0.0000000   0.0000006   0.0000509   0.0004531   0.0017429   0.0044731   0.0089826   0.0152711   0.0230846
  10.4506784   0.0000000   0.0000000   0.0000002   0.0000289   0.0003091   0.0013080   0.0035613   0.0074529   0.0130630   0.0202105
  10.4727263   0.0000000   0.0000000   0.0000001   0.0000161   0.0002081   0.0009733   0.0028183   0.0061548   0.0111325   0.0176406
  10.4947741   0.0000000   0.0000000   0.0000000   0.0000087   0.0001382   0.0007181   0.0022167   0.0050591   0.0094519   0.0153505
  10.5168220   0.0000000   0.0000000   0.0000000   0.0000046   0.0000906   0.0005253   0.0017329   0.0041389   0.0079949   0.0133167
  10.5388698   0.0000000   0.0000000   0.0000000   0.0000024   0.0000585   0.0003808   0.0013462   0.0033701   0.0067369   0.0115168
  10.5609177   0.0000000   0.0000000   0.0000000   0.0000012   0.0000373   0.0002737   0.0010393   0.0027310   0.0056554   0.0099294
  10.5829655   0.0000000   0.0000000   0.0000000   0.0000006   0.0000235   0.0001949   0.0007973   0.0022025   0.0047294   0.0085341
  10.6050133   0.0000000   0.0000000   0.0000000   0.0000003   0.0000145   0.0001375   0.0006078   0.0017677   0.0039399   0.0073121
  10.6270612   0.0000000   0.0000000   0.0000000   0.0000001   0.0000089   0.0000962   0.0004604   0.0014119   0.0032695   0.0062454
  10.6491090   0.0000000   0.0000000   0.0000000   0.0000001   0.0000054   0.0000666   0.0003464   0.0011222   0.0027028   0.0053176
  10.6711569   0.0000000   0.0000000   0.0000000   0.0000000   0.0000032   0.0000457   0.0002590   0.0008876   0.0022256   0.0045133
  10.6932047   0.0000000   0.0000000   0.0000000   0.0000000   0.0000019   0.0000311   0.0001924   0.0006986   0.0018256   0.0038185
  10.7152526   0.0000000   0.0000000   0.0000000   0.0000000   0.0000011   0.0000209   0.0001419   0.0005471   0.0014916   0.0032205
  10.7373004   0.0000000   0.0000000   0.0000000   0.0000000   0.0000006   0.0000140   0.0001040   0.0004263   0.0012139   0.0027074
  10.7593483   0.0000000   0.0000000   0.0000000   0.0000000   0.0000003   0.0000092   0.0000757   0.0003305   0.0009841   0.0022688
  10.7813961   0.0000000   0.0000000   0.0000000   0.0000000   0.0000002   0.0000060   0.0000547   0.0002550   0.0007946   0.0018951
  10.8034439   0.0000000   0.0000000   0.0000000   0.0000000   0.0000001   0.0000039   0.0000393   0.0001957   0.0006390   0.0015779
  10.8254918   0.0000000   0.0000000   0.0000000   0.0000000   0.0000001   0.0000025   0.0000280   0.0001495   0.0005119   0.0013095
  10.8475396   0.0000000   0.0000000   0.0000000   0.0000000   0.0000000   0.0000016   0.0000199   0.0001135   0.0004084   0.0010833
  10.8695875   0.0000000   0.0000000   0.0000000   0.0000000   0.0000000   0.0000010   0.0000140   0.0000858   0.0003245   0.0008932
  10.8916353   0.0000000   0.0000000   0.0000000   0.0000000   0.0000000   0.0000006   0.0000098   0.0000645   0.0002568   0.0007341
  10.9136832   0.0000000   0.0000000   0.0000000   0.0000000   0.0000000   0.0000004   0.0000068   0.0000483   0.0002024   0.0006014
  10.9357310   0.0000000   0.0000000   0.0000000   0.0000000   0.0000000   0.0000002   0.0000047   0.0000359   0.0001589   0.0004910
  10.9577789   0.0000000   0.0000000   0.0000000   0.0000000   0.0000000   0.0000001   0.0000032   0.0000266   0.0001242   0.0003996
  10.9798267   0.0000000   0.0000000   0.0000000   0.0000000   0.0000000   0.0000001   0.0000022   0.0000196   0.0000967   0.0003241
  11.0018745   0.0000000   0.0000000   0.0000000   0.0000000   0.0000000   0.0000001   0.0000015   0.0000143   0.0000750   0.0002620
  11.0239224   0.0000000   0.0000000   0.0000000   0.0000000   0.0000000   0.0000000   0.0000010   0.0000104   0.0000579   0.0002111
 Integrated el-ph coupling
  #            1.5650321   1.5652286   1.5655564   1.5660164   1.5666094   1.5673366   1.5681997   1.5692003   1.5703404   1.5716210
 Phonon smearing (meV)
  #            0.0500000   0.1000000   0.1500000   0.2000000   0.2500000   0.3000000   0.3500000   0.4000000   0.4500000   0.5000000
 Electron smearing (eV)   0.0500000
 Fermi window (eV)   6.0000000
 Summed el-ph coupling    1.6192134
