   0.0220478   0.0000000   0.0000000   0.0000000   0.0000000   0.0000000   0.0000000   0.0000000   0.0000000   0.0000000   0.0000000
   0.0440957   0.0000000   0.0000000   0.0000000   0.0000000   0.0000000   0.0000000   0.0000000   0.0000000   0.0000000   0.0000000
   0.0661435   0.0000000   0.0000000   0.0000000   0.0000000   0.0000000   0.0000000   0.0000000   0.0000000   0.0000000   0.0000000
   0.0881914   0.0000000   0.0000000   0.0000000   0.0000000   0.0000000   0.0000000   0.0000000   0.0000000   0.0000000   0.0000000
   0.1102392   0.0000000   0.0000000   0.0000000   0.0000000   0.0000000   0.0000000   0.0000000   0.0000000   0.0000000   0.0000000
   0.1322871   0.0000000   0.0000000   0.0000000   0.0000000   0.0000000   0.0000000   0.0000000   0.0000000   0.0000000   0.0000000
   0.1543349   0.0000000   0.0000000   0.0000000   0.0000000   0.0000000   0.0000000   0.0000000   0.0000000   0.0000000   0.0000000
   0.1763828   0.0000000   0.0000000   0.0000000   0.0000000   0.0000000   0.0000000   0.0000000   0.0000000   0.0000000   0.0000000
   0.1984306   0.0000000   0.0000000   0.0000000   0.0000000   0.0000000   0.0000000   0.0000000   0.0000000   0.0000000   0.0000000
   0.2204784   0.0000000   0.0000000   0.0000000   0.0000000   0.0000000   0.0000000   0.0000000   0.0000000   0.0000000   0.0000000
   0.2425263   0.0000000   0.0000000   0.0000000   0.0000000   0.0000000   0.0000000   0.0000000   0.0000000   0.0000000   0.0000000
   0.2645741   0.0000000   0.0000000   0.0000000   0.0000000   0.0000000   0.0000000   0.0000000   0.0000000   0.0000000   0.0000000
   0.2866220   0.0000000   0.0000000   0.0000000   0.0000000   0.0000000   0.0000000   0.0000000   0.0000000   0.0000000   0.0000000
   0.3086698   0.0000000   0.0000000   0.0000000   0.0000000   0.0000000   0.0000000   0.0000000   0.0000000   0.0000000   0.0000000
   0.3307177   0.0000000   0.0000000   0.0000000   0.0000000   0.0000000   0.0000000   0.0000000   0.0000000   0.0000000   0.0000000
   0.3527655   0.0000000   0.0000000   0.0000000   0.0000000   0.0000000   0.0000000   0.0000000   0.0000000   0.0000000   0.0000000
   0.3748134   0.0000000   0.0000000   0.0000000   0.0000000   0.0000000   0.0000000   0.0000000   0.0000000   0.0000000   0.0000000
   0.3968612   0.0000000   0.0000000   0.0000000   0.0000000   0.0000000   0.0000000   0.0000000   0.0000000   0.0000000   0.0000001
   0.4189091   0.0000000   0.0000000   0.0000000   0.0000000   0.0000000   0.0000000   0.0000000   0.0000000   0.0000000   0.0000001
   0.4409569   0.0000000   0.0000000   0.0000000   0.0000000   0.0000000   0.0000000   0.0000000   0.0000000   0.0000000   0.0000001
   0.4630047   0.0000000   0.0000000   0.0000000   0.0000000   0.0000000   0.0000000   0.0000000   0.0000000   0.0000000   0.0000001
   0.4850526   0.0000000   0.0000000   0.0000000   0.0000000   0.0000000   0.0000000   0.0000000   0.0000000   0.0000000   0.0000001
   0.5071004   0.0000000   0.0000000   0.0000000   0.0000000   0.0000000   0.0000000   0.0000000   0.0000000   0.0000000   0.0000002
   0.5291483   0.0000000   0.0000000   0.0000000   0.0000000   0.0000000   0.0000000   0.0000000   0.0000000   0.0000001   0.0000002
   0.5511961   0.0000000   0.0000000   0.0000000   0.0000000   0.0000000   0.0000000   0.0000000   0.0000000   0.0000001   0.0000002
   0.5732440   0.0000000   0.0000000   0.0000000   0.0000000   0.0000000   0.0000000   0.0000000   0.0000000   0.0000001   0.0000003
   0.5952918   0.0000000   0.0000000   0.0000000   0.0000000   0.0000000   0.0000000   0.0000000   0.0000000   0.0000001   0.0000004
   0.6173397   0.0000000   0.0000000   0.0000000   0.0000000   0.0000000   0.0000000   0.0000000   0.0000000   0.0000002   0.0000004
   0.6393875   0.0000000   0.0000000   0.0000000   0.0000000   0.0000000   0.0000000   0.0000000   0.0000000   0.0000002   0.0000005
   0.6614353   0.0000000   0.0000000   0.0000000   0.0000000   0.0000000   0.0000000   0.0000000   0.0000001   0.0000002   0.0000007
   0.6834832   0.0000000   0.0000000   0.0000000   0.0000000   0.0000000   0.0000000   0.0000000   0.0000001   0.0000003   0.0000008
   0.7055310   0.0000000   0.0000000   0.0000000   0.0000000   0.0000000   0.0000000   0.0000000   0.0000001   0.0000004   0.0000010
   0.7275789   0.0000000   0.0000000   0.0000000   0.0000000   0.0000000   0.0000000   0.0000000   0.0000001   0.0000005   0.0000012
   0.7496267   0.0000000   0.0000000   0.0000000   0.0000000   0.0000000   0.0000000   0.0000000   0.0000002   0.0000006   0.0000014
   0.7716746   0.0000000   0.0000000   0.0000000   0.0000000   0.0000000   0.0000000   0.0000001   0.0000002   0.0000007   0.0000017
   0.7937224   0.0000000   0.0000000   0.0000000   0.0000000   0.0000000   0.0000000   0.0000001   0.0000003   0.0000009   0.0000020
   0.8157703   0.0000000   0.0000000   0.0000000   0.0000000   0.0000000   0.0000000   0.0000001   0.0000004   0.0000011   0.0000024
   0.8378181   0.0000000   0.0000000   0.0000000   0.0000000   0.0000000   0.0000000   0.0000001   0.0000005   0.0000014   0.0000029
   0.8598659   0.0000000   0.0000000   0.0000000   0.0000000   0.0000000   0.0000000   0.0000002   0.0000007   0.0000017   0.0000034
   0.8819138   0.0000000   0.0000000   0.0000000   0.0000000   0.0000000   0.0000000   0.0000003   0.0000009   0.0000020   0.0000041
   0.9039616   0.0000000   0.0000000   0.0000000   0.0000000   0.0000000   0.0000001   0.0000003   0.0000011   0.0000024   0.0000048
   0.9260095   0.0000000   0.0000000   0.0000000   0.0000000   0.0000000   0.0000001   0.0000005   0.0000013   0.0000029   0.0000057
   0.9480573   0.0000000   0.0000000   0.0000000   0.0000000   0.0000000   0.0000001   0.0000006   0.0000017   0.0000035   0.0000067
   0.9701052   0.0000000   0.0000000   0.0000000   0.0000000   0.0000000   0.0000002   0.0000008   0.0000021   0.0000042   0.0000078
   0.9921530   0.0000000   0.0000000   0.0000000   0.0000000   0.0000000   0.0000003   0.0000010   0.0000025   0.0000050   0.0000092
   1.0142009   0.0000000   0.0000000   0.0000000   0.0000000   0.0000000   0.0000004   0.0000013   0.0000031   0.0000059   0.0000107
   1.0362487   0.0000000   0.0000000   0.0000000   0.0000000   0.0000001   0.0000005   0.0000017   0.0000038   0.0000070   0.0000125
   1.0582965   0.0000000   0.0000000   0.0000000   0.0000000   0.0000001   0.0000007   0.0000022   0.0000046   0.0000083   0.0000146
   1.0803444   0.0000000   0.0000000   0.0000000   0.0000000   0.0000002   0.0000010   0.0000028   0.0000055   0.0000098   0.0000171
   1.1023922   0.0000000   0.0000000   0.0000000   0.0000000   0.0000002   0.0000013   0.0000035   0.0000066   0.0000115   0.0000199
   1.1244401   0.0000000   0.0000000   0.0000000   0.0000000   0.0000004   0.0000018   0.0000043   0.0000079   0.0000134   0.0000231
   1.1464879   0.0000000   0.0000000   0.0000000   0.0000000   0.0000006   0.0000024   0.0000054   0.0000094   0.0000157   0.0000268
   1.1685358   0.0000000   0.0000000   0.0000000   0.0000001   0.0000009   0.0000031   0.0000066   0.0000111   0.0000184   0.0000310
   1.1905836   0.0000000   0.0000000   0.0000000   0.0000001   0.0000012   0.0000040   0.0000080   0.0000131   0.0000214   0.0000360
   1.2126315   0.0000000   0.0000000   0.0000000   0.0000002   0.0000018   0.0000052   0.0000097   0.0000154   0.0000249   0.0000416
   1.2346793   0.0000000   0.0000000   0.0000000   0.0000004   0.0000025   0.0000066   0.0000116   0.0000181   0.0000290   0.0000480
   1.2567272   0.0000000   0.0000000   0.0000000   0.0000007   0.0000035   0.0000084   0.0000139   0.0000211   0.0000337   0.0000554
   1.2787750   0.0000000   0.0000000   0.0000000   0.0000011   0.0000049   0.0000104   0.0000165   0.0000246   0.0000391   0.0000639
   1.3008228   0.0000000   0.0000000   0.0000001   0.0000017   0.0000066   0.0000129   0.0000194   0.0000286   0.0000453   0.0000735
   1.3228707   0.0000000   0.0000000   0.0000002   0.0000027   0.0000088   0.0000158   0.0000228   0.0000331   0.0000525   0.0000845
   1.3449185   0.0000000   0.0000000   0.0000004   0.0000041   0.0000115   0.0000191   0.0000265   0.0000384   0.0000608   0.0000969
   1.3669664   0.0000000   0.0000000   0.0000008   0.0000061   0.0000148   0.0000228   0.0000308   0.0000445   0.0000704   0.0001110
   1.3890142   0.0000000   0.0000000   0.0000015   0.0000089   0.0000189   0.0000271   0.0000356   0.0000514   0.0000814   0.0001270
   1.4110621   0.0000000   0.0000000   0.0000027   0.0000127   0.0000236   0.0000318   0.0000409   0.0000595   0.0000940   0.0001451
   1.4331099   0.0000000   0.0000001   0.0000049   0.0000175   0.0000291   0.0000370   0.0000470   0.0000688   0.0001085   0.0001654
   1.4551578   0.0000000   0.0000003   0.0000083   0.0000237   0.0000353   0.0000427   0.0000539   0.0000796   0.0001251   0.0001883
   1.4772056   0.0000000   0.0000008   0.0000136   0.0000313   0.0000422   0.0000489   0.0000617   0.0000921   0.0001441   0.0002138
   1.4992534   0.0000000   0.0000023   0.0000213   0.0000403   0.0000496   0.0000555   0.0000707   0.0001067   0.0001658   0.0002423
   1.5213013   0.0000000   0.0000057   0.0000319   0.0000506   0.0000576   0.0000627   0.0000810   0.0001235   0.0001904   0.0002741
   1.5433491   0.0000000   0.0000128   0.0000459   0.0000621   0.0000658   0.0000705   0.0000929   0.0001431   0.0002184   0.0003093
   1.5653970   0.0000001   0.0000262   0.0000632   0.0000743   0.0000742   0.0000790   0.0001068   0.0001658   0.0002501   0.0003483
   1.5874448   0.0000006   0.0000489   0.0000833   0.0000868   0.0000825   0.0000884   0.0001232   0.0001921   0.0002857   0.0003912
   1.6094927   0.0000050   0.0000826   0.0001052   0.0000990   0.0000906   0.0000990   0.0001424   0.0002224   0.0003258   0.0004384
   1.6315405   0.0000277   0.0001266   0.0001271   0.0001102   0.0000984   0.0001111   0.0001652   0.0002573   0.0003706   0.0004900
   1.6535884   0.0001037   0.0001761   0.0001472   0.0001198   0.0001060   0.0001253   0.0001922   0.0002974   0.0004204   0.0005462
   1.6756362   0.0002633   0.0002223   0.0001633   0.0001272   0.0001135   0.0001423   0.0002241   0.0003432   0.0004758   0.0006074
   1.6976840   0.0004530   0.0002546   0.0001734   0.0001320   0.0001213   0.0001630   0.0002618   0.0003953   0.0005368   0.0006736
   1.7197319   0.0005283   0.0002646   0.0001764   0.0001340   0.0001300   0.0001884   0.0003063   0.0004542   0.0006039   0.0007451
   1.7417797   0.0004176   0.0002495   0.0001719   0.0001335   0.0001407   0.0002197   0.0003585   0.0005205   0.0006773   0.0008220
   1.7638276   0.0002238   0.0002134   0.0001604   0.0001310   0.0001546   0.0002584   0.0004193   0.0005948   0.0007572   0.0009044
   1.7858754   0.0000813   0.0001657   0.0001434   0.0001275   0.0001735   0.0003062   0.0004899   0.0006773   0.0008437   0.0009925
   1.8079233   0.0000200   0.0001167   0.0001229   0.0001246   0.0001995   0.0003649   0.0005711   0.0007686   0.0009368   0.0010863
   1.8299711   0.0000033   0.0000746   0.0001012   0.0001244   0.0002353   0.0004362   0.0006639   0.0008687   0.0010367   0.0011859
   1.8520190   0.0000004   0.0000433   0.0000806   0.0001298   0.0002840   0.0005221   0.0007690   0.0009779   0.0011431   0.0012915
   1.8740668   0.0000000   0.0000228   0.0000631   0.0001444   0.0003488   0.0006245   0.0008869   0.0010960   0.0012561   0.0014032
   1.8961147   0.0000000   0.0000109   0.0000509   0.0001728   0.0004336   0.0007450   0.0010180   0.0012229   0.0013753   0.0015210
   1.9181625   0.0000000   0.0000047   0.0000464   0.0002205   0.0005421   0.0008850   0.0011625   0.0013583   0.0015005   0.0016451
   1.9402103   0.0000000   0.0000019   0.0000533   0.0002940   0.0006781   0.0010456   0.0013199   0.0015014   0.0016314   0.0017758
   1.9622582   0.0000000   0.0000010   0.0000770   0.0004007   0.0008449   0.0012273   0.0014897   0.0016517   0.0017678   0.0019135
   1.9843060   0.0000000   0.0000016   0.0001259   0.0005485   0.0010454   0.0014298   0.0016709   0.0018082   0.0019092   0.0020585
   2.0063539   0.0000000   0.0000049   0.0002124   0.0007455   0.0012811   0.0016524   0.0018621   0.0019698   0.0020553   0.0022115
   2.0284017   0.0000000   0.0000153   0.0003529   0.0009992   0.0015527   0.0018932   0.0020614   0.0021354   0.0022060   0.0023732
   2.0504496   0.0000000   0.0000441   0.0005677   0.0013152   0.0018589   0.0021497   0.0022665   0.0023038   0.0023611   0.0025447
   2.0724974   0.0000000   0.0001152   0.0008792   0.0016967   0.0021967   0.0024183   0.0024751   0.0024736   0.0025206   0.0027272
   2.0945453   0.0000000   0.0002734   0.0013086   0.0021429   0.0025609   0.0026946   0.0026842   0.0026436   0.0026848   0.0029222
   2.1165931   0.0000004   0.0005894   0.0018715   0.0026482   0.0029444   0.0029736   0.0028909   0.0028127   0.0028543   0.0031317
   2.1386409   0.0000062   0.0011554   0.0025726   0.0032016   0.0033379   0.0032495   0.0030921   0.0029800   0.0030299   0.0033579
   2.1606888   0.0000606   0.0020618   0.0034006   0.0037863   0.0037306   0.0035161   0.0032847   0.0031449   0.0032130   0.0036038
   2.1827366   0.0004016   0.0033547   0.0043252   0.0043804   0.0041103   0.0037670   0.0034661   0.0033071   0.0034052   0.0038725
   2.2047845   0.0018039   0.0049890   0.0052966   0.0049578   0.0044642   0.0039961   0.0036337   0.0034669   0.0036089   0.0041677
   2.2268323   0.0054927   0.0068054   0.0062493   0.0054901   0.0047795   0.0041976   0.0037857   0.0036251   0.0038271   0.0044941
   2.2488802   0.0113464   0.0085563   0.0071093   0.0059488   0.0050442   0.0043663   0.0039209   0.0037836   0.0040636   0.0048564
   2.2709280   0.0159693   0.0099783   0.0078030   0.0063079   0.0052479   0.0044983   0.0040391   0.0039447   0.0043227   0.0052605
   2.2929759   0.0156845   0.0108749   0.0082685   0.0065461   0.0053826   0.0045908   0.0041410   0.0041119   0.0046099   0.0057128
   2.3150237   0.0120945   0.0111632   0.0084636   0.0066490   0.0054428   0.0046428   0.0042288   0.0042899   0.0049313   0.0062203
   2.3370715   0.0103182   0.0108635   0.0083722   0.0066106   0.0054266   0.0046551   0.0043058   0.0044842   0.0052942   0.0067910
   2.3591194   0.0116215   0.0100564   0.0080058   0.0064338   0.0053357   0.0046303   0.0043771   0.0047021   0.0057068   0.0074336
   2.3811672   0.0121947   0.0088479   0.0074011   0.0061302   0.0051749   0.0045734   0.0044493   0.0049518   0.0061785   0.0081573
   2.4032151   0.0093527   0.0073637   0.0066146   0.0057185   0.0049529   0.0044915   0.0045310   0.0052431   0.0067195   0.0089725
   2.4252629   0.0049305   0.0057553   0.0057139   0.0052235   0.0046810   0.0043939   0.0046325   0.0055874   0.0073413   0.0098901
   2.4473108   0.0017661   0.0041913   0.0047691   0.0046728   0.0043731   0.0042924   0.0047661   0.0059973   0.0080565   0.0109217
   2.4693586   0.0004290   0.0028238   0.0038447   0.0040955   0.0040456   0.0042008   0.0049459   0.0064873   0.0088785   0.0120795
   2.4914065   0.0000706   0.0017500   0.0029927   0.0035193   0.0037162   0.0041353   0.0051883   0.0070730   0.0098219   0.0133766
   2.5134543   0.0000079   0.0009934   0.0022494   0.0029690   0.0034041   0.0041146   0.0055116   0.0077716   0.0109022   0.0148264
   2.5355022   0.0000006   0.0005152   0.0016342   0.0024660   0.0031297   0.0041592   0.0059359   0.0086018   0.0121357   0.0164429
   2.5575500   0.0000000   0.0002446   0.0011511   0.0020274   0.0029147   0.0042922   0.0064834   0.0095833   0.0135395   0.0182404
   2.5795978   0.0000000   0.0001086   0.0007926   0.0016670   0.0027822   0.0045388   0.0071780   0.0107372   0.0151312   0.0202335
   2.6016457   0.0000000   0.0000510   0.0005435   0.0013967   0.0027570   0.0049267   0.0080454   0.0120854   0.0169291   0.0224370
   2.6236935   0.0000000   0.0000373   0.0003854   0.0012282   0.0028664   0.0054857   0.0091126   0.0136506   0.0189518   0.0248657
   2.6457414   0.0000001   0.0000508   0.0003010   0.0011758   0.0031405   0.0062476   0.0104080   0.0154563   0.0212178   0.0275343
   2.6677892   0.0000014   0.0000861   0.0002770   0.0012584   0.0036128   0.0072467   0.0119609   0.0175260   0.0237458   0.0304573
   2.6898371   0.0000105   0.0001416   0.0003077   0.0015027   0.0043207   0.0085189   0.0138014   0.0198835   0.0265543   0.0336488
   2.7118849   0.0000548   0.0002138   0.0003990   0.0019450   0.0053055   0.0101018   0.0159600   0.0225524   0.0296613   0.0371223
   2.7339328   0.0001941   0.0002939   0.0005728   0.0026324   0.0066126   0.0120341   0.0184668   0.0255556   0.0330841   0.0408907
   2.7559806   0.0004660   0.0003687   0.0008738   0.0036235   0.0082909   0.0143552   0.0213517   0.0289155   0.0368393   0.0449661
   2.7780284   0.0007583   0.0004271   0.0013755   0.0049874   0.0103923   0.0171045   0.0246433   0.0326530   0.0409422   0.0493594
   2.8000763   0.0008365   0.0004737   0.0021863   0.0068014   0.0129706   0.0203207   0.0283689   0.0367877   0.0454070   0.0540805
   2.8221241   0.0006255   0.0005516   0.0034509   0.0091478   0.0160802   0.0240405   0.0325537   0.0413376   0.0502463   0.0591380
   2.8441720   0.0003170   0.0007771   0.0053442   0.0121093   0.0197744   0.0282985   0.0372202   0.0463184   0.0554711   0.0645389
   2.8662198   0.0001089   0.0013907   0.0080566   0.0157648   0.0241043   0.0331252   0.0423882   0.0517436   0.0610905   0.0702888
   2.8882677   0.0000260   0.0028159   0.0117672   0.0201852   0.0291159   0.0385469   0.0480738   0.0576242   0.0671113   0.0763917
   2.9103155   0.0000141   0.0056896   0.0166120   0.0254308   0.0348494   0.0445840   0.0542893   0.0639683   0.0735385   0.0828495
   2.9323634   0.0001140   0.0107990   0.0226518   0.0315500   0.0413362   0.0512509   0.0610430   0.0707812   0.0803745   0.0896624
   2.9544112   0.0008883   0.0188539   0.0298541   0.0385796   0.0485977   0.0585546   0.0683389   0.0780649   0.0876193   0.0968287
   2.9764590   0.0048680   0.0300971   0.0380988   0.0465463   0.0566434   0.0664950   0.0761765   0.0858185   0.0952703   0.1043446
   2.9985069   0.0188367   0.0438996   0.0472156   0.0554679   0.0654691   0.0750644   0.0845511   0.0940376   0.1033225   0.1122042
   3.0205547   0.0517250   0.0586202   0.0570488   0.0653528   0.0750560   0.0842476   0.0934536   0.1027146   0.1117680   0.1203995
   3.0426026   0.1009336   0.0719915   0.0675330   0.0761968   0.0853701   0.0940227   0.1028707   0.1118387   0.1205965   0.1289207
   3.0646504   0.1396712   0.0820459   0.0787526   0.0879769   0.0963625   0.1043618   0.1127853   0.1213959   0.1297948   0.1377557
   3.0866983   0.1369645   0.0882211   0.0909546   0.1006415   0.1079707   0.1152319   0.1231770   0.1313689   0.1393472   0.1468905
   3.1087461   0.0974864   0.0920638   0.1044940   0.1141009   0.1201211   0.1265968   0.1340219   0.1417374   0.1492356   0.1563092
   3.1307940   0.0584852   0.0970745   0.1197091   0.1282193   0.1327330   0.1384178   0.1452934   0.1524782   0.1594393   0.1659939
   3.1528418   0.0455345   0.1076441   0.1367563   0.1428136   0.1457235   0.1506560   0.1569623   0.1635653   0.1699352   0.1759252
   3.1748896   0.0571784   0.1274452   0.1554501   0.1576613   0.1590135   0.1632726   0.1689969   0.1749698   0.1806981   0.1860821
   3.1969375   0.0888116   0.1578236   0.1751722   0.1725194   0.1725338   0.1762307   0.1813637   0.1866604   0.1917009   0.1964421
   3.2189853   0.1442167   0.1967149   0.1948978   0.1871543   0.1862306   0.1894954   0.1940267   0.1986033   0.2029145   0.2069816
   3.2410332   0.2271787   0.2385240   0.2133609   0.2013779   0.2000701   0.2030339   0.2069481   0.2107628   0.2143083   0.2176758
   3.2630810   0.3383082   0.2752703   0.2293336   0.2150843   0.2140405   0.2168152   0.2200878   0.2231007   0.2258503   0.2284994
   3.2851289   0.4500962   0.2989503   0.2419538   0.2282794   0.2281512   0.2308085   0.2334037   0.2355776   0.2375076   0.2394263
   3.3071767   0.4867661   0.3044608   0.2510106   0.2410950   0.2424292   0.2449821   0.2468511   0.2481521   0.2492465   0.2504302
   3.3292246   0.4032197   0.2918844   0.2570971   0.2537823   0.2569114   0.2593015   0.2603830   0.2607820   0.2610328   0.2614847
   3.3512724   0.2615252   0.2669720   0.2615738   0.2666821   0.2716354   0.2737271   0.2739500   0.2734242   0.2728324   0.2725638
   3.3733203   0.1527834   0.2394404   0.2663370   0.2801742   0.2866273   0.2882124   0.2875002   0.2860350   0.2846115   0.2836419
   3.3953681   0.0993918   0.2198050   0.2734435   0.2946139   0.3018908   0.3027029   0.3009799   0.2985713   0.2963369   0.2946941
   3.4174159   0.0862898   0.2161467   0.2846819   0.3102635   0.3173960   0.3171347   0.3143338   0.3109900   0.3079767   0.3056970
   3.4394638   0.1197430   0.2320868   0.3011951   0.3272335   0.3330729   0.3314348   0.3275056   0.3232498   0.3195006   0.3166281
   3.4615116   0.2062254   0.2665001   0.3232391   0.3454416   0.3488075   0.3455222   0.3404392   0.3353108   0.3308800   0.3274667
   3.4835595   0.3101389   0.3146691   0.3501241   0.3645996   0.3644444   0.3593096   0.3530797   0.3471359   0.3420889   0.3381942
   3.5056073   0.3884370   0.3701048   0.3803359   0.3842307   0.3797940   0.3727065   0.3653745   0.3586909   0.3531041   0.3487937
   3.5276552   0.4499220   0.4262495   0.4117943   0.4037154   0.3946451   0.3856228   0.3772749   0.3699456   0.3639052   0.3592510
   3.5497030   0.5202882   0.4775956   0.4421851   0.4223600   0.4087802   0.3979731   0.3887372   0.3808742   0.3744755   0.3695540
   3.5717509   0.5821894   0.5201493   0.4692975   0.4394781   0.4219945   0.4096808   0.3997247   0.3914559   0.3848020   0.3796936
   3.5937987   0.6099765   0.5514130   0.4913151   0.4544719   0.4341126   0.4206826   0.4102082   0.4016757   0.3948755   0.3896630
   3.6158465   0.6173667   0.5701198   0.5070249   0.4669042   0.4450049   0.4309317   0.4201678   0.4115243   0.4046910   0.3994585
   3.6378944   0.6212947   0.5759391   0.5159314   0.4765488   0.4545984   0.4404008   0.4295936   0.4209990   0.4142478   0.4090791
   3.6599422   0.6159081   0.5693546   0.5182749   0.4834151   0.4628833   0.4490838   0.4384862   0.4301035   0.4235492   0.4185264
   3.6819901   0.6007091   0.5518356   0.5149644   0.4877427   0.4699124   0.4569960   0.4468570   0.4388481   0.4326028   0.4278051
   3.7040379   0.5753096   0.5261919   0.5074391   0.4899680   0.4757950   0.4641735   0.4547282   0.4472495   0.4414202   0.4369220
   3.7260858   0.5198745   0.4966922   0.4974795   0.4906688   0.4806858   0.4706714   0.4621327   0.4553307   0.4500168   0.4458866
   3.7481336   0.4245422   0.4684646   0.4869933   0.4904918   0.4847693   0.4765614   0.4691129   0.4631206   0.4584115   0.4547106
   3.7701815   0.3340978   0.4461260   0.4777984   0.4900764   0.4882438   0.4819282   0.4757202   0.4706531   0.4666266   0.4634076
   3.7922293   0.3243446   0.4323178   0.4714286   0.4899805   0.4913046   0.4868662   0.4820135   0.4779671   0.4746867   0.4719929
   3.8142771   0.4108869   0.4272213   0.4689728   0.4906214   0.4941305   0.4914762   0.4880579   0.4851048   0.4826189   0.4804833
   3.8363250   0.5015846   0.4296047   0.4709592   0.4922369   0.4968739   0.4958623   0.4939234   0.4921116   0.4904520   0.4888966
   3.8583728   0.4906082   0.4387189   0.4772868   0.4948729   0.4996563   0.5001291   0.4996830   0.4990348   0.4982158   0.4972513
   3.8804207   0.4010735   0.4554289   0.4872173   0.4983993   0.5025688   0.5043802   0.5054109   0.5059223   0.5059407   0.5055664
   3.9024685   0.3477215   0.4813110   0.4994419   0.5025508   0.5056781   0.5087163   0.5111815   0.5128221   0.5136569   0.5138608
   3.9245164   0.3855642   0.5160100   0.5122425   0.5069883   0.5090348   0.5132343   0.5170669   0.5197807   0.5213941   0.5221530
   3.9465642   0.5028961   0.5547612   0.5237512   0.5113711   0.5126851   0.5180269   0.5231359   0.5268425   0.5291806   0.5304609
   3.9686121   0.6802021   0.5882956   0.5322845   0.5154289   0.5166818   0.5231815   0.5294521   0.5340486   0.5370430   0.5388015
   3.9906599   0.8445874   0.6059649   0.5366906   0.5190228   0.5210925   0.5287797   0.5360725   0.5414358   0.5450053   0.5471901
   4.0127078   0.8692014   0.6007278   0.5366255   0.5221847   0.5260057   0.5348957   0.5430464   0.5490361   0.5530891   0.5556407
   4.0347556   0.7124523   0.5731512   0.5326745   0.5251302   0.5315312   0.5415951   0.5504139   0.5568762   0.5613127   0.5641652
   4.0568034   0.4801696   0.5319132   0.5262737   0.5282404   0.5377948   0.5489323   0.5582047   0.5649764   0.5696911   0.5727734
   4.0788513   0.3087050   0.4903109   0.5194420   0.5320172   0.5449299   0.5569483   0.5664380   0.5733509   0.5782353   0.5814728
   4.1008991   0.2561909   0.4606642   0.5143958   0.5370181   0.5530638   0.5656678   0.5751214   0.5820074   0.5869529   0.5902685
   4.1229470   0.3133032   0.4496690   0.5131493   0.5437810   0.5623022   0.5750967   0.5842508   0.5909471   0.5958475   0.5991629
   4.1449948   0.4327127   0.4569910   0.5171989   0.5527503   0.5727144   0.5852197   0.5938109   0.6001650   0.6049188   0.6081557
   4.1670427   0.5335106   0.4773496   0.5273501   0.5642141   0.5843190   0.5959992   0.6037754   0.6096504   0.6141627   0.6172441
   4.1890905   0.5619034   0.5044384   0.5436913   0.5782624   0.5970738   0.6073748   0.6141083   0.6193871   0.6235716   0.6264222
   4.2111384   0.5487378   0.5343526   0.5656741   0.5947688   0.6108709   0.6192644   0.6247655   0.6293546   0.6331343   0.6356817
   4.2331862   0.5462285   0.5668610   0.5922477   0.6133987   0.6255371   0.6315663   0.6356958   0.6395282   0.6428364   0.6450116
   4.2552340   0.5545704   0.6041887   0.6220053   0.6336392   0.6408406   0.6441640   0.6468440   0.6498803   0.6526606   0.6543981
   4.2772819   0.5557162   0.6482049   0.6533287   0.6548468   0.6565033   0.6569310   0.6581525   0.6603809   0.6625867   0.6638250
   4.2993297   0.5898982   0.6976449   0.6845390   0.6763040   0.6722177   0.6697373   0.6695641   0.6709987   0.6725921   0.6732738
   4.3213776   0.7362047   0.7470609   0.7140619   0.6972786   0.6876670   0.6824571   0.6810239   0.6817012   0.6826517   0.6827237
   4.3434254   0.9557299   0.7884403   0.7405953   0.7170785   0.7025471   0.6949756   0.6924820   0.6924560   0.6927387   0.6921516
   4.3654733   1.0612043   0.8149268   0.7632467   0.7350977   0.7165889   0.7071968   0.7038948   0.7032307   0.7028241   0.7015326
   4.3875211   0.9640493   0.8245759   0.7815922   0.7508505   0.7295782   0.7190490   0.7152264   0.7139931   0.7128772   0.7108401
   4.4095690   0.7939885   0.8217349   0.7956258   0.7639958   0.7413736   0.7304901   0.7264494   0.7247117   0.7228659   0.7200456
   4.4316168   0.6892972   0.8149742   0.8056060   0.7743512   0.7519189   0.7415099   0.7375444   0.7353549   0.7327562   0.7291195
   4.4536646   0.6690124   0.8126931   0.8118497   0.7819027   0.7612509   0.7521307   0.7484997   0.7458913   0.7425130   0.7380309
   4.4757125   0.7245615   0.8189560   0.8145579   0.7868100   0.7695006   0.7624051   0.7593091   0.7562885   0.7520996   0.7467479
   4.4977603   0.8417416   0.8317882   0.8137519   0.7894098   0.7768874   0.7724111   0.7699700   0.7665132   0.7614780   0.7552379
   4.5198082   0.9445131   0.8444806   0.8093626   0.7902149   0.7837068   0.7822451   0.7804805   0.7765298   0.7706092   0.7634681
   4.5418560   0.9637974   0.8487719   0.8014581   0.7899061   0.7903112   0.7920120   0.7908359   0.7863006   0.7794529   0.7714053
   4.5639039   0.9263565   0.8381787   0.7905324   0.7893106   0.7970845   0.8018151   0.8010256   0.7957841   0.7879681   0.7790167
   4.5859517   0.8867895   0.8103138   0.7777476   0.7893633   0.8044123   0.8117435   0.8110296   0.8049354   0.7961132   0.7862699
   4.6079996   0.8466302   0.7679341   0.7650249   0.7910464   0.8126489   0.8218611   0.8208154   0.8137059   0.8038463   0.7931336
   4.6300474   0.7689340   0.7188448   0.7549216   0.7953104   0.8220831   0.8321952   0.8303361   0.8220428   0.8111259   0.7995778
   4.6520952   0.6238439   0.6745750   0.7502956   0.8029801   0.8329065   0.8427275   0.8395285   0.8298899   0.8179111   0.8055740
   4.6741431   0.4493050   0.6476433   0.7538264   0.8146552   0.8451857   0.8533878   0.8483130   0.8371884   0.8241625   0.8110961
   4.6961909   0.3615678   0.6478593   0.7675032   0.8306203   0.8588420   0.8640508   0.8565941   0.8438774   0.8298426   0.8161202
   4.7182388   0.4574864   0.6791125   0.7922041   0.8507757   0.8736409   0.8745369   0.8642628   0.8498960   0.8349170   0.8206257
   4.7402866   0.6963930   0.7383609   0.8274624   0.8746010   0.8891931   0.8846168   0.8711998   0.8551848   0.8393548   0.8245949
   4.7623345   0.9060766   0.8173942   0.8714657   0.9011610   0.9049677   0.8940209   0.8772803   0.8596876   0.8431297   0.8280141
   4.7843823   0.9674307   0.9061522   0.9212724   0.9291536   0.9203173   0.9024518   0.8823791   0.8633540   0.8462204   0.8308734
   4.8064302   0.9650594   0.9955051   0.9731875   0.9569976   0.9345150   0.9096002   0.8863771   0.8661411   0.8486120   0.8331672
   4.8284780   1.0556934   1.0782507   1.0232085   0.9829510   0.9467992   0.9151627   0.8891679   0.8680164   0.8502961   0.8348944
   4.8505259   1.2358452   1.1487487   1.0674612   1.0052467   0.9564246   0.9188616   0.8906640   0.8689590   0.8512714   0.8360582
   4.8725737   1.3602657   1.2024741   1.1025592   1.0222330   0.9627149   0.9204634   0.8908032   0.8689616   0.8515446   0.8366668
   4.8946215   1.3597244   1.2362162   1.1258537   1.0325041   0.9651136   0.9197968   0.8895540   0.8680321   0.8511298   0.8367328
   4.9166694   1.3101057   1.2485753   1.1355683   1.0350100   0.9632286   0.9167671   0.8869191   0.8661939   0.8500494   0.8362735
   4.9387172   1.2886002   1.2400337   1.1308340   1.0291377   0.9568678   0.9113676   0.8829384   0.8634864   0.8483331   0.8353104
   4.9607651   1.2807204   1.2123767   1.1116534   1.0147606   0.9460616   0.9036855   0.8776893   0.8599646   0.8460180   0.8338691
   4.9828129   1.2383338   1.1678693   1.0788231   0.9922523   0.9310720   0.8939023   0.8712858   0.8556980   0.8431479   0.8319789
   5.0048608   1.1552585   1.1086844   1.0338418   0.9624691   0.9123863   0.8822896   0.8638754   0.8507688   0.8397722   0.8296726
   5.0269086   1.0653640   1.0367755   0.9788178   0.9267020   0.8906958   0.8691977   0.8556340   0.8452702   0.8359455   0.8269855
   5.0489565   0.9867401   0.9541294   0.9163775   0.8866042   0.8668603   0.8550404   0.8467593   0.8393031   0.8317256   0.8239556
   5.0710043   0.9043165   0.8632879   0.8495664   0.8440966   0.8418616   0.8402748   0.8374631   0.8329735   0.8271733   0.8206223
   5.0930521   0.8019144   0.7679667   0.7817294   0.8012588   0.8167477   0.8253784   0.8279627   0.8263893   0.8223500   0.8170265
   5.1151000   0.6700691   0.6734209   0.7163598   0.7602081   0.7925714   0.8108243   0.8184714   0.8196567   0.8173177   0.8132096
   5.1371478   0.5166703   0.5861167   0.6569174   0.7229744   0.7703283   0.7970566   0.8091901   0.8128770   0.8121365   0.8092131
   5.1591957   0.3840963   0.5125666   0.6066251   0.6913768   0.7508967   0.7844665   0.8002982   0.8061440   0.8068643   0.8050782
   5.1812435   0.3165665   0.4577890   0.5682622   0.6669076   0.7349840   0.7733723   0.7919473   0.7995411   0.8015557   0.8008451
   5.2032914   0.3201412   0.4243022   0.5439713   0.6506328   0.7230839   0.7640028   0.7842547   0.7931392   0.7962607   0.7965528
   5.2253392   0.3650618   0.4123695   0.5350919   0.6431152   0.7154462   0.7564868   0.7773000   0.7869956   0.7910246   0.7922386
   5.2473871   0.4053986   0.4213629   0.5420284   0.6443670   0.7120625   0.7508481   0.7711231   0.7811529   0.7858873   0.7879379
   5.2694349   0.4057241   0.4511886   0.5641587   0.6538387   0.7126687   0.7470075   0.7657249   0.7756392   0.7808834   0.7836840
   5.2914827   0.3803813   0.5024979   0.5997957   0.6704455   0.7167641   0.7447901   0.7610697   0.7704685   0.7760417   0.7795081
   5.3135306   0.3997140   0.5752026   0.6462241   0.6926342   0.7236466   0.7439400   0.7570896   0.7656424   0.7713863   0.7754391
   5.3355784   0.5289779   0.6661396   0.6998340   0.7184862   0.7324619   0.7441381   0.7536910   0.7611514   0.7669364   0.7715034
   5.3576263   0.7535312   0.7675853   0.7563660   0.7458514   0.7422621   0.7450247   0.7507616   0.7569777   0.7627071   0.7677258
   5.3796741   0.9809374   0.8679851   0.8112578   0.7725031   0.7520717   0.7462239   0.7481789   0.7530976   0.7587103   0.7641286
   5.4017220   1.1365944   0.9548998   0.8600545   0.7963019   0.7609543   0.7473681   0.7458187   0.7494842   0.7549555   0.7607325
   5.4237698   1.2149752   1.0187065   0.8988228   0.8153555   0.7680765   0.7481216   0.7435634   0.7461106   0.7514506   0.7575564
   5.4458177   1.2143707   1.0550252   0.9245067   0.8281597   0.7727634   0.7482015   0.7413094   0.7429521   0.7482025   0.7546178
   5.4678655   1.1257274   1.0645783   0.9351759   0.8337099   0.7745420   0.7473947   0.7389737   0.7399889   0.7452185   0.7519329
   5.4899134   1.0183534   1.0507875   0.9301478   0.8315723   0.7731693   0.7455689   0.7364992   0.7372079   0.7425064   0.7495166
   5.5119612   1.0087993   1.0168663   0.9099898   0.8219086   0.7686431   0.7426790   0.7338573   0.7346043   0.7400753   0.7473830
   5.5340090   1.0834284   0.9644555   0.8764260   0.8054535   0.7611940   0.7387670   0.7310499   0.7321826   0.7379359   0.7455450
   5.5560569   1.0844342   0.8946433   0.8321714   0.7834452   0.7512618   0.7339559   0.7281086   0.7299570   0.7361006   0.7440146
   5.5781047   0.9272945   0.8103396   0.7807092   0.7575170   0.7394551   0.7284392   0.7250928   0.7279507   0.7345839   0.7428029
   5.6001526   0.6918660   0.7179061   0.7260206   0.7295578   0.7265013   0.7224658   0.7220860   0.7261957   0.7334016   0.7419199
   5.6222004   0.4989245   0.6265636   0.6722733   0.7015539   0.7131888   0.7163224   0.7191907   0.7247313   0.7325708   0.7413741
   5.6442483   0.4004252   0.5458770   0.6234884   0.6754258   0.7003069   0.7103146   0.7165230   0.7236022   0.7321093   0.7411731
   5.6662961   0.3723338   0.4830331   0.5832090   0.6528741   0.6885897   0.7047476   0.7142063   0.7228566   0.7320349   0.7413222
   5.6883440   0.3700149   0.4416020   0.5542043   0.6352463   0.6786669   0.6999091   0.7123649   0.7225441   0.7323645   0.7418253
   5.7103918   0.3707863   0.4222254   0.5382364   0.6234393   0.6710268   0.6960538   0.7111181   0.7227131   0.7331132   0.7426836
   5.7324396   0.3702478   0.4243046   0.5359104   0.6178442   0.6659926   0.6933922   0.7105747   0.7234087   0.7342935   0.7438960
   5.7544875   0.3719192   0.4472362   0.5466198   0.6183404   0.6637158   0.6920831   0.7108287   0.7246703   0.7359144   0.7454584
   5.7765353   0.3835967   0.4902583   0.5685939   0.6243390   0.6641834   0.6922301   0.7119552   0.7265296   0.7379805   0.7473636
   5.7985832   0.4246081   0.5510649   0.5990547   0.6348723   0.6672397   0.6938821   0.7140080   0.7290087   0.7404910   0.7496011
   5.8206310   0.5354104   0.6243079   0.6344866   0.6487202   0.6726179   0.6970373   0.7170184   0.7321191   0.7434395   0.7521565
   5.8426789   0.7330496   0.7013204   0.6710114   0.6645583   0.6799789   0.7016499   0.7209941   0.7358602   0.7468130   0.7550120
   5.8647267   0.9386553   0.7716316   0.7048445   0.6811127   0.6889520   0.7076379   0.7259202   0.7402186   0.7505915   0.7581459
   5.8867746   1.0200440   0.8255824   0.7327817   0.6973018   0.6991729   0.7148928   0.7317596   0.7451680   0.7547484   0.7615326
   5.9088224   0.9587731   0.8565832   0.7526458   0.7123469   0.7103164   0.7232874   0.7384549   0.7506689   0.7592497   0.7651431
   5.9308702   0.8910293   0.8620010   0.7636161   0.7258386   0.7221182   0.7326842   0.7459301   0.7566696   0.7640548   0.7689447
   5.9529181   0.9142623   0.8429143   0.7663673   0.7377502   0.7343880   0.7429409   0.7540931   0.7631062   0.7691167   0.7729015
   5.9749659   0.9496924   0.8037698   0.7629715   0.7483970   0.7470089   0.7539143   0.7628370   0.7699041   0.7743823   0.7769751
   5.9970138   0.8644044   0.7524704   0.7565581   0.7583492   0.7599284   0.7654627   0.7720430   0.7769792   0.7797936   0.7811244
   6.0190616   0.6589529   0.7002317   0.7507699   0.7683131   0.7731402   0.7774446   0.7815817   0.7842392   0.7852884   0.7853066
   6.0411095   0.4607850   0.6600813   0.7491030   0.7790002   0.7866611   0.7897181   0.7913155   0.7915857   0.7908012   0.7894778
   6.0631573   0.3869267   0.6437968   0.7542544   0.7910052   0.8005061   0.8021372   0.8011004   0.7989157   0.7962646   0.7935933
   6.0852052   0.4663634   0.6584672   0.7676093   0.8047122   0.8146646   0.8145490   0.8107874   0.8061238   0.8016105   0.7976087
   6.1072530   0.6210063   0.7043020   0.7889905   0.8202424   0.8290804   0.8267904   0.8202254   0.8131044   0.8067713   0.8014801
   6.1293009   0.7352842   0.7744676   0.8167360   0.8374473   0.8436377   0.8386866   0.8292625   0.8197535   0.8116812   0.8051655
   6.1513487   0.8144392   0.8566083   0.8481033   0.8559438   0.8581533   0.8500497   0.8377494   0.8259714   0.8162778   0.8086245
   6.1733965   0.9685126   0.9354009   0.8799140   0.8751782   0.8723764   0.8606804   0.8455413   0.8316647   0.8205030   0.8118201
   6.1954444   1.1960821   0.9958874   0.9092849   0.8945015   0.8859946   0.8703712   0.8525018   0.8367482   0.8243044   0.8147182
   6.2174922   1.3371685   1.0274166   0.9342592   0.9132379   0.8986449   0.8789115   0.8585058   0.8411472   0.8276362   0.8172888
   6.2395401   1.2736879   1.0272977   0.9541667   0.9307331   0.9099299   0.8860946   0.8634433   0.8447992   0.8304602   0.8195064
   6.2615879   1.0670995   1.0024846   0.9696096   0.9463736   0.9194369   0.8917271   0.8672229   0.8476557   0.8327465   0.8213500
   6.2836358   0.8629371   0.9678958   0.9820701   0.9595813   0.9267593   0.8956379   0.8697757   0.8496833   0.8344744   0.8228036
   6.3056836   0.7361558   0.9414907   0.9932467   0.9697912   0.9315207   0.8976892   0.8710578   0.8508647   0.8356318   0.8238563
   6.3277315   0.6956608   0.9379417   1.0043067   0.9764304   0.9333983   0.8977860   0.8710540   0.8511994   0.8362165   0.8245022
   6.3497793   0.7512239   0.9634715   1.0152743   0.9789138   0.9321480   0.8958851   0.8697786   0.8507035   0.8362349   0.8247404
   6.3718271   0.9032249   1.0138107   1.0247424   0.9766695   0.9276271   0.8920026   0.8672776   0.8494097   0.8357025   0.8245748
   6.3938750   1.1287919   1.0757716   1.0300074   0.9691988   0.9198154   0.8862188   0.8636274   0.8473662   0.8346424   0.8240138
   6.4159228   1.3410044   1.1314287   1.0276123   0.9561654   0.9088303   0.8786793   0.8589346   0.8446351   0.8330855   0.8230697
   6.4379707   1.4004779   1.1630499   1.0141739   0.9374983   0.8949367   0.8695946   0.8533325   0.8412909   0.8310684   0.8217585
   6.4600185   1.3248625   1.1571174   0.9872934   0.9134862   0.8785474   0.8592339   0.8469778   0.8374179   0.8286328   0.8200989
   6.4820664   1.2849661   1.1067976   0.9463234   0.8848410   0.8602132   0.8479168   0.8400453   0.8331076   0.8258241   0.8181122
   6.5041142   1.2722339   1.0131762   0.8928016   0.8527091   0.8406027   0.8360014   0.8327221   0.8284557   0.8226898   0.8158212
   6.5261621   1.0982344   0.8856248   0.8304340   0.8186205   0.8204714   0.8238692   0.8252004   0.8235588   0.8192780   0.8132499
   6.5482099   0.7405256   0.7409727   0.7646160   0.7843770   0.8006215   0.8119083   0.8176707   0.8185116   0.8156363   0.8104226
   6.5702577   0.3878413   0.6007767   0.7015859   0.7518923   0.7818562   0.8004956   0.8103138   0.8134030   0.8118099   0.8073632
   6.5923056   0.1820434   0.4866977   0.6473871   0.7230079   0.7649312   0.7899786   0.8032942   0.8083137   0.8078409   0.8040951
   6.6143534   0.1169267   0.4152811   0.6068630   0.6993125   0.7505076   0.7806583   0.7967530   0.8033133   0.8037664   0.8006402
   6.6364013   0.1399509   0.3940848   0.5828984   0.6819930   0.7391105   0.7727744   0.7908020   0.7984582   0.7996186   0.7970187
   6.6584491   0.2311594   0.4205020   0.5760676   0.6717390   0.7310972   0.7664931   0.7855196   0.7937896   0.7954231   0.7932487
   6.6804970   0.3948767   0.4833320   0.5847535   0.6687092   0.7266357   0.7618990   0.7809475   0.7893326   0.7911990   0.7893462
   6.7025448   0.6032124   0.5661215   0.6056936   0.6725618   0.7256982   0.7589909   0.7770892   0.7850956   0.7869587   0.7853247
   6.7245927   0.7708319   0.6510301   0.6348081   0.6825328   0.7280659   0.7576825   0.7739100   0.7810708   0.7827080   0.7811953
   6.7466405   0.8520874   0.7223570   0.6681000   0.6975458   0.7333467   0.7578069   0.7713397   0.7772348   0.7784462   0.7769668
   6.7686883   0.9094845   0.7694596   0.7024008   0.7163298   0.7410027   0.7591257   0.7692753   0.7735506   0.7741671   0.7726460
   6.7907362   0.9803056   0.7890923   0.7357785   0.7375270   0.7503844   0.7613416   0.7675870   0.7699692   0.7698598   0.7682378
   6.8127840   0.9710959   0.7868476   0.7675182   0.7597787   0.7607702   0.7641134   0.7661236   0.7664326   0.7655094   0.7637457
   6.8348319   0.7990584   0.7766412   0.7977098   0.7817849   0.7714059   0.7670729   0.7647207   0.7628770   0.7610986   0.7591723
   6.8568797   0.5559360   0.7769635   0.8266013   0.8023432   0.7815445   0.7698434   0.7632077   0.7592356   0.7566089   0.7545195
   6.8789276   0.4226517   0.8038072   0.8539538   0.8203740   0.7904819   0.7720571   0.7614164   0.7554424   0.7520218   0.7497891
   6.9009754   0.4976947   0.8625142   0.8786435   0.8349421   0.7975880   0.7733727   0.7591885   0.7514352   0.7473204   0.7449835
   6.9230233   0.7841042   0.9427108   0.8986718   0.8452810   0.8023323   0.7734903   0.7563836   0.7471592   0.7424900   0.7401059
   6.9450711   1.2218710   1.0201381   0.9115985   0.8508202   0.8043025   0.7721646   0.7528848   0.7425694   0.7375202   0.7351607
   6.9671190   1.6252488   1.0660119   0.9152503   0.8512120   0.8032169   0.7692151   0.7486050   0.7376331   0.7324050   0.7301539
   6.9891668   1.7040652   1.0600891   0.9084417   0.8463493   0.7989300   0.7645333   0.7434904   0.7323320   0.7271440   0.7250938
   7.0112146   1.3472951   1.0007468   0.8914300   0.8363673   0.7914327   0.7580862   0.7375236   0.7266632   0.7217430   0.7199906
   7.0332625   0.8047925   0.9063749   0.8659241   0.8216240   0.7808460   0.7499170   0.7307240   0.7206396   0.7162139   0.7148568
   7.0553103   0.4101436   0.8070166   0.8346343   0.8026600   0.7674116   0.7401424   0.7231472   0.7142901   0.7105749   0.7097074
   7.0773582   0.2769454   0.7306760   0.8005265   0.7801460   0.7514785   0.7289470   0.7148835   0.7076587   0.7048503   0.7045595
   7.0994060   0.3660119   0.6915311   0.7660520   0.7548256   0.7334865   0.7165752   0.7060532   0.7008028   0.6990699   0.6994325
   7.1214539   0.6188315   0.6857882   0.7326198   0.7274676   0.7139495   0.7033205   0.6968024   0.6937917   0.6932685   0.6943477
   7.1435017   0.9039198   0.6963172   0.7004728   0.6988356   0.6934362   0.6895139   0.6872969   0.6867035   0.6874846   0.6893280
   7.1655496   1.0210945   0.7024952   0.6689695   0.6696778   0.6725515   0.6755095   0.6777152   0.6796228   0.6817594   0.6843975
   7.1875974   0.9001017   0.6895828   0.6371338   0.6407360   0.6519162   0.6616711   0.6682416   0.6726373   0.6761362   0.6795816
   7.2096452   0.6830364   0.6532847   0.6042563   0.6127633   0.6321472   0.6483567   0.6590584   0.6658348   0.6706583   0.6749058
   7.2316931   0.5401194   0.5986192   0.5703520   0.5865416   0.6138356   0.6359046   0.6503394   0.6592999   0.6653686   0.6703961
   7.2537409   0.4920771   0.5353822   0.5363538   0.5628843   0.5975260   0.6246196   0.6422424   0.6531111   0.6603081   0.6660781
   7.2757888   0.4487548   0.4734932   0.5040290   0.5426191   0.5836936   0.6147607   0.6349036   0.6473384   0.6555146   0.6619768
   7.2978366   0.3658893   0.4203035   0.4756869   0.5265455   0.5727227   0.6065308   0.6284326   0.6420408   0.6510224   0.6581164
   7.3198845   0.2915683   0.3800639   0.4537858   0.5153722   0.5648871   0.6000683   0.6229083   0.6372645   0.6468613   0.6545203
   7.3419323   0.2728622   0.3546838   0.4405359   0.5096413   0.5603327   0.5954422   0.6183772   0.6330420   0.6430561   0.6512102
   7.3639802   0.2993989   0.3449292   0.4375689   0.5096521   0.5590659   0.5926497   0.6148516   0.6293916   0.6396267   0.6482070
   7.3860280   0.3319871   0.3515312   0.4457002   0.5153975   0.5609479   0.5916174   0.6123110   0.6263171   0.6365876   0.6455302
   7.4080758   0.3338103   0.3757122   0.4647926   0.5265253   0.5656976   0.5922059   0.6107033   0.6238092   0.6339489   0.6431981
   7.4301237   0.3031978   0.4186132   0.4937219   0.5423310   0.5729033   0.5942169   0.6099489   0.6218464   0.6317162   0.6412283
   7.4521715   0.3099831   0.4795978   0.5304452   0.5617891   0.5820428   0.5974043   0.6099447   0.6203969   0.6298918   0.6396377
   7.4742194   0.4389048   0.5543892   0.5721749   0.5836174   0.5925123   0.6014864   0.6105700   0.6194211   0.6284753   0.6384427
   7.4962672   0.6701291   0.6345954   0.6156464   0.6063729   0.6036614   0.6061605   0.6116923   0.6188746   0.6274652   0.6376602
   7.5183151   0.8828913   0.7095758   0.6574528   0.6285653   0.6148314   0.6111177   0.6131745   0.6187104   0.6268596   0.6373071
   7.5403629   0.9774083   0.7699722   0.6943953   0.6487791   0.6253953   0.6160584   0.6148813   0.6188827   0.6266578   0.6374016
   7.5624108   0.9405880   0.8108339   0.7237991   0.6657891   0.6347946   0.6207065   0.6166857   0.6193496   0.6268614   0.6379629
   7.5844586   0.8424922   0.8323347   0.7437484   0.6786586   0.6425709   0.6248218   0.6184756   0.6200763   0.6274755   0.6390118
   7.6065065   0.7872787   0.8377136   0.7532245   0.6868079   0.6483890   0.6282105   0.6201593   0.6210376   0.6285100   0.6405714
   7.6285543   0.8121745   0.8300170   0.7521487   0.6900484   0.6520503   0.6307331   0.6216697   0.6222206   0.6299804   0.6426665
   7.6506021   0.8686013   0.8100103   0.7413501   0.6885771   0.6534958   0.6323089   0.6229685   0.6236261   0.6319086   0.6453243
   7.6726500   0.9044360   0.7766779   0.7224724   0.6829325   0.6527980   0.6329179   0.6240487   0.6252711   0.6343233   0.6485744
   7.6946978   0.8810442   0.7298049   0.6978223   0.6739188   0.6501448   0.6326001   0.6249357   0.6271885   0.6372604   0.6524484
   7.7167457   0.7542225   0.6726366   0.6701523   0.6625056   0.6458162   0.6314522   0.6256877   0.6294284   0.6407630   0.6569795
   7.7387935   0.5502238   0.6125817   0.6423722   0.6497163   0.6401582   0.6296225   0.6263953   0.6320572   0.6448809   0.6622029
   7.7608414   0.3869028   0.5593321   0.6172023   0.6365185   0.6335556   0.6273046   0.6271791   0.6351571   0.6496697   0.6681541
   7.7828892   0.3486339   0.5215530   0.5968100   0.6237308   0.6264076   0.6247304   0.6281874   0.6388243   0.6551903   0.6748694
   7.8049371   0.4106365   0.5041398   0.5824940   0.6119581   0.6191091   0.6221632   0.6295922   0.6431671   0.6615075   0.6823839
   7.8269849   0.4854546   0.5073715   0.5744869   0.6015633   0.6120379   0.6198902   0.6315856   0.6483033   0.6686881   0.6907318
   7.8490327   0.5069858   0.5277750   0.5719368   0.5926797   0.6055497   0.6182165   0.6343745   0.6543573   0.6767996   0.6999443
   7.8710806   0.5021693   0.5594723   0.5730908   0.5852604   0.5999799   0.6174587   0.6381755   0.6614565   0.6859080   0.7100492
   7.8931284   0.5568497   0.5950187   0.5756639   0.5791562   0.5956507   0.6179397   0.6432096   0.6697279   0.6960757   0.7210695
   7.9151763   0.6738126   0.6258269   0.5773280   0.5742096   0.5928819   0.6199828   0.6496958   0.6792942   0.7073596   0.7330224
   7.9372241   0.7680065   0.6430895   0.5762272   0.5703479   0.5920017   0.6239070   0.6578455   0.6902697   0.7198084   0.7459179
   7.9592720   0.8088946   0.6398574   0.5714067   0.5676606   0.5933555   0.6300206   0.6678561   0.7027563   0.7334608   0.7597580
   7.9813198   0.7999932   0.6138394   0.5630590   0.5664488   0.5973113   0.6386152   0.6799051   0.7168399   0.7483433   0.7745356
   8.0033677   0.6918395   0.5694519   0.5525270   0.5672390   0.6042571   0.6499581   0.6941442   0.7325868   0.7644682   0.7902331
   8.0254155   0.4819817   0.5175263   0.5420667   0.5707597   0.6145933   0.6642846   0.7106935   0.7500400   0.7818320   0.8068226
   8.0474633   0.2777684   0.4721219   0.5344316   0.5778863   0.6287160   0.6817890   0.7296361   0.7692166   0.8004137   0.8242642
   8.0695112   0.1885567   0.4455712   0.5323915   0.5895638   0.6469960   0.7026152   0.7510140   0.7901051   0.8201740   0.8425063
   8.0915590   0.2513602   0.4441405   0.5383082   0.6067177   0.6697518   0.7268474   0.7748233   0.8126638   0.8410539   0.8614851
   8.1136069   0.4209730   0.4665606   0.5538654   0.6301664   0.6972215   0.7545015   0.8010119   0.8368195   0.8629749   0.8811242
   8.1356547   0.5786026   0.5061060   0.5799921   0.6605430   0.7295342   0.7855176   0.8294772   0.8624668   0.8858386   0.9013357
   8.1577026   0.6342377   0.5548721   0.6169522   0.6982332   0.7666851   0.8197539   0.8600654   0.8894684   0.9095272   0.9220195
   8.1797504   0.6211233   0.6078167   0.6645257   0.7433314   0.8085156   0.8569840   0.8925722   0.9176563   0.9339043   0.9430650
   8.2017983   0.6219989   0.6646016   0.7221949   0.7956148   0.8547010   0.8968965   0.9267445   0.9468329   0.9588161   0.9643513
   8.2238461   0.6664125   0.7287176   0.7892653   0.8545321   0.9047477   0.9390985   0.9622839   0.9767740   0.9840930   0.9857485
   8.2458939   0.7248450   0.8047183   0.8648925   0.9192077   0.9579997   0.9831218   0.9988515   1.0072317   1.0095518   1.0071192
   8.2679418   0.7692961   0.8950534   0.9480275   0.9884580   1.0136560   1.0284330   1.0360738   1.0379379   1.0349978   1.0283197
   8.2899896   0.8614658   0.9980921   1.0373079   1.0608243   1.0707973   1.0744470   1.0735494   1.0686088   1.0602275   1.0492019
   8.3120375   1.0969190   1.1085785   1.1309350   1.1346227   1.1284208   1.1205417   1.1108574   1.0989496   1.0850315   1.0696148
   8.3340853   1.4029730   1.2206407   1.2265650   1.2080153   1.1854812   1.1660756   1.1475659   1.1286591   1.1091977   1.0894068
   8.3561332   1.5505812   1.3315966   1.3212504   1.2791033   1.2409353   1.2104054   1.1832405   1.1574354   1.1325139   1.1084269
   8.3781810   1.4451049   1.4433614   1.4114777   1.3460387   1.2937856   1.2529036   1.2174534   1.1849807   1.1547718   1.1265274
   8.4002289   1.2734773   1.5591312   1.4933550   1.4071479   1.3431223   1.2929755   1.2497924   1.2110068   1.1757693   1.1435655
   8.4222767   1.3309832   1.6765782   1.5629959   1.4610534   1.3881569   1.3300731   1.2798688   1.2352400   1.1953142   1.1594050
   8.4443246   1.7508557   1.7826065   1.6170894   1.5067764   1.4282475   1.3637082   1.3073248   1.2574256   1.2132268   1.1739184
   8.4663724   2.3366136   1.8551016   1.6535662   1.5438050   1.4629126   1.3934607   1.3318401   1.2773325   1.2293429   1.1869883
   8.4884202   2.6495917   1.8727100   1.6721848   1.5721102   1.4918324   1.4189851   1.3531379   1.2947570   1.2435158   1.1985092
   8.5104681   2.4035564   1.8274848   1.6748241   1.5921052   1.5148388   1.4400134   1.3709881   1.3095256   1.2556186   1.2083885
   8.5325159   1.7901829   1.7322999   1.6653096   1.6045469   1.5318958   1.4563552   1.3852116   1.3214980   1.2655460   1.2165479
   8.5545638   1.2647252   1.6179037   1.6487317   1.6103943   1.5430732   1.4678956   1.3956816   1.3305687   1.2732157   1.2229240
   8.5766116   1.0562143   1.5210262   1.6303793   1.6106453   1.5485164   1.4745917   1.4023244   1.3366683   1.2785690   1.2274694
   8.5986595   1.0640413   1.4700450   1.6145646   1.6061781   1.5484186   1.4764677   1.4051195   1.3397641   1.2815715   1.2301526
   8.6207073   1.1575918   1.4751638   1.6036695   1.5976260   1.5429966   1.4736097   1.4040982   1.3398593   1.2822134   1.2309585
   8.6427552   1.3541663   1.5266622   1.5976904   1.5853055   1.5324744   1.4661609   1.3993412   1.3369929   1.2805085   1.2298882
   8.6648030   1.6866259   1.6006093   1.5944000   1.5692104   1.5170764   1.4543166   1.3909763   1.3312373   1.2764941   1.2269586
   8.6868508   2.0241883   1.6686841   1.5900545   1.5490683   1.4970296   1.4383207   1.3791743   1.3226965   1.2702296   1.2222018
   8.7088987   2.1200322   1.7078479   1.5804139   1.5244484   1.4725748   1.4184611   1.3641451   1.3115036   1.2617946   1.2156646
   8.7309465   1.9122374   1.7062959   1.5617701   1.4948977   1.4439824   1.3950673   1.3461328   1.2978172   1.2512879   1.2074073
   8.7529944   1.6606673   1.6641848   1.5317118   1.4600800   1.4115720   1.3685058   1.3254103   1.2818183   1.2388247   1.1975022
   8.7750422   1.5932078   1.5902861   1.4894688   1.4198964   1.3757301   1.3391767   1.3022740   1.2637058   1.2245347   1.1860329
   8.7970901   1.5898691   1.4973167   1.4358243   1.3745677   1.3369227   1.3075078   1.2770373   1.2436934   1.2085594   1.1730925
   8.8191379   1.4441485   1.3981396   1.3727123   1.3246715   1.2957005   1.2739484   1.2500249   1.2220046   1.1910500   1.1587821
   8.8411858   1.1937450   1.3031549   1.3026914   1.2711327   1.2526947   1.2389604   1.2215659   1.1988688   1.1721644   1.1432095
   8.8632336   1.0059593   1.2181722   1.2284788   1.2151726   1.2086017   1.2030096   1.1919874   1.1745175   1.1520646   1.1264871
   8.8852814   0.9870239   1.1428489   1.1526720   1.1582276   1.1641588   1.1665538   1.1616088   1.1491799   1.1309145   1.1087306
   8.9073293   1.1261984   1.0711089   1.0776838   1.1018471   1.1201115   1.1300312   1.1307350   1.1230795   1.1088771   1.0900575
   8.9293771   1.2440917   0.9947110   1.0058256   1.0475812   1.0771765   1.0938488   1.0996518   1.0964307   1.0861127   1.0705852
   8.9514250   1.1458489   0.9089664   0.9394153   0.9968675   1.0360023   1.0583703   1.0686205   1.0694359   1.0627763   1.0504301
   8.9734728   0.8650957   0.8173744   0.8807893   0.9509235   0.9971331   1.0239070   1.0378744   1.0422826   1.0390163   1.0297057
   8.9955207   0.5679929   0.7319092   0.8321457   0.9106535   0.9609777   0.9907091   1.0076156   1.0151420   1.0149721   1.0085218
   9.0175685   0.3556013   0.6682151   0.7952345   0.8765755   0.9277880   0.9589613   0.9780134   0.9881672   0.9907737   0.9869830
   9.0396164   0.2906994   0.6382717   0.7709827   0.8487772   0.8976491   0.9287812   0.9492033   0.9614919   0.9665400   0.9651882
   9.0616642   0.4225414   0.6447577   0.7591809   0.8269059   0.8704815   0.9002205   0.9212879   0.9352307   0.9423779   0.9432294
   9.0837121   0.6880629   0.6802434   0.7583469   0.8101987   0.8460567   0.8732709   0.8943379   0.9094781   0.9183824   0.9211914
   9.1057599   0.9020619   0.7312701   0.7658185   0.7975512   0.8240235   0.8478718   0.8683947   0.8843098   0.8946357   0.8991511
   9.1278077   0.9385355   0.7844285   0.7780630   0.7876228   0.8039441   0.8239211   0.8434736   0.8597830   0.8712072   0.8771773
   9.1498556   0.8600123   0.8306864   0.7911288   0.7789674   0.7853359   0.8012873   0.8195676   0.8359377   0.8481542   0.8553302
   9.1719034   0.8111471   0.8658978   0.8011482   0.7701780   0.7677150   0.7798224   0.7966513   0.8127979   0.8255216   0.8336619
   9.1939513   0.8635961   0.8882824   0.8048060   0.7600262   0.7506377   0.7593743   0.7746850   0.7903735   0.8033429   0.8122160
   9.2159991   0.9742213   0.8955431   0.7997183   0.7475824   0.7337359   0.7397975   0.7536186   0.7686614   0.7816407   0.7910282
   9.2380470   1.0437302   0.8839799   0.7846906   0.7323003   0.7167433   0.7209626   0.7333954   0.7476475   0.7604274   0.7701264
   9.2600948   1.0162832   0.8500767   0.7598365   0.7140564   0.6995096   0.7027621   0.7139545   0.7273083   0.7397064   0.7495310
   9.2821427   0.9147694   0.7932368   0.7265419   0.6931399   0.6820031   0.6851138   0.6952338   0.7076124   0.7194727   0.7292558
   9.3041905   0.7858927   0.7178087   0.6872665   0.6701954   0.6642999   0.6679611   0.6771713   0.6885219   0.6997140   0.7093083
   9.3262383   0.6409069   0.6331883   0.6451923   0.6461267   0.6465637   0.6512699   0.6597063   0.6699936   0.6804118   0.6896901
   9.3482862   0.4687952   0.5518225   0.6037597   0.6219760   0.6290164   0.6350240   0.6427792   0.6519804   0.6615423   0.6703983
   9.3703340   0.3006738   0.4857846   0.5661671   0.5987928   0.6119055   0.6192183   0.6263321   0.6344325   0.6430773   0.6514253
   9.3923819   0.2182233   0.4431596   0.5349279   0.5775113   0.5954692   0.6038510   0.6103075   0.6172978   0.6249855   0.6327602
   9.4144297   0.2722941   0.4257233   0.5115733   0.5588488   0.5799055   0.5889166   0.5946484   0.6005231   0.6072331   0.6143890
   9.4364776   0.4137241   0.4290391   0.4965510   0.5432359   0.5653464   0.5743989   0.5792967   0.5840548   0.5897849   0.5962958
   9.4585254   0.5294089   0.4449859   0.4893200   0.5307843   0.5518402   0.5602655   0.5641932   0.5678397   0.5726050   0.5784630
   9.4805733   0.5513696   0.4653886   0.4885877   0.5212919   0.5393441   0.5464645   0.5492769   0.5518254   0.5556578   0.5608723
   9.5026211   0.5047596   0.4848283   0.4926071   0.5142799   0.5277256   0.5329237   0.5344855   0.5359613   0.5389087   0.5435052
   9.5246689   0.4601989   0.5014036   0.4994522   0.5090559   0.5167731   0.5195513   0.5197555   0.5201992   0.5223248   0.5263435
   9.5467168   0.4773811   0.5156529   0.5072182   0.5047926   0.5062138   0.5062391   0.5050231   0.5044941   0.5058756   0.5093703
   9.5687646   0.5488160   0.5288311   0.5141342   0.5006120   0.4957366   0.4928681   0.4902260   0.4888048   0.4895336   0.4925696
   9.5908125   0.5867406   0.5415752   0.5186163   0.4956675   0.4850173   0.4793139   0.4753048   0.4730946   0.4732747   0.4759277
   9.6128603   0.5436170   0.5531609   0.5193052   0.4892154   0.4737435   0.4654545   0.4602047   0.4573325   0.4570789   0.4594330
   9.6349082   0.5054477   0.5611078   0.5151281   0.4806704   0.4616374   0.4511769   0.4448782   0.4414932   0.4409306   0.4430764
   9.6569560   0.5689266   0.5612288   0.5053956   0.4696422   0.4484737   0.4363843   0.4292865   0.4255585   0.4248188   0.4268516
   9.6790039   0.6848147   0.5486617   0.4899129   0.4559485   0.4340926   0.4210012   0.4134017   0.4095172   0.4087376   0.4107553
   9.7010517   0.7138664   0.5200604   0.4690551   0.4396086   0.4184062   0.4049785   0.3972082   0.3933658   0.3926858   0.3947874
   9.7230996   0.5985259   0.4760345   0.4437560   0.4208165   0.4013993   0.3882962   0.3807040   0.3771088   0.3766677   0.3789506
   9.7451474   0.4112362   0.4221860   0.4153783   0.3998995   0.3831252   0.3709643   0.3639013   0.3607587   0.3606925   0.3632510
   9.7671952   0.2514004   0.3676458   0.3854762   0.3772695   0.3636971   0.3530231   0.3468267   0.3443360   0.3447740   0.3476974
   9.7892431   0.1660254   0.3215853   0.3555013   0.3533724   0.3432769   0.3345412   0.3295210   0.3278686   0.3289310   0.3323018
   9.8112909   0.1630507   0.2895328   0.3265341   0.3286441   0.3220633   0.3156121   0.3120378   0.3113917   0.3131864   0.3170785
   9.8333388   0.2225906   0.2714374   0.2991175   0.3034785   0.3002790   0.2963507   0.2944427   0.2949467   0.2975667   0.3020444
   9.8553866   0.2946772   0.2623041   0.2732412   0.2782101   0.2781598   0.2768884   0.2768111   0.2785807   0.2821021   0.2872182
   9.8774345   0.3302089   0.2547826   0.2484766   0.2531125   0.2559444   0.2573681   0.2592264   0.2623450   0.2668251   0.2726206
   9.8994823   0.3175273   0.2422467   0.2242129   0.2284082   0.2338668   0.2379389   0.2417774   0.2462945   0.2517705   0.2582736
   9.9215302   0.2785868   0.2210022   0.1999162   0.2042865   0.2121504   0.2187515   0.2245558   0.2304861   0.2369745   0.2442000
   9.9435780   0.2269566   0.1909848   0.1753349   0.1809227   0.1910032   0.1999533   0.2076539   0.2149775   0.2224739   0.2304232
   9.9656258   0.1578403   0.1550843   0.1505956   0.1584921   0.1706146   0.1816841   0.1911620   0.1998261   0.2083053   0.2169668
   9.9876737   0.0838864   0.1176877   0.1261785   0.1371778   0.1511530   0.1640728   0.1751661   0.1850872   0.1945050   0.2038541
  10.0097215   0.0317920   0.0831068   0.1027938   0.1171680   0.1327637   0.1472343   0.1597459   0.1708138   0.1811074   0.1911076
  10.0317694   0.0083289   0.0544088   0.0812103   0.0986457   0.1155669   0.1312669   0.1449731   0.1570544   0.1681452   0.1787489
  10.0538172   0.0014901   0.0329121   0.0620889   0.0817729   0.0996560   0.1162512   0.1309097   0.1438530   0.1556484   0.1667980
  10.0758651   0.0001812   0.0183380   0.0458639   0.0666739   0.0850966   0.1022486   0.1176071   0.1312478   0.1436439   0.1552732
  10.0979129   0.0000150   0.0093855   0.0326912   0.0534210   0.0719257   0.0893011   0.1051055   0.1192706   0.1321551   0.1441909
  10.1199608   0.0000008   0.0044020   0.0224625   0.0420260   0.0601514   0.0774316   0.0934333   0.1079467   0.1212013   0.1335650
  10.1420086   0.0000000   0.0018882   0.0148664   0.0324381   0.0497543   0.0666445   0.0826071   0.0972943   0.1107980   0.1234070
  10.1640564   0.0000000   0.0007395   0.0094708   0.0245499   0.0406891   0.0569272   0.0726322   0.0873246   0.1009561   0.1137259
  10.1861043   0.0000000   0.0002641   0.0058045   0.0182080   0.0328880   0.0482513   0.0635032   0.0780417   0.0916825   0.1045278
  10.2081521   0.0000000   0.0000859   0.0034208   0.0132280   0.0262644   0.0405750   0.0552046   0.0694431   0.0829794   0.0958161
  10.2302000   0.0000000   0.0000254   0.0019378   0.0094094   0.0207174   0.0338453   0.0477120   0.0615201   0.0748450   0.0875915
  10.2522478   0.0000000   0.0000068   0.0010548   0.0065513   0.0161369   0.0279999   0.0409935   0.0542580   0.0672734   0.0798518
  10.2742957   0.0000000   0.0000017   0.0005514   0.0044633   0.0124083   0.0229705   0.0350105   0.0476369   0.0602549   0.0725924
  10.2963435   0.0000000   0.0000004   0.0002769   0.0029747   0.0094169   0.0186841   0.0297195   0.0416325   0.0537763   0.0658059
  10.3183914   0.0000000   0.0000001   0.0001334   0.0019391   0.0070520   0.0150662   0.0250731   0.0362165   0.0478213   0.0594828
  10.3404392   0.0000000   0.0000000   0.0000617   0.0012361   0.0052101   0.0120421   0.0210215   0.0313576   0.0423707   0.0536113
  10.3624870   0.0000000   0.0000000   0.0000274   0.0007704   0.0037970   0.0095394   0.0175136   0.0270221   0.0374030   0.0481777
  10.3845349   0.0000000   0.0000000   0.0000117   0.0004694   0.0027291   0.0074885   0.0144980   0.0231748   0.0328949   0.0431665
  10.4065827   0.0000000   0.0000000   0.0000048   0.0002795   0.0019343   0.0058249   0.0119243   0.0197792   0.0288216   0.0385609
  10.4286306   0.0000000   0.0000000   0.0000019   0.0001627   0.0013517   0.0044890   0.0097435   0.0167989   0.0251569   0.0343426
  10.4506784   0.0000000   0.0000000   0.0000007   0.0000925   0.0009313   0.0034271   0.0079092   0.0141975   0.0218743   0.0304926
  10.4727263   0.0000000   0.0000000   0.0000003   0.0000514   0.0006325   0.0025918   0.0063775   0.0119394   0.0189467   0.0269911
  10.4947741   0.0000000   0.0000000   0.0000001   0.0000279   0.0004234   0.0019414   0.0051079   0.0099902   0.0163472   0.0238176
  10.5168220   0.0000000   0.0000000   0.0000000   0.0000148   0.0002794   0.0014403   0.0040633   0.0083171   0.0140491   0.0209517
  10.5388698   0.0000000   0.0000000   0.0000000   0.0000077   0.0001817   0.0010582   0.0032103   0.0068890   0.0120265   0.0183727
  10.5609177   0.0000000   0.0000000   0.0000000   0.0000039   0.0001164   0.0007698   0.0025190   0.0056769   0.0102542   0.0160602
  10.5829655   0.0000000   0.0000000   0.0000000   0.0000019   0.0000735   0.0005546   0.0019628   0.0046539   0.0087082   0.0139940
  10.6050133   0.0000000   0.0000000   0.0000000   0.0000009   0.0000457   0.0003956   0.0015187   0.0037955   0.0073655   0.0121546
  10.6270612   0.0000000   0.0000000   0.0000000   0.0000004   0.0000280   0.0002794   0.0011668   0.0030792   0.0062046   0.0105228
  10.6491090   0.0000000   0.0000000   0.0000000   0.0000002   0.0000169   0.0001953   0.0008902   0.0024850   0.0052054   0.0090806
  10.6711569   0.0000000   0.0000000   0.0000000   0.0000001   0.0000101   0.0001352   0.0006743   0.0019948   0.0043492   0.0078104
  10.6932047   0.0000000   0.0000000   0.0000000   0.0000000   0.0000059   0.0000927   0.0005071   0.0015928   0.0036189   0.0066959
  10.7152526   0.0000000   0.0000000   0.0000000   0.0000000   0.0000034   0.0000628   0.0003786   0.0012650   0.0029988   0.0057215
  10.7373004   0.0000000   0.0000000   0.0000000   0.0000000   0.0000019   0.0000422   0.0002806   0.0009993   0.0024746   0.0048726
  10.7593483   0.0000000   0.0000000   0.0000000   0.0000000   0.0000011   0.0000280   0.0002065   0.0007851   0.0020335   0.0041359
  10.7813961   0.0000000   0.0000000   0.0000000   0.0000000   0.0000006   0.0000184   0.0001508   0.0006135   0.0016640   0.0034988
  10.8034439   0.0000000   0.0000000   0.0000000   0.0000000   0.0000003   0.0000120   0.0001094   0.0004767   0.0013559   0.0029499
  10.8254918   0.0000000   0.0000000   0.0000000   0.0000000   0.0000002   0.0000077   0.0000787   0.0003684   0.0011001   0.0024787
  10.8475396   0.0000000   0.0000000   0.0000000   0.0000000   0.0000001   0.0000049   0.0000562   0.0002832   0.0008888   0.0020757
  10.8695875   0.0000000   0.0000000   0.0000000   0.0000000   0.0000000   0.0000031   0.0000399   0.0002165   0.0007150   0.0017323
  10.8916353   0.0000000   0.0000000   0.0000000   0.0000000   0.0000000   0.0000019   0.0000281   0.0001645   0.0005728   0.0014408
  10.9136832   0.0000000   0.0000000   0.0000000   0.0000000   0.0000000   0.0000012   0.0000196   0.0001244   0.0004568   0.0011942
  10.9357310   0.0000000   0.0000000   0.0000000   0.0000000   0.0000000   0.0000007   0.0000136   0.0000935   0.0003628   0.0009865
  10.9577789   0.0000000   0.0000000   0.0000000   0.0000000   0.0000000   0.0000004   0.0000094   0.0000699   0.0002868   0.0008120
  10.9798267   0.0000000   0.0000000   0.0000000   0.0000000   0.0000000   0.0000003   0.0000064   0.0000519   0.0002258   0.0006661
  11.0018745   0.0000000   0.0000000   0.0000000   0.0000000   0.0000000   0.0000002   0.0000043   0.0000384   0.0001770   0.0005445
  11.0239224   0.0000000   0.0000000   0.0000000   0.0000000   0.0000000   0.0000001   0.0000029   0.0000282   0.0001381   0.0004435
 Integrated el-ph coupling
  #            1.6192825   1.6194902   1.6198369   1.6203233   1.6209505   1.6217199   1.6226333   1.6236926   1.6248993   1.6262539
 Phonon smearing (meV)
  #            0.0500000   0.1000000   0.1500000   0.2000000   0.2500000   0.3000000   0.3500000   0.4000000   0.4500000   0.5000000
 Electron smearing (eV)   0.0500000
 Fermi window (eV)   6.0000000
 Summed el-ph coupling    1.6192134
