   0.0220478   0.0000000   0.0000000   0.0000000   0.0000000   0.0000000   0.0000000   0.0000000   0.0000000   0.0000000   0.0000000
   0.0440957   0.0000000   0.0000000   0.0000000   0.0000000   0.0000000   0.0000000   0.0000000   0.0000000   0.0000000   0.0000000
   0.0661435   0.0000000   0.0000000   0.0000000   0.0000000   0.0000000   0.0000000   0.0000000   0.0000000   0.0000000   0.0000000
   0.0881914   0.0000000   0.0000000   0.0000000   0.0000000   0.0000000   0.0000000   0.0000000   0.0000000   0.0000000   0.0000000
   0.1102392   0.0000000   0.0000000   0.0000000   0.0000000   0.0000000   0.0000000   0.0000000   0.0000000   0.0000000   0.0000000
   0.1322871   0.0000000   0.0000000   0.0000000   0.0000000   0.0000000   0.0000000   0.0000000   0.0000000   0.0000000   0.0000000
   0.1543349   0.0000000   0.0000000   0.0000000   0.0000000   0.0000000   0.0000000   0.0000000   0.0000000   0.0000000   0.0000000
   0.1763828   0.0000000   0.0000000   0.0000000   0.0000000   0.0000000   0.0000000   0.0000000   0.0000000   0.0000000   0.0000001
   0.1984306   0.0000000   0.0000000   0.0000000   0.0000000   0.0000000   0.0000000   0.0000000   0.0000000   0.0000000   0.0000001
   0.2204784   0.0000000   0.0000000   0.0000000   0.0000000   0.0000000   0.0000000   0.0000000   0.0000000   0.0000000   0.0000001
   0.2425263   0.0000000   0.0000000   0.0000000   0.0000000   0.0000000   0.0000000   0.0000000   0.0000000   0.0000000   0.0000001
   0.2645741   0.0000000   0.0000000   0.0000000   0.0000000   0.0000000   0.0000000   0.0000000   0.0000000   0.0000000   0.0000002
   0.2866220   0.0000000   0.0000000   0.0000000   0.0000000   0.0000000   0.0000000   0.0000000   0.0000000   0.0000000   0.0000002
   0.3086698   0.0000000   0.0000000   0.0000000   0.0000000   0.0000000   0.0000000   0.0000000   0.0000000   0.0000001   0.0000002
   0.3307177   0.0000000   0.0000000   0.0000000   0.0000000   0.0000000   0.0000000   0.0000000   0.0000000   0.0000001   0.0000003
   0.3527655   0.0000000   0.0000000   0.0000000   0.0000000   0.0000000   0.0000000   0.0000000   0.0000000   0.0000001   0.0000004
   0.3748134   0.0000000   0.0000000   0.0000000   0.0000000   0.0000000   0.0000000   0.0000000   0.0000000   0.0000001   0.0000004
   0.3968612   0.0000000   0.0000000   0.0000000   0.0000000   0.0000000   0.0000000   0.0000000   0.0000000   0.0000002   0.0000005
   0.4189091   0.0000000   0.0000000   0.0000000   0.0000000   0.0000000   0.0000000   0.0000000   0.0000000   0.0000002   0.0000007
   0.4409569   0.0000000   0.0000000   0.0000000   0.0000000   0.0000000   0.0000000   0.0000000   0.0000001   0.0000003   0.0000008
   0.4630047   0.0000000   0.0000000   0.0000000   0.0000000   0.0000000   0.0000000   0.0000000   0.0000001   0.0000004   0.0000010
   0.4850526   0.0000000   0.0000000   0.0000000   0.0000000   0.0000000   0.0000000   0.0000000   0.0000001   0.0000005   0.0000012
   0.5071004   0.0000000   0.0000000   0.0000000   0.0000000   0.0000000   0.0000000   0.0000000   0.0000002   0.0000006   0.0000015
   0.5291483   0.0000000   0.0000000   0.0000000   0.0000000   0.0000000   0.0000000   0.0000000   0.0000002   0.0000007   0.0000017
   0.5511961   0.0000000   0.0000000   0.0000000   0.0000000   0.0000000   0.0000000   0.0000000   0.0000003   0.0000009   0.0000021
   0.5732440   0.0000000   0.0000000   0.0000000   0.0000000   0.0000000   0.0000000   0.0000001   0.0000004   0.0000011   0.0000025
   0.5952918   0.0000000   0.0000000   0.0000000   0.0000000   0.0000000   0.0000000   0.0000001   0.0000005   0.0000014   0.0000030
   0.6173397   0.0000000   0.0000000   0.0000000   0.0000000   0.0000000   0.0000000   0.0000001   0.0000006   0.0000017   0.0000035
   0.6393875   0.0000000   0.0000000   0.0000000   0.0000000   0.0000000   0.0000000   0.0000002   0.0000008   0.0000021   0.0000041
   0.6614353   0.0000000   0.0000000   0.0000000   0.0000000   0.0000000   0.0000000   0.0000002   0.0000010   0.0000025   0.0000048
   0.6834832   0.0000000   0.0000000   0.0000000   0.0000000   0.0000000   0.0000000   0.0000003   0.0000013   0.0000031   0.0000057
   0.7055310   0.0000000   0.0000000   0.0000000   0.0000000   0.0000000   0.0000001   0.0000005   0.0000016   0.0000037   0.0000066
   0.7275789   0.0000000   0.0000000   0.0000000   0.0000000   0.0000000   0.0000001   0.0000006   0.0000020   0.0000044   0.0000077
   0.7496267   0.0000000   0.0000000   0.0000000   0.0000000   0.0000000   0.0000001   0.0000008   0.0000025   0.0000053   0.0000089
   0.7716746   0.0000000   0.0000000   0.0000000   0.0000000   0.0000000   0.0000002   0.0000011   0.0000032   0.0000063   0.0000103
   0.7937224   0.0000000   0.0000000   0.0000000   0.0000000   0.0000000   0.0000003   0.0000015   0.0000039   0.0000075   0.0000118
   0.8157703   0.0000000   0.0000000   0.0000000   0.0000000   0.0000000   0.0000005   0.0000019   0.0000048   0.0000088   0.0000135
   0.8378181   0.0000000   0.0000000   0.0000000   0.0000000   0.0000001   0.0000006   0.0000025   0.0000059   0.0000103   0.0000154
   0.8598659   0.0000000   0.0000000   0.0000000   0.0000000   0.0000001   0.0000009   0.0000032   0.0000071   0.0000120   0.0000175
   0.8819138   0.0000000   0.0000000   0.0000000   0.0000000   0.0000002   0.0000013   0.0000041   0.0000086   0.0000140   0.0000199
   0.9039616   0.0000000   0.0000000   0.0000000   0.0000000   0.0000003   0.0000018   0.0000053   0.0000103   0.0000162   0.0000225
   0.9260095   0.0000000   0.0000000   0.0000000   0.0000000   0.0000004   0.0000024   0.0000066   0.0000123   0.0000187   0.0000253
   0.9480573   0.0000000   0.0000000   0.0000000   0.0000000   0.0000007   0.0000033   0.0000083   0.0000146   0.0000214   0.0000284
   0.9701052   0.0000000   0.0000000   0.0000000   0.0000001   0.0000010   0.0000044   0.0000102   0.0000172   0.0000245   0.0000318
   0.9921530   0.0000000   0.0000000   0.0000000   0.0000001   0.0000015   0.0000058   0.0000126   0.0000202   0.0000278   0.0000355
   1.0142009   0.0000000   0.0000000   0.0000000   0.0000002   0.0000022   0.0000076   0.0000153   0.0000236   0.0000315   0.0000394
   1.0362487   0.0000000   0.0000000   0.0000000   0.0000004   0.0000032   0.0000098   0.0000185   0.0000273   0.0000355   0.0000437
   1.0582965   0.0000000   0.0000000   0.0000000   0.0000006   0.0000046   0.0000126   0.0000222   0.0000314   0.0000399   0.0000483
   1.0803444   0.0000000   0.0000000   0.0000000   0.0000011   0.0000064   0.0000160   0.0000265   0.0000360   0.0000446   0.0000533
   1.1023922   0.0000000   0.0000000   0.0000000   0.0000018   0.0000089   0.0000200   0.0000313   0.0000410   0.0000497   0.0000586
   1.1244401   0.0000000   0.0000000   0.0000001   0.0000029   0.0000121   0.0000248   0.0000367   0.0000465   0.0000551   0.0000643
   1.1464879   0.0000000   0.0000000   0.0000002   0.0000046   0.0000163   0.0000305   0.0000427   0.0000523   0.0000610   0.0000704
   1.1685358   0.0000000   0.0000000   0.0000005   0.0000071   0.0000215   0.0000370   0.0000493   0.0000586   0.0000672   0.0000769
   1.1905836   0.0000000   0.0000000   0.0000011   0.0000107   0.0000280   0.0000444   0.0000565   0.0000653   0.0000738   0.0000838
   1.2126315   0.0000000   0.0000000   0.0000022   0.0000158   0.0000359   0.0000528   0.0000642   0.0000725   0.0000808   0.0000911
   1.2346793   0.0000000   0.0000000   0.0000042   0.0000227   0.0000453   0.0000620   0.0000724   0.0000800   0.0000882   0.0000989
   1.2567272   0.0000000   0.0000001   0.0000077   0.0000319   0.0000563   0.0000721   0.0000811   0.0000878   0.0000960   0.0001071
   1.2787750   0.0000000   0.0000003   0.0000135   0.0000437   0.0000688   0.0000830   0.0000902   0.0000960   0.0001042   0.0001159
   1.3008228   0.0000000   0.0000010   0.0000226   0.0000584   0.0000829   0.0000945   0.0000996   0.0001045   0.0001128   0.0001251
   1.3228707   0.0000000   0.0000029   0.0000363   0.0000762   0.0000982   0.0001065   0.0001093   0.0001133   0.0001219   0.0001349
   1.3449185   0.0000000   0.0000075   0.0000557   0.0000970   0.0001147   0.0001187   0.0001191   0.0001224   0.0001314   0.0001453
   1.3669664   0.0000000   0.0000179   0.0000820   0.0001206   0.0001318   0.0001310   0.0001289   0.0001319   0.0001415   0.0001563
   1.3890142   0.0000000   0.0000388   0.0001155   0.0001462   0.0001492   0.0001431   0.0001387   0.0001416   0.0001521   0.0001680
   1.4110621   0.0000004   0.0000763   0.0001559   0.0001731   0.0001662   0.0001548   0.0001485   0.0001516   0.0001633   0.0001803
   1.4331099   0.0000036   0.0001359   0.0002016   0.0002000   0.0001824   0.0001658   0.0001582   0.0001621   0.0001752   0.0001933
   1.4551578   0.0000247   0.0002197   0.0002496   0.0002256   0.0001971   0.0001760   0.0001677   0.0001730   0.0001877   0.0002071
   1.4772056   0.0001146   0.0003224   0.0002959   0.0002482   0.0002098   0.0001852   0.0001773   0.0001844   0.0002010   0.0002217
   1.4992534   0.0003597   0.0004291   0.0003360   0.0002666   0.0002200   0.0001933   0.0001868   0.0001964   0.0002152   0.0002372
   1.5213013   0.0007654   0.0005182   0.0003654   0.0002796   0.0002274   0.0002004   0.0001965   0.0002092   0.0002303   0.0002535
   1.5433491   0.0011040   0.0005679   0.0003806   0.0002861   0.0002317   0.0002065   0.0002065   0.0002229   0.0002463   0.0002707
   1.5653970   0.0010792   0.0005647   0.0003796   0.0002858   0.0002330   0.0002119   0.0002171   0.0002376   0.0002634   0.0002888
   1.5874448   0.0007151   0.0005095   0.0003627   0.0002787   0.0002315   0.0002169   0.0002285   0.0002535   0.0002817   0.0003079
   1.6094927   0.0003212   0.0004171   0.0003318   0.0002654   0.0002276   0.0002220   0.0002410   0.0002708   0.0003011   0.0003280
   1.6315405   0.0000978   0.0003098   0.0002907   0.0002471   0.0002220   0.0002276   0.0002550   0.0002896   0.0003218   0.0003490
   1.6535884   0.0000202   0.0002088   0.0002440   0.0002250   0.0002157   0.0002344   0.0002708   0.0003100   0.0003438   0.0003710
   1.6756362   0.0000028   0.0001277   0.0001961   0.0002010   0.0002098   0.0002432   0.0002889   0.0003323   0.0003671   0.0003939
   1.6976840   0.0000003   0.0000709   0.0001510   0.0001769   0.0002056   0.0002548   0.0003095   0.0003564   0.0003916   0.0004178
   1.7197319   0.0000000   0.0000357   0.0001115   0.0001547   0.0002045   0.0002699   0.0003331   0.0003826   0.0004175   0.0004427
   1.7417797   0.0000000   0.0000163   0.0000792   0.0001364   0.0002081   0.0002894   0.0003598   0.0004108   0.0004446   0.0004684
   1.7638276   0.0000000   0.0000068   0.0000547   0.0001241   0.0002180   0.0003140   0.0003898   0.0004410   0.0004729   0.0004949
   1.7858754   0.0000000   0.0000025   0.0000378   0.0001198   0.0002356   0.0003442   0.0004234   0.0004731   0.0005023   0.0005222
   1.8079233   0.0000000   0.0000009   0.0000285   0.0001258   0.0002624   0.0003806   0.0004605   0.0005071   0.0005327   0.0005504
   1.8299711   0.0000000   0.0000003   0.0000269   0.0001442   0.0002997   0.0004235   0.0005010   0.0005427   0.0005639   0.0005792
   1.8520190   0.0000000   0.0000002   0.0000343   0.0001775   0.0003482   0.0004728   0.0005447   0.0005798   0.0005958   0.0006087
   1.8740668   0.0000000   0.0000006   0.0000535   0.0002280   0.0004086   0.0005283   0.0005911   0.0006179   0.0006281   0.0006388
   1.8961147   0.0000000   0.0000020   0.0000889   0.0002976   0.0004808   0.0005895   0.0006398   0.0006568   0.0006609   0.0006696
   1.9181625   0.0000000   0.0000063   0.0001466   0.0003881   0.0005643   0.0006555   0.0006902   0.0006960   0.0006937   0.0007011
   1.9402103   0.0000000   0.0000183   0.0002342   0.0004999   0.0006578   0.0007253   0.0007415   0.0007352   0.0007266   0.0007333
   1.9622582   0.0000000   0.0000481   0.0003597   0.0006326   0.0007595   0.0007974   0.0007928   0.0007739   0.0007593   0.0007664
   1.9843060   0.0000000   0.0001149   0.0005295   0.0007839   0.0008668   0.0008701   0.0008432   0.0008116   0.0007916   0.0008005
   2.0063539   0.0000001   0.0002491   0.0007468   0.0009497   0.0009765   0.0009418   0.0008919   0.0008479   0.0008236   0.0008357
   2.0284017   0.0000022   0.0004901   0.0010089   0.0011238   0.0010850   0.0010104   0.0009378   0.0008826   0.0008552   0.0008725
   2.0504496   0.0000226   0.0008750   0.0013052   0.0012984   0.0011883   0.0010740   0.0009801   0.0009151   0.0008864   0.0009112
   2.0724974   0.0001557   0.0014174   0.0016173   0.0014646   0.0012823   0.0011307   0.0010179   0.0009452   0.0009174   0.0009523
   2.0945453   0.0007263   0.0020831   0.0019192   0.0016126   0.0013631   0.0011789   0.0010505   0.0009729   0.0009483   0.0009965
   2.1165931   0.0022972   0.0027780   0.0021811   0.0017330   0.0014273   0.0012170   0.0010775   0.0009980   0.0009795   0.0010444
   2.1386409   0.0049248   0.0033615   0.0023740   0.0018180   0.0014719   0.0012441   0.0010985   0.0010207   0.0010114   0.0010971
   2.1606888   0.0071562   0.0036907   0.0024748   0.0018615   0.0014950   0.0012592   0.0011133   0.0010411   0.0010448   0.0011556
   2.1827366   0.0070482   0.0036767   0.0024708   0.0018605   0.0014956   0.0012624   0.0011222   0.0010599   0.0010802   0.0012213
   2.2047845   0.0047053   0.0033234   0.0023626   0.0018153   0.0014738   0.0012537   0.0011256   0.0010774   0.0011188   0.0012956
   2.2268323   0.0021292   0.0027258   0.0021640   0.0017293   0.0014308   0.0012339   0.0011241   0.0010946   0.0011616   0.0013804
   2.2488802   0.0006530   0.0020285   0.0018988   0.0016085   0.0013689   0.0012044   0.0011188   0.0011124   0.0012100   0.0014778
   2.2709280   0.0001358   0.0013699   0.0015965   0.0014614   0.0012912   0.0011668   0.0011109   0.0011321   0.0012658   0.0015901
   2.2929759   0.0000191   0.0008396   0.0012870   0.0012973   0.0012015   0.0011233   0.0011020   0.0011551   0.0013308   0.0017201
   2.3150237   0.0000018   0.0004677   0.0009960   0.0011259   0.0011043   0.0010765   0.0010937   0.0011832   0.0014073   0.0018708
   2.3370715   0.0000001   0.0002381   0.0007415   0.0009563   0.0010039   0.0010291   0.0010880   0.0012181   0.0014978   0.0020458
   2.3591194   0.0000000   0.0001137   0.0005334   0.0007962   0.0009052   0.0009841   0.0010871   0.0012622   0.0016052   0.0022491
   2.3811672   0.0000000   0.0000567   0.0003739   0.0006516   0.0008127   0.0009446   0.0010933   0.0013179   0.0017331   0.0024851
   2.4032151   0.0000005   0.0000385   0.0002592   0.0005267   0.0007307   0.0009139   0.0011091   0.0013881   0.0018851   0.0027587
   2.4252629   0.0000033   0.0000412   0.0001821   0.0004241   0.0006632   0.0008950   0.0011371   0.0014759   0.0020656   0.0030756
   2.4473108   0.0000161   0.0000546   0.0001338   0.0003452   0.0006140   0.0008909   0.0011800   0.0015849   0.0022797   0.0034420
   2.4693586   0.0000535   0.0000718   0.0001059   0.0002906   0.0005865   0.0009047   0.0012409   0.0017192   0.0025327   0.0038646
   2.4914065   0.0001208   0.0000875   0.0000918   0.0002609   0.0005838   0.0009389   0.0013227   0.0018832   0.0028310   0.0043509
   2.5134543   0.0001847   0.0000972   0.0000867   0.0002572   0.0006085   0.0009961   0.0014290   0.0020823   0.0031816   0.0049093
   2.5355022   0.0001914   0.0000981   0.0000887   0.0002814   0.0006632   0.0010787   0.0015634   0.0023223   0.0035923   0.0055486
   2.5575500   0.0001345   0.0000899   0.0000990   0.0003367   0.0007501   0.0011889   0.0017301   0.0026098   0.0040719   0.0062788
   2.5795978   0.0000640   0.0000749   0.0001222   0.0004271   0.0008706   0.0013287   0.0019339   0.0029527   0.0046300   0.0071104
   2.6016457   0.0000207   0.0000574   0.0001670   0.0005578   0.0010261   0.0015005   0.0021803   0.0033595   0.0052775   0.0080549
   2.6236935   0.0000045   0.0000427   0.0002461   0.0007339   0.0012169   0.0017067   0.0024758   0.0038402   0.0060261   0.0091245
   2.6457414   0.0000007   0.0000376   0.0003767   0.0009601   0.0014432   0.0019501   0.0028280   0.0044060   0.0068888   0.0103323
   2.6677892   0.0000001   0.0000537   0.0005789   0.0012393   0.0017040   0.0022345   0.0032460   0.0050697   0.0078797   0.0116923
   2.6898371   0.0000000   0.0001140   0.0008738   0.0015718   0.0019982   0.0025646   0.0037405   0.0058453   0.0090142   0.0132191
   2.7118849   0.0000000   0.0002618   0.0012796   0.0019543   0.0023244   0.0029470   0.0043242   0.0067489   0.0103087   0.0149282
   2.7339328   0.0000003   0.0005681   0.0018063   0.0023795   0.0026817   0.0033901   0.0050120   0.0077982   0.0117811   0.0168355
   2.7559806   0.0000044   0.0011282   0.0024502   0.0028359   0.0030702   0.0039049   0.0058213   0.0090126   0.0134500   0.0189577
   2.7780284   0.0000458   0.0020378   0.0031890   0.0033088   0.0034922   0.0045056   0.0067720   0.0104136   0.0153356   0.0213120
   2.8000763   0.0003231   0.0033433   0.0039800   0.0037818   0.0039533   0.0052104   0.0078871   0.0120244   0.0174585   0.0239158
   2.8221241   0.0015486   0.0049817   0.0047625   0.0042395   0.0044636   0.0060412   0.0091925   0.0138698   0.0198405   0.0267868
   2.8441720   0.0050552   0.0067420   0.0054653   0.0046704   0.0050395   0.0070250   0.0107169   0.0159767   0.0225039   0.0299428
   2.8662198   0.0112667   0.0082878   0.0060184   0.0050713   0.0057045   0.0081937   0.0124924   0.0183729   0.0254717   0.0334015
   2.8882677   0.0172015   0.0092560   0.0063677   0.0054506   0.0064908   0.0095843   0.0145538   0.0210880   0.0287667   0.0371803
   2.9103155   0.0180731   0.0093951   0.0064876   0.0058324   0.0074401   0.0112393   0.0169385   0.0241522   0.0324120   0.0412960
   2.9323634   0.0131448   0.0086750   0.0063913   0.0062593   0.0086038   0.0132060   0.0196862   0.0275962   0.0364303   0.0457649
   2.9544112   0.0066642   0.0073050   0.0061343   0.0067945   0.0100435   0.0155363   0.0228384   0.0314512   0.0408437   0.0506022
   2.9764590   0.0023722   0.0056503   0.0058130   0.0075227   0.0118299   0.0182862   0.0264378   0.0357476   0.0456731   0.0558221
   2.9985069   0.0005971   0.0040959   0.0055587   0.0085491   0.0140416   0.0215148   0.0305277   0.0405154   0.0509383   0.0614374
   3.0205547   0.0001140   0.0029319   0.0055319   0.0099969   0.0167637   0.0252830   0.0351509   0.0457828   0.0566572   0.0674593
   3.0426026   0.0000731   0.0023051   0.0059171   0.0120034   0.0200847   0.0296525   0.0403490   0.0515760   0.0628459   0.0738973
   3.0646504   0.0003155   0.0022452   0.0069205   0.0147137   0.0240947   0.0346844   0.0461614   0.0579187   0.0695178   0.0807587
   3.0866983   0.0011269   0.0027435   0.0087697   0.0182737   0.0288818   0.0404373   0.0526242   0.0648312   0.0766837   0.0880490
   3.1087461   0.0027524   0.0038574   0.0117095   0.0228220   0.0345296   0.0469659   0.0597692   0.0723299   0.0843514   0.0957710
   3.1307940   0.0045908   0.0058175   0.0159926   0.0284813   0.0411145   0.0543192   0.0676225   0.0804268   0.0925252   0.1039253
   3.1528418   0.0052837   0.0090983   0.0218600   0.0353509   0.0487034   0.0625391   0.0762041   0.0891289   0.1012061   0.1125099
   3.1748896   0.0045458   0.0144047   0.0295105   0.0435009   0.0573520   0.0716583   0.0855262   0.0984379   0.1103912   0.1215199
   3.1969375   0.0047018   0.0225319   0.0390655   0.0529696   0.0671032   0.0816991   0.0955931   0.1083497   0.1200736   0.1309480
   3.2189853   0.0103022   0.0341191   0.0505337   0.0637645   0.0779863   0.0926717   0.1063999   0.1188545   0.1302428   0.1407842
   3.2410332   0.0261907   0.0493918   0.0637898   0.0758677   0.0900165   0.1045730   0.1179321   0.1299362   0.1408841   0.1510157
   3.2630810   0.0540443   0.0680205   0.0785761   0.0892448   0.1031937   0.1173852   0.1301657   0.1415728   0.1519793   0.1616271
   3.2851289   0.0895416   0.0891591   0.0945362   0.1038559   0.1175018   0.1310753   0.1430668   0.1537365   0.1635063   0.1726006
   3.3071767   0.1217861   0.1115914   0.1112836   0.1196665   0.1329072   0.1455942   0.1565918   0.1663940   0.1754395   0.1839161
   3.3292246   0.1388372   0.1338471   0.1284957   0.1366546   0.1493564   0.1608767   0.1706885   0.1795069   0.1877502   0.1955511
   3.3512724   0.1473190   0.1542630   0.1460154   0.1548120   0.1667739   0.1768421   0.1852962   0.1930324   0.2004070   0.2074814
   3.3733203   0.1775411   0.1711901   0.1639319   0.1741373   0.1850594   0.1933947   0.2003475   0.2069238   0.2133757   0.2196809
   3.3953681   0.2350291   0.1836213   0.1826096   0.1946192   0.2040850   0.2104258   0.2157694   0.2211314   0.2266202   0.2321219
   3.4174159   0.2657560   0.1922014   0.2026396   0.2162134   0.2236942   0.2278163   0.2314849   0.2356033   0.2401030   0.2447757
   3.4394638   0.2244275   0.2000345   0.2247066   0.2388138   0.2437021   0.2454397   0.2474151   0.2502865   0.2537851   0.2576125
   3.4615116   0.1471262   0.2124191   0.2493905   0.2622267   0.2638983   0.2631657   0.2634811   0.2651275   0.2676273   0.2706018
   3.4835595   0.1039598   0.2350768   0.2769450   0.2861514   0.2840528   0.2808653   0.2796057   0.2800732   0.2815897   0.2837128
   3.5056073   0.1278220   0.2714573   0.3071139   0.3101754   0.3039252   0.2984152   0.2957155   0.2950719   0.2956331   0.2969147
   3.5276552   0.2255735   0.3205936   0.3390402   0.3337875   0.3232772   0.3157028   0.3117426   0.3100742   0.3097189   0.3101767
   3.5497030   0.3948347   0.3769391   0.3713046   0.3564110   0.3418875   0.3326308   0.3276260   0.3250331   0.3238095   0.3234686
   3.5717509   0.5730872   0.4324802   0.4020950   0.3774553   0.3595682   0.3491213   0.3433125   0.3399051   0.3378688   0.3367607
   3.5937987   0.6407277   0.4798831   0.4294723   0.3963800   0.3761804   0.3651189   0.3587577   0.3546501   0.3518624   0.3500245
   3.6158465   0.5675850   0.5147051   0.4516796   0.4127647   0.3916480   0.3805924   0.3739264   0.3692321   0.3657581   0.3632325
   3.6378944   0.4844283   0.5354834   0.4674304   0.4263728   0.4059674   0.3955346   0.3887916   0.3836189   0.3795258   0.3763585
   3.6599422   0.5220282   0.5422681   0.4761257   0.4372018   0.4192113   0.4099612   0.4033347   0.3977825   0.3931378   0.3893780
   3.6819901   0.6390280   0.5353633   0.4779682   0.4455086   0.4315255   0.4239071   0.4175439   0.4116986   0.4065687   0.4022678
   3.7040379   0.6804263   0.5155684   0.4739625   0.4518063   0.4431175   0.4374216   0.4314133   0.4253466   0.4197958   0.4150066
   3.7260858   0.5747453   0.4855064   0.4658119   0.4568298   0.4542395   0.4505624   0.4449408   0.4387093   0.4327990   0.4275751
   3.7481336   0.4006347   0.4503956   0.4557348   0.4614698   0.4651632   0.4633890   0.4581273   0.4517722   0.4455605   0.4399557
   3.7701815   0.2820230   0.4170641   0.4462312   0.4666840   0.4761526   0.4759555   0.4709742   0.4645241   0.4580652   0.4521326
   3.7922293   0.2762978   0.3916554   0.4398321   0.4733914   0.4874352   0.4883044   0.4834832   0.4769556   0.4703002   0.4640921
   3.8142771   0.3411628   0.3776881   0.4388559   0.4823622   0.4991744   0.5004618   0.4956543   0.4890597   0.4822552   0.4758226
   3.8363250   0.3868922   0.3758366   0.4451833   0.4941162   0.5114489   0.5124335   0.5074858   0.5008313   0.4939218   0.4873140
   3.8583728   0.3767812   0.3854316   0.4600488   0.5088420   0.5242393   0.5242041   0.5189737   0.5122668   0.5052940   0.4985584
   3.8804207   0.3578109   0.4065082   0.4838464   0.5263493   0.5374253   0.5357382   0.5301125   0.5233644   0.5163676   0.5095496
   3.9024685   0.3823188   0.4410243   0.5159582   0.5460634   0.5507944   0.5469834   0.5408951   0.5341238   0.5271405   0.5202831
   3.9245164   0.4332212   0.4923731   0.5546405   0.5670671   0.5640614   0.5578764   0.5513146   0.5445460   0.5376123   0.5307563
   3.9465642   0.4535519   0.5630188   0.5970287   0.5881885   0.5768979   0.5683496   0.5613647   0.5546339   0.5477842   0.5409681
   3.9686121   0.4610131   0.6509151   0.6393275   0.6081293   0.5889674   0.5783392   0.5710417   0.5643918   0.5576592   0.5509187
   3.9906599   0.5833926   0.7464348   0.6772266   0.6256182   0.5999640   0.5877927   0.5803452   0.5738257   0.5672416   0.5606102
   4.0127078   0.9116173   0.8322608   0.7065204   0.6395712   0.6096490   0.5966762   0.5892789   0.5829431   0.5765373   0.5700456
   4.0347556   1.3120001   0.8878608   0.7238316   0.6492376   0.6178810   0.6049798   0.5978521   0.5917532   0.5855531   0.5792294
   4.0568034   1.4644335   0.8974429   0.7272805   0.6543097   0.6246370   0.6127201   0.6060789   0.6002667   0.5942974   0.5881670
   4.0788513   1.2048967   0.8573302   0.7169242   0.6549783   0.6300202   0.6199409   0.6139786   0.6084958   0.6027793   0.5968651
   4.1008991   0.7460602   0.7781803   0.6948382   0.6519254   0.6342534   0.6267107   0.6215746   0.6164536   0.6110091   0.6053312
   4.1229470   0.4203841   0.6804582   0.6648036   0.6462521   0.6376600   0.6331171   0.6288938   0.6241544   0.6189978   0.6135734
   4.1449948   0.3414039   0.5859720   0.6316719   0.6393519   0.6406320   0.6392596   0.6359645   0.6316132   0.6267571   0.6216008
   4.1670427   0.3957523   0.5105755   0.6005589   0.6327454   0.6435899   0.6452410   0.6428156   0.6388456   0.6342994   0.6294229
   4.1890905   0.4307441   0.4616222   0.5760515   0.6279018   0.6469393   0.6511573   0.6494743   0.6458672   0.6416376   0.6370496
   4.2111384   0.3977000   0.4400036   0.5615830   0.6260682   0.6510272   0.6570894   0.6559650   0.6526939   0.6487850   0.6444912
   4.2331862   0.3503687   0.4437980   0.5590712   0.6281316   0.6561053   0.6630954   0.6623086   0.6593415   0.6557550   0.6517582
   4.2552340   0.3463926   0.4705198   0.5688370   0.6345265   0.6623019   0.6692050   0.6685211   0.6658253   0.6625614   0.6588610
   4.2772819   0.3988497   0.5170213   0.5897671   0.6451992   0.6696079   0.6754177   0.6746141   0.6721607   0.6692179   0.6658102
   4.2993297   0.5037181   0.5782318   0.6196421   0.6596255   0.6778763   0.6817033   0.6805950   0.6783628   0.6757382   0.6726159
   4.3213776   0.6534494   0.6466326   0.6555466   0.6768789   0.6868372   0.6880065   0.6864677   0.6844465   0.6821357   0.6792880
   4.3434254   0.8161164   0.7135372   0.6942776   0.6957343   0.6961254   0.6942538   0.6922348   0.6904264   0.6884236   0.6858359
   4.3654733   0.9274036   0.7717133   0.7326878   0.7147961   0.7053190   0.7003624   0.6978982   0.6963175   0.6946145   0.6922683
   4.3875211   0.9321246   0.8177362   0.7679238   0.7326357   0.7139834   0.7062518   0.7034617   0.7021346   0.7007203   0.6985931
   4.4095690   0.8540954   0.8524363   0.7975548   0.7479262   0.7217191   0.7118536   0.7089324   0.7078926   0.7067523   0.7048173
   4.4316168   0.7954578   0.8789576   0.8196179   0.7595650   0.7282054   0.7171223   0.7143219   0.7136063   0.7127204   0.7109469
   4.4536646   0.8317182   0.8995412   0.8326298   0.7667763   0.7332379   0.7220425   0.7196476   0.7192905   0.7186336   0.7169864
   4.4757125   0.9403550   0.9130601   0.8356202   0.7691872   0.7367550   0.7266348   0.7249327   0.7249592   0.7244992   0.7229393
   4.4977603   1.0417017   0.9148680   0.8282191   0.7668728   0.7388511   0.7309565   0.7302055   0.7306258   0.7303231   0.7288073
   4.5198082   1.0657767   0.8990292   0.8107948   0.7603666   0.7397741   0.7350997   0.7354989   0.7363021   0.7361089   0.7345908
   4.5418560   1.0018950   0.8615738   0.7846019   0.7506325   0.7399077   0.7391850   0.7408481   0.7419978   0.7418584   0.7402884
   4.5639039   0.8962654   0.8030039   0.7518702   0.7389979   0.7397398   0.7433522   0.7462880   0.7477202   0.7475710   0.7458970
   4.5859517   0.7705402   0.7289418   0.7157704   0.7270485   0.7398190   0.7477483   0.7518511   0.7534732   0.7532434   0.7514117
   4.6079996   0.6137115   0.6489052   0.6802142   0.7164913   0.7407037   0.7525141   0.7575638   0.7592567   0.7588699   0.7568256
   4.6300474   0.4629636   0.5740312   0.6494913   0.7089948   0.7429076   0.7577706   0.7634440   0.7650661   0.7644420   0.7621303
   4.6520952   0.3784271   0.5148114   0.6277864   0.7060206   0.7468481   0.7636066   0.7694987   0.7708921   0.7699483   0.7673154
   4.6741431   0.3597614   0.4795937   0.6186475   0.7086636   0.7528020   0.7700688   0.7757218   0.7767201   0.7753746   0.7723688
   4.6961909   0.3611222   0.4739789   0.6244926   0.7175185   0.7608727   0.7771548   0.7820932   0.7825301   0.7807041   0.7772767
   4.7182388   0.3603976   0.5006641   0.6462310   0.7325915   0.7709749   0.7848107   0.7885786   0.7882973   0.7859174   0.7820238
   4.7402866   0.3884699   0.5591819   0.6830578   0.7532696   0.7828352   0.7929328   0.7951300   0.7939918   0.7909928   0.7865935
   4.7623345   0.4953500   0.6454507   0.7324529   0.7783558   0.7960131   0.8013736   0.8016876   0.7995796   0.7959062   0.7909679
   4.7843823   0.6917486   0.7516522   0.7903886   0.8061707   0.8099376   0.8099520   0.8081820   0.8050231   0.8006320   0.7951280
   4.8064302   0.9245960   0.8670401   0.8517245   0.8347124   0.8239582   0.8184658   0.8145373   0.8102819   0.8051431   0.7990541
   4.8284780   1.1055080   0.9796571   0.9107487   0.8618590   0.8374035   0.8267065   0.8206744   0.8153141   0.8094111   0.8027260
   4.8505259   1.1913846   1.0781820   0.9618080   0.8855914   0.8496432   0.8344741   0.8265148   0.8200767   0.8134074   0.8061230
   4.8725737   1.2372862   1.1530299   0.9999626   0.9042117   0.8601452   0.8415909   0.8319834   0.8245270   0.8171027   0.8092246
   4.8946215   1.3144286   1.1965759   1.0215914   0.9165294   0.8685233   0.8479130   0.8370120   0.8286234   0.8204685   0.8120104
   4.9166694   1.3980635   1.2032394   1.0248739   0.9219932   0.8745692   0.8533386   0.8415411   0.8323263   0.8234765   0.8144607
   4.9387172   1.4020302   1.1702997   1.0100780   0.9207499   0.8782655   0.8578119   0.8455217   0.8355986   0.8260997   0.8165562
   4.9607651   1.3006408   1.0995270   0.9795953   0.9136218   0.8797792   0.8613228   0.8489159   0.8384064   0.8283126   0.8182793
   4.9828129   1.1279467   0.9987079   0.9376924   0.9020042   0.8794355   0.8639027   0.8516967   0.8407194   0.8300914   0.8196132
   5.0048608   0.8969832   0.8817547   0.8899890   0.8876942   0.8776757   0.8656162   0.8538471   0.8425112   0.8314145   0.8205430
   5.0269086   0.6363206   0.7666320   0.8427223   0.8726725   0.8750037   0.8665505   0.8553585   0.8437589   0.8322627   0.8210557
   5.0489565   0.4284011   0.6714621   0.8019045   0.8588653   0.8719278   0.8668029   0.8562288   0.8444437   0.8326196   0.8211402
   5.0710043   0.3359825   0.6102068   0.7725080   0.8479160   0.8689039   0.8664691   0.8564598   0.8445503   0.8324715   0.8207879
   5.0930521   0.3644649   0.5896606   0.7578119   0.8409973   0.8662870   0.8656313   0.8560557   0.8440672   0.8318080   0.8199926
   5.1151000   0.4825005   0.6088943   0.7590126   0.8386850   0.8642958   0.8643490   0.8550207   0.8429860   0.8306218   0.8187506
   5.1371478   0.6256293   0.6610322   0.7751469   0.8409103   0.8629944   0.8626537   0.8533575   0.8413016   0.8289090   0.8170614
   5.1591957   0.7296162   0.7360908   0.8033199   0.8469933   0.8622918   0.8605454   0.8510667   0.8390123   0.8266693   0.8149272
   5.1812435   0.7965443   0.8233276   0.8391782   0.8557518   0.8619594   0.8579944   0.8481464   0.8361191   0.8239061   0.8123530
   5.2032914   0.8919861   0.9123033   0.8775434   0.8656686   0.8616632   0.8549450   0.8445925   0.8326268   0.8206263   0.8093472
   5.2253392   1.0534570   0.9930205   0.9131100   0.8750925   0.8610058   0.8513231   0.8403998   0.8285433   0.8168408   0.8059213
   5.2473871   1.2152299   1.0561001   0.9411201   0.8824467   0.8595735   0.8470449   0.8355635   0.8238801   0.8125642   0.8020896
   5.2694349   1.2785676   1.0936129   0.9579371   0.8864159   0.8569822   0.8420265   0.8300809   0.8186531   0.8078151   0.7978698
   5.2914827   1.2470409   1.1003928   0.9614595   0.8860895   0.8529171   0.8361938   0.8239536   0.8128821   0.8026159   0.7932823
   5.3135306   1.1974353   1.0752038   0.9513258   0.8810433   0.8471626   0.8294911   0.8171892   0.8065920   0.7969929   0.7883508
   5.3355784   1.1460265   1.0212771   0.9288871   0.8713534   0.8396182   0.8218873   0.8098035   0.7998124   0.7909763   0.7831013
   5.3576263   1.0372248   0.9460805   0.8969450   0.8575439   0.8303018   0.8133810   0.8018217   0.7925783   0.7845998   0.7775625
   5.3796741   0.8563291   0.8603254   0.8592869   0.8404801   0.8193397   0.8040017   0.7932793   0.7849299   0.7779008   0.7717657
   5.4017220   0.6732862   0.7762374   0.8200847   0.8212269   0.8069466   0.7938100   0.7842230   0.7769130   0.7709199   0.7657439
   5.4237698   0.5541072   0.7053039   0.7832488   0.8008937   0.7933993   0.7828939   0.7747102   0.7685783   0.7637007   0.7595321
   5.4458177   0.5049086   0.6560568   0.7518437   0.7804913   0.7790069   0.7713651   0.7648090   0.7599818   0.7562894   0.7531666
   5.4678655   0.5077876   0.6325646   0.7276652   0.7608197   0.7640835   0.7593529   0.7545967   0.7511838   0.7487346   0.7466849
   5.4899134   0.5458933   0.6339933   0.7110537   0.7424014   0.7489238   0.7469987   0.7441583   0.7422482   0.7410865   0.7401251
   5.5119612   0.5989586   0.6550902   0.7009738   0.7254666   0.7337868   0.7344493   0.7335855   0.7332425   0.7333963   0.7335255
   5.5340090   0.6596103   0.6872316   0.6953417   0.7099857   0.7188864   0.7218522   0.7229741   0.7242361   0.7257160   0.7269241
   5.5560569   0.7463040   0.7198765   0.6915308   0.6957403   0.7043889   0.7093505   0.7124222   0.7152997   0.7180974   0.7203582
   5.5781047   0.8595576   0.7425312   0.6869512   0.6824137   0.6904180   0.6970800   0.7020287   0.7065042   0.7105914   0.7138642
   5.6001526   0.9357979   0.7471704   0.6795821   0.6696853   0.6770628   0.6851665   0.6918909   0.6979195   0.7032474   0.7074763
   5.6222004   0.8999960   0.7304841   0.6683496   0.6573086   0.6643882   0.6737251   0.6821031   0.6896133   0.6961124   0.7012270
   5.6442483   0.7600342   0.6949041   0.6532776   0.6451629   0.6524459   0.6628593   0.6727549   0.6816503   0.6892304   0.6951459
   5.6662961   0.6022481   0.6476929   0.6353893   0.6332707   0.6412828   0.6526619   0.6639300   0.6740905   0.6826416   0.6892595
   5.6883440   0.5017190   0.5984065   0.6163996   0.6217826   0.6309473   0.6432152   0.6557050   0.6669884   0.6763814   0.6835909
   5.7103918   0.4682308   0.5559751   0.5982776   0.6109377   0.6214921   0.6345922   0.6481481   0.6603921   0.6704804   0.6781593
   5.7324396   0.4677579   0.5266864   0.5827906   0.6010098   0.6129745   0.6268574   0.6413184   0.6543419   0.6649629   0.6729796
   5.7544875   0.4637136   0.5135093   0.5711335   0.5922540   0.6054548   0.6200669   0.6352651   0.6488695   0.6598472   0.6680623
   5.7765353   0.4444256   0.5162479   0.5637259   0.5848633   0.5989930   0.6142692   0.6300262   0.6439976   0.6551444   0.6634132
   5.7985832   0.4424710   0.5318124   0.5602121   0.5789448   0.5936464   0.6095043   0.6256281   0.6397386   0.6508589   0.6590333
   5.8206310   0.5090466   0.5544877   0.5596483   0.5745168   0.5894667   0.6058034   0.6220846   0.6360944   0.6469872   0.6549186
   5.8426789   0.6356276   0.5767475   0.5608162   0.5715249   0.5864986   0.6031872   0.6193959   0.6330560   0.6435185   0.6510605
   5.8647267   0.7333167   0.5911092   0.5625685   0.5698727   0.5847794   0.6016647   0.6175483   0.6306032   0.6404345   0.6474454
   5.8867746   0.7302319   0.5927314   0.5641113   0.5694570   0.5843386   0.6012306   0.6165128   0.6287043   0.6377097   0.6440555
   5.9088224   0.6526457   0.5816043   0.5651448   0.5702018   0.5851972   0.6018635   0.6162451   0.6273168   0.6353115   0.6408684
   5.9308702   0.5642315   0.5630251   0.5658393   0.5720832   0.5873662   0.6035225   0.6166846   0.6263874   0.6332006   0.6378581
   5.9529181   0.4767976   0.5457350   0.5666755   0.5751427   0.5908432   0.6061455   0.6177551   0.6258525   0.6313322   0.6349951
   5.9749659   0.3886691   0.5382293   0.5682287   0.5794855   0.5956065   0.6096462   0.6193641   0.6256396   0.6296561   0.6322470
   5.9970138   0.3604138   0.5447613   0.5709945   0.5852657   0.6016077   0.6139124   0.6214042   0.6256679   0.6281178   0.6295789
   6.0190616   0.4672809   0.5630004   0.5753291   0.5926584   0.6087624   0.6188045   0.6237540   0.6258500   0.6266598   0.6269546
   6.0411095   0.6734856   0.5848122   0.5815204   0.6018216   0.6169401   0.6241557   0.6262799   0.6260935   0.6252221   0.6243365
   6.0631573   0.8168791   0.6002009   0.5899385   0.6128499   0.6259551   0.6297727   0.6288382   0.6263027   0.6237441   0.6216867
   6.0852052   0.7902577   0.6027004   0.6011601   0.6257250   0.6355596   0.6354382   0.6312786   0.6263807   0.6221651   0.6189680
   6.1072530   0.6592222   0.5935059   0.6159606   0.6402678   0.6454413   0.6409155   0.6334471   0.6262315   0.6204261   0.6161440
   6.1293009   0.5217772   0.5821101   0.6351135   0.6560999   0.6552251   0.6459539   0.6351901   0.6257625   0.6184708   0.6131800
   6.1513487   0.4057264   0.5828865   0.6590217   0.6726221   0.6644831   0.6502968   0.6363587   0.6248865   0.6162467   0.6100440
   6.1733965   0.3430444   0.6089493   0.6872944   0.6890188   0.6727492   0.6536901   0.6368133   0.6235238   0.6137066   0.6067068
   6.1954444   0.3929333   0.6658349   0.7184324   0.7042938   0.6795415   0.6558925   0.6364280   0.6216047   0.6108092   0.6031428
   6.2174922   0.5874292   0.7477469   0.7497737   0.7173378   0.6843882   0.6566860   0.6350948   0.6190709   0.6075200   0.5993304
   6.2395401   0.9019624   0.8382511   0.7777753   0.7270241   0.6868579   0.6558859   0.6327279   0.6158776   0.6038126   0.5952525
   6.2615879   1.2210332   0.9155229   0.7985948   0.7323207   0.6865888   0.6533508   0.6292667   0.6119943   0.5996685   0.5908965
   6.2836358   1.3656066   0.9600753   0.8088312   0.7324036   0.6833159   0.6489907   0.6246788   0.6074060   0.5950777   0.5862546
   6.3056836   1.2626706   0.9614673   0.8062236   0.7267538   0.6768940   0.6427733   0.6189614   0.6021135   0.5900393   0.5813241
   6.3277315   1.0213767   0.9209334   0.7901167   0.7152222   0.6673114   0.6347273   0.6121420   0.5961334   0.5845605   0.5761069
   6.3497793   0.7990847   0.8491697   0.7615737   0.6980514   0.6546969   0.6249437   0.6042778   0.5894973   0.5786572   0.5706099
   6.3718271   0.6813255   0.7611775   0.7231208   0.6758519   0.6393156   0.6135730   0.5954542   0.5822513   0.5723528   0.5648443
   6.3938750   0.6379784   0.6712261   0.6782101   0.6495369   0.6215558   0.6008203   0.5857819   0.5744542   0.5656778   0.5588253
   6.4159228   0.5638728   0.5900018   0.6305520   0.6202282   0.6019090   0.5869368   0.5753929   0.5661758   0.5586690   0.5525719
   6.4379707   0.4329917   0.5239932   0.5834832   0.5891498   0.5809423   0.5722096   0.5644363   0.5574947   0.5513682   0.5461065
   6.4600185   0.3365312   0.4758847   0.5395082   0.5575253   0.5592676   0.5569491   0.5530722   0.5484960   0.5438212   0.5394540
   6.4820664   0.3395081   0.4449464   0.5000907   0.5264938   0.5375094   0.5414757   0.5414669   0.5392684   0.5360768   0.5326412
   6.5041142   0.4055023   0.4273807   0.4657046   0.4970530   0.5162734   0.5261061   0.5297863   0.5299020   0.5281851   0.5256966
   6.5261621   0.4558525   0.4171364   0.4360953   0.4700301   0.4961172   0.5111394   0.5181902   0.5204856   0.5201967   0.5186495
   6.5482099   0.4540102   0.4074293   0.4106614   0.4460765   0.4775256   0.4968451   0.5068274   0.5111038   0.5121611   0.5115294
   6.5702577   0.4363533   0.3926489   0.3888468   0.4256778   0.4608906   0.4834525   0.4958304   0.5018354   0.5041261   0.5043655
   6.5923056   0.4374534   0.3700631   0.3704457   0.4091676   0.4464969   0.4711424   0.4853116   0.4927511   0.4961360   0.4971859
   6.6143534   0.4132617   0.3408099   0.3557457   0.3967371   0.4345130   0.4600415   0.4753607   0.4839118   0.4882315   0.4900175
   6.6364013   0.3161691   0.3098006   0.3454804   0.3884349   0.4249882   0.4502198   0.4660425   0.4753677   0.4804486   0.4828854
   6.6584491   0.1892521   0.2843565   0.3406110   0.3841565   0.4178555   0.4416909   0.4573962   0.4671576   0.4728180   0.4758124
   6.6804970   0.1139562   0.2718487   0.3419993   0.3836290   0.4129395   0.4344151   0.4494363   0.4593081   0.4653650   0.4688189
   6.7025448   0.1315781   0.2772261   0.3500573   0.3863974   0.4099700   0.4283053   0.4421536   0.4518343   0.4581089   0.4619226
   6.7245927   0.2300048   0.3015530   0.3644676   0.3918242   0.4086009   0.4232350   0.4355176   0.4447401   0.4510634   0.4551385
   6.7466405   0.3467946   0.3421120   0.3840457   0.3991070   0.4084322   0.4190474   0.4294800   0.4380188   0.4442367   0.4484788
   6.7686883   0.4129935   0.3935885   0.4067826   0.4073213   0.4090363   0.4155665   0.4239780   0.4316548   0.4376316   0.4419531
   6.7907362   0.4286943   0.4492657   0.4300669   0.4154861   0.4099851   0.4126074   0.4189381   0.4256246   0.4312464   0.4355681
   6.8127840   0.4683190   0.5016224   0.4510438   0.4226458   0.4108768   0.4099868   0.4142808   0.4198984   0.4250748   0.4293284
   6.8348319   0.5976627   0.5427615   0.4670425   0.4279600   0.4113610   0.4075327   0.4099236   0.4144421   0.4191073   0.4232364
   6.8568797   0.7602336   0.5655585   0.4759885   0.4307868   0.4111584   0.4050916   0.4057855   0.4092183   0.4133316   0.4172925
   6.8789276   0.7959410   0.5656803   0.4767219   0.4307470   0.4100754   0.4025352   0.4017894   0.4041886   0.4077333   0.4114957
   6.9009754   0.6558997   0.5433931   0.4691636   0.4277596   0.4080108   0.3997632   0.3978649   0.3993144   0.4022967   0.4058441
   6.9230233   0.4730888   0.5037050   0.4543023   0.4220412   0.4049538   0.3967052   0.3939504   0.3945589   0.3970059   0.4003346
   6.9450711   0.3708295   0.4544531   0.4340122   0.4140701   0.4009751   0.3933194   0.3899940   0.3898879   0.3918449   0.3949642
   6.9671190   0.3525397   0.4034973   0.4107429   0.4045182   0.3962106   0.3895905   0.3859543   0.3852710   0.3867989   0.3897294
   6.9891668   0.3535882   0.3567765   0.3871439   0.3941625   0.3908405   0.3855245   0.3818004   0.3806820   0.3818546   0.3846275
   7.0112146   0.3170258   0.3181016   0.3656858   0.3837860   0.3850655   0.3811446   0.3775118   0.3761001   0.3770008   0.3796563
   7.0332625   0.2498749   0.2900984   0.3483375   0.3740848   0.3790832   0.3764844   0.3730772   0.3715096   0.3722286   0.3748146
   7.0553103   0.1973446   0.2749626   0.3363395   0.3655898   0.3730665   0.3715836   0.3684936   0.3669005   0.3675323   0.3701023
   7.0773582   0.1759382   0.2741445   0.3300960   0.3586162   0.3671475   0.3664823   0.3637658   0.3622684   0.3629090   0.3655211
   7.0994060   0.1878190   0.2871862   0.3291942   0.3532421   0.3614068   0.3612181   0.3589048   0.3576146   0.3583594   0.3610739
   7.1214539   0.2549638   0.3107560   0.3325388   0.3493191   0.3558701   0.3558229   0.3539269   0.3529456   0.3538872   0.3567657
   7.1435017   0.3705689   0.3389011   0.3385732   0.3465099   0.3505119   0.3503228   0.3488534   0.3482731   0.3494997   0.3526031
   7.1655496   0.4687245   0.3647466   0.3455471   0.3443456   0.3452646   0.3447383   0.3437092   0.3436136   0.3452074   0.3485946
   7.1875974   0.4943807   0.3828639   0.3517777   0.3422945   0.3400332   0.3390857   0.3385234   0.3389879   0.3410238   0.3447506
   7.2096452   0.4515326   0.3909982   0.3558608   0.3398317   0.3347117   0.3333802   0.3333283   0.3344207   0.3369654   0.3410830
   7.2316931   0.3817830   0.3901753   0.3568009   0.3365026   0.3292005   0.3276387   0.3281594   0.3299400   0.3330511   0.3376055
   7.2537409   0.3394220   0.3832176   0.3540557   0.3319720   0.3234228   0.3218829   0.3230556   0.3255771   0.3293023   0.3343336
   7.2757888   0.3471805   0.3726833   0.3475123   0.3260572   0.3173375   0.3161426   0.3180590   0.3213655   0.3257421   0.3312836
   7.2978366   0.3745863   0.3595172   0.3374237   0.3187404   0.3109477   0.3104575   0.3132148   0.3173406   0.3223953   0.3284734
   7.3198845   0.3895166   0.3431111   0.3243350   0.3101646   0.3043049   0.3048784   0.3085706   0.3135392   0.3192878   0.3259218
   7.3419323   0.3806581   0.3224924   0.3090146   0.3006128   0.2975075   0.2994678   0.3041765   0.3099987   0.3164462   0.3236483
   7.3639802   0.3337270   0.2976909   0.2923913   0.2904760   0.2906949   0.2942986   0.3000842   0.3067569   0.3138977   0.3216730
   7.3860280   0.2568876   0.2703834   0.2754906   0.2802130   0.2840381   0.2894520   0.2963458   0.3038510   0.3116692   0.3200164
   7.4080758   0.1979497   0.2435204   0.2593583   0.2703077   0.2777274   0.2850147   0.2930134   0.3013170   0.3097874   0.3186993
   7.4301237   0.1812988   0.2203051   0.2449742   0.2612266   0.2719592   0.2810754   0.2901374   0.2991895   0.3082782   0.3177423
   7.4521715   0.1762972   0.2031643   0.2331619   0.2533825   0.2669226   0.2777208   0.2877652   0.2975009   0.3071668   0.3171660
   7.4742194   0.1584194   0.1931715   0.2245114   0.2471048   0.2627880   0.2750314   0.2859405   0.2962809   0.3064770   0.3169904
   7.4962672   0.1500163   0.1900320   0.2193307   0.2426217   0.2596969   0.2730781   0.2847015   0.2955562   0.3062310   0.3172355
   7.5183151   0.1759425   0.1925071   0.2176324   0.2400525   0.2577551   0.2719188   0.2840800   0.2953501   0.3064500   0.3179204
   7.5403629   0.2143816   0.1990670   0.2191570   0.2394122   0.2570291   0.2715961   0.2841009   0.2956824   0.3071531   0.3190638
   7.5624108   0.2249746   0.2085072   0.2234260   0.2406250   0.2575453   0.2721352   0.2847812   0.2965693   0.3083582   0.3206836
   7.5844586   0.2084969   0.2202132   0.2298156   0.2435458   0.2592914   0.2735440   0.2861301   0.2980234   0.3100814   0.3227971
   7.6065065   0.2003751   0.2338817   0.2376435   0.2479849   0.2622208   0.2758122   0.2881489   0.3000538   0.3123374   0.3254209
   7.6285543   0.2207691   0.2488498   0.2462652   0.2537324   0.2662573   0.2789136   0.2908316   0.3026669   0.3151398   0.3285707
   7.6506021   0.2635461   0.2635432   0.2551675   0.2605792   0.2713016   0.2828071   0.2941657   0.3058662   0.3185010   0.3322618
   7.6726500   0.3115631   0.2755996   0.2640483   0.2683310   0.2772373   0.2874396   0.2981332   0.3096535   0.3224326   0.3365085
   7.6946978   0.3440704   0.2828422   0.2728596   0.2768146   0.2839375   0.2927489   0.3027124   0.3140294   0.3269455   0.3413247
   7.7167457   0.3475631   0.2846773   0.2817939   0.2858758   0.2912696   0.2986674   0.3078792   0.3189936   0.3320505   0.3467234
   7.7387935   0.3137768   0.2830768   0.2912015   0.2953728   0.2991014   0.3051251   0.3136090   0.3245466   0.3377582   0.3527171
   7.7608414   0.2450541   0.2823786   0.3014492   0.3051663   0.3073055   0.3120539   0.3198786   0.3306896   0.3440793   0.3593172
   7.7828892   0.1845480   0.2877233   0.3127529   0.3151118   0.3157635   0.3193906   0.3266684   0.3374259   0.3510250   0.3665348
   7.8049371   0.1905638   0.3027305   0.3250378   0.3250568   0.3243703   0.3270806   0.3339637   0.3447612   0.3586068   0.3743797
   7.8269849   0.2662512   0.3275411   0.3378772   0.3348454   0.3330376   0.3350812   0.3417566   0.3527044   0.3668369   0.3828609
   7.8490327   0.3627627   0.3582520   0.3505465   0.3443294   0.3416983   0.3433640   0.3500476   0.3612679   0.3757276   0.3919861
   7.8710806   0.4500382   0.3880965   0.3621872   0.3533855   0.3503088   0.3519171   0.3588465   0.3704677   0.3852919   0.4017614
   7.8931284   0.5181468   0.4098857   0.3720376   0.3619326   0.3588523   0.3607477   0.3681732   0.3803239   0.3955427   0.4121914
   7.9151763   0.5334349   0.4186949   0.3796592   0.3699477   0.3673413   0.3698825   0.3780581   0.3908599   0.4064926   0.4232787
   7.9372241   0.4884549   0.4137531   0.3850815   0.3774733   0.3758180   0.3793689   0.3885417   0.4021022   0.4181534   0.4350232
   7.9592720   0.4247959   0.3988555   0.3888139   0.3846166   0.3843559   0.3892746   0.3996744   0.4140795   0.4305357   0.4474225
   7.9813198   0.3553278   0.3811282   0.3917188   0.3915400   0.3930590   0.3996871   0.4115148   0.4268221   0.4436479   0.4604706
   8.0033677   0.2734750   0.3684930   0.3947862   0.3984443   0.4020608   0.4107122   0.4241284   0.4403602   0.4574957   0.4741583
   8.0254155   0.2207285   0.3666932   0.3988834   0.4055511   0.4115230   0.4224710   0.4375854   0.4547226   0.4720811   0.4884721
   8.0474633   0.2601257   0.3771022   0.4045598   0.4130870   0.4216330   0.4350974   0.4519574   0.4699351   0.4874017   0.5033941
   8.0695112   0.3959017   0.3964357   0.4119630   0.4212760   0.4326010   0.4487334   0.4673154   0.4860188   0.5034496   0.5189016
   8.0915590   0.5335202   0.4186495   0.4208815   0.4303407   0.4446562   0.4635244   0.4837254   0.5029880   0.5202104   0.5349665
   8.1136069   0.5605685   0.4380447   0.4308876   0.4405127   0.4580423   0.4796132   0.5012451   0.5208487   0.5376629   0.5515553
   8.1356547   0.4843058   0.4517930   0.4415307   0.4520495   0.4730104   0.4971335   0.5199204   0.5395964   0.5557778   0.5686285
   8.1577026   0.4123963   0.4604797   0.4525222   0.4652521   0.4898110   0.5162030   0.5397815   0.5592146   0.5745168   0.5861405
   8.1797504   0.4093556   0.4666570   0.4638755   0.4804775   0.5086831   0.5369162   0.5608390   0.5796730   0.5938329   0.6040398
   8.2017983   0.4523807   0.4727118   0.4759818   0.4981401   0.5298411   0.5593366   0.5830812   0.6009267   0.6136692   0.6222684
   8.2238461   0.4959948   0.4795902   0.4896236   0.5186965   0.5534598   0.5834904   0.6064710   0.6229147   0.6339589   0.6407621
   8.2458939   0.5180433   0.4870583   0.5059332   0.5426139   0.5796578   0.6093599   0.6309441   0.6455597   0.6546255   0.6594512
   8.2679418   0.5179082   0.4950490   0.5262996   0.5703207   0.6084810   0.6368788   0.6564073   0.6687675   0.6755827   0.6782600
   8.2899896   0.5025300   0.5050812   0.5522207   0.6021458   0.6398869   0.6659286   0.6827380   0.6924277   0.6967350   0.6971078
   8.3120375   0.4849329   0.5208938   0.5851008   0.6382530   0.6737325   0.6963372   0.7097849   0.7164140   0.7179785   0.7159091
   8.3340853   0.4799793   0.5479368   0.6260037   0.6785804   0.7097665   0.7278796   0.7373694   0.7405856   0.7392012   0.7345747
   8.3561332   0.4861009   0.5918151   0.6753961   0.7227951   0.7476280   0.7602809   0.7652877   0.7647887   0.7602849   0.7530121
   8.3781810   0.5047001   0.6561507   0.7329290   0.7702713   0.7868520   0.7932216   0.7933143   0.7888584   0.7811058   0.7711262
   8.4002289   0.5871571   0.7406819   0.7973140   0.8200998   0.8268830   0.8263452   0.8212059   0.8126216   0.8015363   0.7888209
   8.4222767   0.7834951   0.8405644   0.8663389   0.8711310   0.8670957   0.8592679   0.8487068   0.8358990   0.8214468   0.8059994
   8.4443246   1.0279198   0.9474430   0.9370399   0.9220478   0.9068208   0.8915891   0.8755534   0.8585085   0.8407068   0.8225658
   8.4663724   1.1907629   1.0518669   1.0060129   0.9714636   0.9453756   0.9229034   0.9014807   0.8802682   0.8591875   0.8384258
   8.4884202   1.2415376   1.1457010   1.0698197   1.0180319   0.9820956   0.9528124   0.9262274   0.9009996   0.8767629   0.8534880
   8.5104681   1.2524413   1.2232032   1.1254231   1.0605546   1.0163643   0.9809368   0.9495423   0.9205305   0.8933120   0.8676649
   8.5325159   1.3006665   1.2805634   1.1705788   1.0980736   1.0476399   1.0069268   0.9711893   0.9386985   0.9087207   0.8808740
   8.5545638   1.4124478   1.3150231   1.2041212   1.1299346   1.0754755   1.0304713   0.9909527   0.9553534   0.9228830   0.8930387
   8.5766116   1.5121512   1.3249835   1.2260859   1.1558130   1.0995313   1.0513052   1.0086412   0.9703601   0.9357029   0.9040895
   8.5986595   1.4869906   1.3114688   1.2376426   1.1757014   1.1195793   1.0692150   1.0240921   0.9836009   0.9470958   0.9139645
   8.6207073   1.3526611   1.2798460   1.2408354   1.1898607   1.1355001   1.0840412   1.0371736   0.9949773   0.9569896   0.9226101
   8.6427552   1.2087706   1.2400855   1.2381718   1.1987449   1.1472727   1.0956793   1.0477867   1.0044112   0.9653254   0.9299819
   8.6648030   1.0868816   1.2045509   1.2321371   1.2029122   1.1549600   1.1040790   1.0558669   1.0118465   0.9720588   0.9360450
   8.6868508   0.9922154   1.1838117   1.2247401   1.2029381   1.1586914   1.1092412   1.0613833   1.0172493   0.9771598   0.9407742
   8.7088987   0.9759890   1.1823360   1.2171933   1.1993420   1.1586453   1.1112142   1.0643389   1.0206080   0.9806135   0.9441546
   8.7309465   1.0898614   1.1963983   1.2097988   1.1925388   1.1550329   1.1100887   1.0647687   1.0219331   0.9824194   0.9461808
   8.7529944   1.3120738   1.2157332   1.2020533   1.1828190   1.1480855   1.1059930   1.0627379   1.0212563   0.9825921   0.9468577
   8.7750422   1.5003039   1.2285053   1.1929233   1.1703573   1.1380455   1.0990872   1.0583393   1.0186296   0.9811596   0.9461996
   8.7970901   1.4752699   1.2269885   1.1811972   1.1552431   1.1251612   1.0895584   1.0516903   1.0141234   0.9781635   0.9442301
   8.8191379   1.2347574   1.2105365   1.1658152   1.1375255   1.1096854   1.0776151   1.0429300   1.0078251   0.9736575   0.9409815
   8.8411858   1.0022617   1.1840268   1.1461007   1.1172609   1.0918770   1.0634831   1.0322152   0.9998370   0.9677062   0.9364938
   8.8632336   0.9825726   1.1531384   1.1218660   1.0945557   1.0720026   1.0474007   1.0197175   0.9902738   0.9603844   0.9308146
   8.8852814   1.1355952   1.1201445   1.0934015   1.0695962   1.0503394   1.0296150   1.0056191   0.9792608   0.9517748   0.9239976
   8.9073293   1.2544515   1.0833410   1.0613863   1.0426631   1.0271764   1.0103777   0.9901098   0.9669309   0.9419672   0.9161022
   8.9293771   1.2150525   1.0401771   1.0267578   1.0141285   1.0028138   0.9899419   0.9733832   0.9534227   0.9310566   0.9071921
   8.9514250   1.0508079   0.9911617   0.9905683   0.9844408   0.9775596   0.9685577   0.9556335   0.9388775   0.9191416   0.8973346
   8.9734728   0.8507764   0.9411327   0.9538546   0.9540979   0.9517245   0.9464693   0.9370525   0.9234375   0.9063231   0.8865995
   8.9955207   0.7088124   0.8967361   0.9175359   0.9236162   0.9256146   0.9239113   0.9178267   0.9072433   0.8927021   0.8750580
   9.0175685   0.6966081   0.8620080   0.8823602   0.8934976   0.8995227   0.9011053   0.8981344   0.8904318   0.8783789   0.8627820
   9.0396164   0.8032851   0.8354499   0.8489049   0.8641996   0.8737196   0.8782569   0.8781438   0.8731342   0.8634514   0.8498425
   9.0616642   0.9348271   0.8109242   0.8176210   0.8361096   0.8484457   0.8555532   0.8580107   0.8554744   0.8480136   0.8363098
   9.0837121   0.9814702   0.7819702   0.7888872   0.8095249   0.8239043   0.8331604   0.8378767   0.8375673   0.8321548   0.8222514
   9.1057599   0.8808319   0.7466692   0.7630326   0.7846408   0.8002574   0.8112220   0.8178679   0.8195177   0.8159583   0.8077325
   9.1278077   0.6652779   0.7096825   0.7402990   0.7615464   0.7776235   0.7898583   0.7980939   0.8014189   0.7995005   0.7928144
   9.1498556   0.4644343   0.6798839   0.7207502   0.7402281   0.7560784   0.7691656   0.7786468   0.7833523   0.7828506   0.7775545
   9.1719034   0.4139125   0.6649347   0.7041700   0.7205826   0.7356593   0.7492163   0.7596007   0.7653863   0.7660694   0.7620056
   9.1939513   0.5395817   0.6662122   0.6900137   0.7024375   0.7163700   0.7300601   0.7410117   0.7475765   0.7492097   0.7462158
   9.2159991   0.7321142   0.6773120   0.6774572   0.6855775   0.6981879   0.7117245   0.7229177   0.7299652   0.7323154   0.7302283
   9.2380470   0.8599984   0.6870827   0.6655535   0.6697749   0.6810721   0.6942163   0.7053391   0.7125817   0.7154223   0.7140810
   9.2600948   0.8843090   0.6853665   0.6534455   0.6548196   0.6649698   0.6775230   0.6882789   0.6954428   0.6985576   0.6978068
   9.2821427   0.8122458   0.6681006   0.6405618   0.6405453   0.6498227   0.6616139   0.6717237   0.6785532   0.6817404   0.6814337
   9.3041905   0.6529905   0.6389587   0.6267211   0.6268484   0.6355705   0.6464413   0.6556449   0.6619065   0.6649828   0.6649851
   9.3262383   0.4754562   0.6068019   0.6121142   0.6136962   0.6221521   0.6319417   0.6399996   0.6454861   0.6482896   0.6484799
   9.3482862   0.3855313   0.5805854   0.5971867   0.6011244   0.6095043   0.6180362   0.6247321   0.6292664   0.6316597   0.6319329
   9.3703340   0.4357259   0.5647111   0.5824852   0.5892222   0.5975574   0.6046314   0.6097759   0.6132144   0.6150869   0.6153556
   9.3923819   0.5826365   0.5573888   0.5685369   0.5781088   0.5862301   0.5916204   0.5950552   0.5972908   0.5985606   0.5987565
   9.4144297   0.6971260   0.5526348   0.5558022   0.5679010   0.5754219   0.5788837   0.5804871   0.5814523   0.5820672   0.5821414
   9.4364776   0.6702442   0.5443378   0.5446928   0.5586775   0.5650071   0.5662909   0.5659839   0.5656524   0.5655909   0.5655145
   9.4585254   0.5457224   0.5298298   0.5356078   0.5504428   0.5548292   0.5537027   0.5514560   0.5498438   0.5491145   0.5488787
   9.4805733   0.4618558   0.5111525   0.5289287   0.5430947   0.5446988   0.5409740   0.5368140   0.5339802   0.5326212   0.5322361
   9.5026211   0.4560643   0.4938894   0.5249326   0.5364010   0.5343940   0.5279577   0.5219717   0.5180175   0.5160951   0.5155891
   9.5246689   0.4433172   0.4846333   0.5236317   0.5299896   0.5236668   0.5145090   0.5068491   0.5019160   0.4995221   0.4989401
   9.5467168   0.3867323   0.4882824   0.5245898   0.5233558   0.5122518   0.5004911   0.4913751   0.4856417   0.4828912   0.4822929
   9.5687646   0.3640400   0.5059274   0.5267921   0.5158894   0.4998807   0.4857807   0.4754901   0.4691676   0.4661948   0.4656525
   9.5908125   0.4524988   0.5338627   0.5286397   0.5069210   0.4862990   0.4702738   0.4591481   0.4524752   0.4494300   0.4490259
   9.6128603   0.6237056   0.5642005   0.5281034   0.4957836   0.4712847   0.4538915   0.4423196   0.4355551   0.4325984   0.4324222
   9.6349082   0.7592160   0.5871406   0.5230220   0.4818843   0.4546662   0.4365851   0.4249923   0.4184078   0.4157069   0.4158528
   9.6569560   0.7653721   0.5940488   0.5114813   0.4647749   0.4363396   0.4183399   0.4071729   0.4010443   0.3987679   0.3993318
   9.6790039   0.6696572   0.5799024   0.4921831   0.4442124   0.4162804   0.3991781   0.3888872   0.3834860   0.3817994   0.3828758
   9.7010517   0.5755401   0.5440716   0.4647162   0.4201994   0.3945515   0.3791596   0.3701799   0.3657644   0.3648247   0.3665041
   9.7230996   0.5340663   0.4895773   0.4296631   0.3929982   0.3713038   0.3583812   0.3511140   0.3479208   0.3478722   0.3502384
   9.7451474   0.4913414   0.4218054   0.3885213   0.3631137   0.3467709   0.3369739   0.3317692   0.3300054   0.3309751   0.3341030
   9.7671952   0.3795805   0.3474828   0.3434612   0.3312502   0.3212572   0.3150987   0.3122397   0.3120760   0.3141709   0.3181239
   9.7892431   0.2242854   0.2739058   0.2969765   0.2982447   0.2951209   0.2929403   0.2926316   0.2941972   0.2975006   0.3023292
   9.8112909   0.1017054   0.2079467   0.2515057   0.2649901   0.2687536   0.2707001   0.2730599   0.2764384   0.2810080   0.2867484
   9.8333388   0.0422281   0.1546867   0.2091006   0.2323557   0.2425582   0.2485887   0.2536449   0.2588723   0.2647390   0.2714117
   9.8553866   0.0315499   0.1161838   0.1712018   0.2011183   0.2169264   0.2268172   0.2345093   0.2415736   0.2487406   0.2563502
   9.8774345   0.0518040   0.0911300   0.1385530   0.1719099   0.1922195   0.2055900   0.2157738   0.2246166   0.2330599   0.2415950
   9.8994823   0.0832092   0.0757239   0.1112501   0.1451875   0.1687513   0.1850969   0.1975546   0.2080741   0.2177436   0.2271769
   9.9215302   0.0983018   0.0653622   0.0888926   0.1212258   0.1467769   0.1655075   0.1799596   0.1920154   0.2028366   0.2131256
   9.9435780   0.0835312   0.0563202   0.0707860   0.1001293   0.1264858   0.1469659   0.1630864   0.1765049   0.1883817   0.1994698
   9.9656258   0.0524422   0.0466893   0.0561410   0.0818584   0.1080001   0.1295875   0.1470195   0.1616012   0.1744184   0.1862364
   9.9876737   0.0251664   0.0363407   0.0442267   0.0662646   0.0913771   0.1134572   0.1318290   0.1473552   0.1609825   0.1734500
  10.0097215   0.0093771   0.0262028   0.0344579   0.0531266   0.0766158   0.0986289   0.1175692   0.1338102   0.1481056   0.1611330
  10.0317694   0.0026692   0.0173849   0.0264162   0.0421839   0.0636653   0.0851267   0.1042787   0.1210005   0.1358142   0.1493048
  10.0538172   0.0005602   0.0105811   0.0198240   0.0331637   0.0524348   0.0729471   0.0919798   0.1089516   0.1241299   0.1379820
  10.0758651   0.0000838   0.0059000   0.0144953   0.0258004   0.0428045   0.0620618   0.0806795   0.0976799   0.1130689   0.1271777
  10.0979129   0.0000087   0.0030125   0.0102869   0.0198473   0.0346353   0.0524216   0.0703703   0.0871926   0.1026420   0.1169018
  10.1199608   0.0000006   0.0014083   0.0070635   0.0150825   0.0277778   0.0439606   0.0610316   0.0774885   0.0928545   0.1071610
  10.1420086   0.0000000   0.0006027   0.0046818   0.0113104   0.0220798   0.0366000   0.0526316   0.0685584   0.0837065   0.0979581
  10.1640564   0.0000000   0.0002361   0.0029902   0.0083604   0.0173927   0.0302523   0.0451286   0.0603856   0.0751928   0.0892930
  10.1861043   0.0000000   0.0000847   0.0018379   0.0060845   0.0135750   0.0248252   0.0384734   0.0529469   0.0673039   0.0811621
  10.2081521   0.0000000   0.0000278   0.0010862   0.0043551   0.0104960   0.0202243   0.0326110   0.0462136   0.0600254   0.0735588
  10.2302000   0.0000000   0.0000083   0.0006168   0.0030627   0.0080375   0.0163566   0.0274824   0.0401520   0.0533395   0.0664734
  10.2522478   0.0000000   0.0000023   0.0003364   0.0021142   0.0060941   0.0131321   0.0230263   0.0347251   0.0472247   0.0598938
  10.2742957   0.0000000   0.0000006   0.0001762   0.0014314   0.0045735   0.0104660   0.0191807   0.0298929   0.0416566   0.0538052
  10.2963435   0.0000000   0.0000001   0.0000885   0.0009499   0.0033964   0.0082796   0.0158843   0.0256137   0.0366085   0.0481909
  10.3183914   0.0000000   0.0000000   0.0000427   0.0006174   0.0024949   0.0065011   0.0130777   0.0218447   0.0320520   0.0430322
  10.3404392   0.0000000   0.0000000   0.0000198   0.0003929   0.0018122   0.0050664   0.0107039   0.0185432   0.0279572   0.0383091
  10.3624870   0.0000000   0.0000000   0.0000088   0.0002446   0.0013013   0.0039182   0.0087095   0.0156668   0.0242935   0.0340000
  10.3845349   0.0000000   0.0000000   0.0000037   0.0001490   0.0009233   0.0030070   0.0070449   0.0131742   0.0210298   0.0300828
  10.4065827   0.0000000   0.0000000   0.0000015   0.0000888   0.0006472   0.0022897   0.0056648   0.0110258   0.0181352   0.0265346
  10.4286306   0.0000000   0.0000000   0.0000006   0.0000517   0.0004480   0.0017297   0.0045279   0.0091841   0.0155792   0.0233320
  10.4506784   0.0000000   0.0000000   0.0000002   0.0000294   0.0003062   0.0012963   0.0035976   0.0076137   0.0133320   0.0204518
  10.4727263   0.0000000   0.0000000   0.0000001   0.0000164   0.0002066   0.0009636   0.0028413   0.0062817   0.0113651   0.0178708
  10.4947741   0.0000000   0.0000000   0.0000000   0.0000089   0.0001375   0.0007103   0.0022305   0.0051580   0.0096508   0.0155663
  10.5168220   0.0000000   0.0000000   0.0000000   0.0000047   0.0000903   0.0005193   0.0017403   0.0042150   0.0081634   0.0135159
  10.5388698   0.0000000   0.0000000   0.0000000   0.0000025   0.0000585   0.0003764   0.0013496   0.0034279   0.0068783   0.0116983
  10.5609177   0.0000000   0.0000000   0.0000000   0.0000012   0.0000374   0.0002705   0.0010402   0.0027743   0.0057730   0.0100928
  10.5829655   0.0000000   0.0000000   0.0000000   0.0000006   0.0000235   0.0001927   0.0007967   0.0022345   0.0048263   0.0086798
  10.6050133   0.0000000   0.0000000   0.0000000   0.0000003   0.0000146   0.0001360   0.0006065   0.0017910   0.0040191   0.0074406
  10.6270612   0.0000000   0.0000000   0.0000000   0.0000001   0.0000090   0.0000952   0.0004588   0.0014286   0.0033337   0.0063577
  10.6491090   0.0000000   0.0000000   0.0000000   0.0000001   0.0000054   0.0000660   0.0003448   0.0011339   0.0027543   0.0054149
  10.6711569   0.0000000   0.0000000   0.0000000   0.0000000   0.0000032   0.0000453   0.0002575   0.0008956   0.0022666   0.0045970
  10.6932047   0.0000000   0.0000000   0.0000000   0.0000000   0.0000019   0.0000309   0.0001911   0.0007039   0.0018579   0.0038899
  10.7152526   0.0000000   0.0000000   0.0000000   0.0000000   0.0000011   0.0000208   0.0001409   0.0005505   0.0015169   0.0032809
  10.7373004   0.0000000   0.0000000   0.0000000   0.0000000   0.0000006   0.0000139   0.0001032   0.0004285   0.0012335   0.0027582
  10.7593483   0.0000000   0.0000000   0.0000000   0.0000000   0.0000003   0.0000092   0.0000751   0.0003318   0.0009991   0.0023111
  10.7813961   0.0000000   0.0000000   0.0000000   0.0000000   0.0000002   0.0000060   0.0000543   0.0002556   0.0008060   0.0019302
  10.8034439   0.0000000   0.0000000   0.0000000   0.0000000   0.0000001   0.0000039   0.0000390   0.0001960   0.0006476   0.0016068
  10.8254918   0.0000000   0.0000000   0.0000000   0.0000000   0.0000001   0.0000025   0.0000278   0.0001495   0.0005183   0.0013332
  10.8475396   0.0000000   0.0000000   0.0000000   0.0000000   0.0000000   0.0000016   0.0000197   0.0001135   0.0004131   0.0011025
  10.8695875   0.0000000   0.0000000   0.0000000   0.0000000   0.0000000   0.0000010   0.0000138   0.0000857   0.0003279   0.0009087
  10.8916353   0.0000000   0.0000000   0.0000000   0.0000000   0.0000000   0.0000006   0.0000097   0.0000644   0.0002593   0.0007465
  10.9136832   0.0000000   0.0000000   0.0000000   0.0000000   0.0000000   0.0000004   0.0000067   0.0000481   0.0002042   0.0006112
  10.9357310   0.0000000   0.0000000   0.0000000   0.0000000   0.0000000   0.0000002   0.0000046   0.0000358   0.0001601   0.0004988
  10.9577789   0.0000000   0.0000000   0.0000000   0.0000000   0.0000000   0.0000001   0.0000032   0.0000265   0.0001251   0.0004057
  10.9798267   0.0000000   0.0000000   0.0000000   0.0000000   0.0000000   0.0000001   0.0000021   0.0000195   0.0000973   0.0003289
  11.0018745   0.0000000   0.0000000   0.0000000   0.0000000   0.0000000   0.0000001   0.0000014   0.0000143   0.0000754   0.0002657
  11.0239224   0.0000000   0.0000000   0.0000000   0.0000000   0.0000000   0.0000000   0.0000010   0.0000104   0.0000582   0.0002140
 Integrated el-ph coupling
  #            1.3150744   1.3152497   1.3155422   1.3159526   1.3164817   1.3171309   1.3179014   1.3187951   1.3198136   1.3209581
 Phonon smearing (meV)
  #            0.0500000   0.1000000   0.1500000   0.2000000   0.2500000   0.3000000   0.3500000   0.4000000   0.4500000   0.5000000
 Electron smearing (eV)   0.0500000
 Fermi window (eV)   6.0000000
 Summed el-ph coupling    1.3150160
