   0.0220478   0.0000000   0.0000000   0.0000000   0.0000000   0.0000000   0.0000000   0.0000000   0.0000000   0.0000000   0.0000000
   0.0440957   0.0000000   0.0000000   0.0000000   0.0000000   0.0000000   0.0000000   0.0000000   0.0000000   0.0000000   0.0000000
   0.0661435   0.0000000   0.0000000   0.0000000   0.0000000   0.0000000   0.0000000   0.0000000   0.0000000   0.0000000   0.0000000
   0.0881914   0.0000000   0.0000000   0.0000000   0.0000000   0.0000000   0.0000000   0.0000000   0.0000000   0.0000000   0.0000000
   0.1102392   0.0000000   0.0000000   0.0000000   0.0000000   0.0000000   0.0000000   0.0000000   0.0000000   0.0000000   0.0000000
   0.1322871   0.0000000   0.0000000   0.0000000   0.0000000   0.0000000   0.0000000   0.0000000   0.0000000   0.0000000   0.0000000
   0.1543349   0.0000000   0.0000000   0.0000000   0.0000000   0.0000000   0.0000000   0.0000000   0.0000000   0.0000000   0.0000000
   0.1763828   0.0000000   0.0000000   0.0000000   0.0000000   0.0000000   0.0000000   0.0000000   0.0000000   0.0000000   0.0000000
   0.1984306   0.0000000   0.0000000   0.0000000   0.0000000   0.0000000   0.0000000   0.0000000   0.0000000   0.0000000   0.0000000
   0.2204784   0.0000000   0.0000000   0.0000000   0.0000000   0.0000000   0.0000000   0.0000000   0.0000000   0.0000000   0.0000000
   0.2425263   0.0000000   0.0000000   0.0000000   0.0000000   0.0000000   0.0000000   0.0000000   0.0000000   0.0000000   0.0000000
   0.2645741   0.0000000   0.0000000   0.0000000   0.0000000   0.0000000   0.0000000   0.0000000   0.0000000   0.0000000   0.0000000
   0.2866220   0.0000000   0.0000000   0.0000000   0.0000000   0.0000000   0.0000000   0.0000000   0.0000000   0.0000000   0.0000000
   0.3086698   0.0000000   0.0000000   0.0000000   0.0000000   0.0000000   0.0000000   0.0000000   0.0000000   0.0000000   0.0000000
   0.3307177   0.0000000   0.0000000   0.0000000   0.0000000   0.0000000   0.0000000   0.0000000   0.0000000   0.0000000   0.0000000
   0.3527655   0.0000000   0.0000000   0.0000000   0.0000000   0.0000000   0.0000000   0.0000000   0.0000000   0.0000000   0.0000000
   0.3748134   0.0000000   0.0000000   0.0000000   0.0000000   0.0000000   0.0000000   0.0000000   0.0000000   0.0000000   0.0000000
   0.3968612   0.0000000   0.0000000   0.0000000   0.0000000   0.0000000   0.0000000   0.0000000   0.0000000   0.0000000   0.0000000
   0.4189091   0.0000000   0.0000000   0.0000000   0.0000000   0.0000000   0.0000000   0.0000000   0.0000000   0.0000000   0.0000000
   0.4409569   0.0000000   0.0000000   0.0000000   0.0000000   0.0000000   0.0000000   0.0000000   0.0000000   0.0000000   0.0000000
   0.4630047   0.0000000   0.0000000   0.0000000   0.0000000   0.0000000   0.0000000   0.0000000   0.0000000   0.0000000   0.0000000
   0.4850526   0.0000000   0.0000000   0.0000000   0.0000000   0.0000000   0.0000000   0.0000000   0.0000000   0.0000000   0.0000000
   0.5071004   0.0000000   0.0000000   0.0000000   0.0000000   0.0000000   0.0000000   0.0000000   0.0000000   0.0000000   0.0000000
   0.5291483   0.0000000   0.0000000   0.0000000   0.0000000   0.0000000   0.0000000   0.0000000   0.0000000   0.0000000   0.0000000
   0.5511961   0.0000000   0.0000000   0.0000000   0.0000000   0.0000000   0.0000000   0.0000000   0.0000000   0.0000000   0.0000000
   0.5732440   0.0000000   0.0000000   0.0000000   0.0000000   0.0000000   0.0000000   0.0000000   0.0000000   0.0000000   0.0000000
   0.5952918   0.0000000   0.0000000   0.0000000   0.0000000   0.0000000   0.0000000   0.0000000   0.0000000   0.0000000   0.0000000
   0.6173397   0.0000000   0.0000000   0.0000000   0.0000000   0.0000000   0.0000000   0.0000000   0.0000000   0.0000000   0.0000000
   0.6393875   0.0000000   0.0000000   0.0000000   0.0000000   0.0000000   0.0000000   0.0000000   0.0000000   0.0000000   0.0000000
   0.6614353   0.0000000   0.0000000   0.0000000   0.0000000   0.0000000   0.0000000   0.0000000   0.0000000   0.0000000   0.0000000
   0.6834832   0.0000000   0.0000000   0.0000000   0.0000000   0.0000000   0.0000000   0.0000000   0.0000000   0.0000000   0.0000000
   0.7055310   0.0000000   0.0000000   0.0000000   0.0000000   0.0000000   0.0000000   0.0000000   0.0000000   0.0000000   0.0000000
   0.7275789   0.0000000   0.0000000   0.0000000   0.0000000   0.0000000   0.0000000   0.0000000   0.0000000   0.0000000   0.0000000
   0.7496267   0.0000000   0.0000000   0.0000000   0.0000000   0.0000000   0.0000000   0.0000000   0.0000000   0.0000000   0.0000000
   0.7716746   0.0000000   0.0000000   0.0000000   0.0000000   0.0000000   0.0000000   0.0000000   0.0000000   0.0000000   0.0000000
   0.7937224   0.0000000   0.0000000   0.0000000   0.0000000   0.0000000   0.0000000   0.0000000   0.0000000   0.0000000   0.0000000
   0.8157703   0.0000000   0.0000000   0.0000000   0.0000000   0.0000000   0.0000000   0.0000000   0.0000000   0.0000000   0.0000000
   0.8378181   0.0000000   0.0000000   0.0000000   0.0000000   0.0000000   0.0000000   0.0000000   0.0000000   0.0000000   0.0000000
   0.8598659   0.0000000   0.0000000   0.0000000   0.0000000   0.0000000   0.0000000   0.0000000   0.0000000   0.0000000   0.0000000
   0.8819138   0.0000000   0.0000000   0.0000000   0.0000000   0.0000000   0.0000000   0.0000000   0.0000000   0.0000000   0.0000000
   0.9039616   0.0000000   0.0000000   0.0000000   0.0000000   0.0000000   0.0000000   0.0000000   0.0000000   0.0000000   0.0000000
   0.9260095   0.0000000   0.0000000   0.0000000   0.0000000   0.0000000   0.0000000   0.0000000   0.0000000   0.0000000   0.0000000
   0.9480573   0.0000000   0.0000000   0.0000000   0.0000000   0.0000000   0.0000000   0.0000000   0.0000000   0.0000000   0.0000000
   0.9701052   0.0000000   0.0000000   0.0000000   0.0000000   0.0000000   0.0000000   0.0000000   0.0000000   0.0000000   0.0000000
   0.9921530   0.0000000   0.0000000   0.0000000   0.0000000   0.0000000   0.0000000   0.0000000   0.0000000   0.0000000   0.0000000
   1.0142009   0.0000000   0.0000000   0.0000000   0.0000000   0.0000000   0.0000000   0.0000000   0.0000000   0.0000000   0.0000000
   1.0362487   0.0000000   0.0000000   0.0000000   0.0000000   0.0000000   0.0000000   0.0000000   0.0000000   0.0000000   0.0000000
   1.0582965   0.0000000   0.0000000   0.0000000   0.0000000   0.0000000   0.0000000   0.0000000   0.0000000   0.0000000   0.0000000
   1.0803444   0.0000000   0.0000000   0.0000000   0.0000000   0.0000000   0.0000000   0.0000000   0.0000000   0.0000000   0.0000000
   1.1023922   0.0000000   0.0000000   0.0000000   0.0000000   0.0000000   0.0000000   0.0000000   0.0000000   0.0000000   0.0000000
   1.1244401   0.0000000   0.0000000   0.0000000   0.0000000   0.0000000   0.0000000   0.0000000   0.0000000   0.0000000   0.0000000
   1.1464879   0.0000000   0.0000000   0.0000000   0.0000000   0.0000000   0.0000000   0.0000000   0.0000000   0.0000000   0.0000000
   1.1685358   0.0000000   0.0000000   0.0000000   0.0000000   0.0000000   0.0000000   0.0000000   0.0000000   0.0000000   0.0000000
   1.1905836   0.0000000   0.0000000   0.0000000   0.0000000   0.0000000   0.0000000   0.0000000   0.0000000   0.0000000   0.0000000
   1.2126315   0.0000000   0.0000000   0.0000000   0.0000000   0.0000000   0.0000000   0.0000000   0.0000000   0.0000000   0.0000000
   1.2346793   0.0000000   0.0000000   0.0000000   0.0000000   0.0000000   0.0000000   0.0000000   0.0000000   0.0000000   0.0000000
   1.2567272   0.0000000   0.0000000   0.0000000   0.0000000   0.0000000   0.0000000   0.0000000   0.0000000   0.0000000   0.0000000
   1.2787750   0.0000000   0.0000000   0.0000000   0.0000000   0.0000000   0.0000000   0.0000000   0.0000000   0.0000000   0.0000000
   1.3008228   0.0000000   0.0000000   0.0000000   0.0000000   0.0000000   0.0000000   0.0000000   0.0000000   0.0000000   0.0000000
   1.3228707   0.0000000   0.0000000   0.0000000   0.0000000   0.0000000   0.0000000   0.0000000   0.0000000   0.0000000   0.0000000
   1.3449185   0.0000000   0.0000000   0.0000000   0.0000000   0.0000000   0.0000000   0.0000000   0.0000000   0.0000000   0.0000000
   1.3669664   0.0000000   0.0000000   0.0000000   0.0000000   0.0000000   0.0000000   0.0000000   0.0000000   0.0000000   0.0000000
   1.3890142   0.0000000   0.0000000   0.0000000   0.0000000   0.0000000   0.0000000   0.0000000   0.0000000   0.0000000   0.0000000
   1.4110621   0.0000000   0.0000000   0.0000000   0.0000000   0.0000000   0.0000000   0.0000000   0.0000000   0.0000000   0.0000000
   1.4331099   0.0000000   0.0000000   0.0000000   0.0000000   0.0000000   0.0000000   0.0000000   0.0000000   0.0000000   0.0000000
   1.4551578   0.0000000   0.0000000   0.0000000   0.0000000   0.0000000   0.0000000   0.0000000   0.0000000   0.0000000   0.0000001
   1.4772056   0.0000000   0.0000000   0.0000000   0.0000000   0.0000000   0.0000000   0.0000000   0.0000000   0.0000000   0.0000001
   1.4992534   0.0000000   0.0000000   0.0000000   0.0000000   0.0000000   0.0000000   0.0000000   0.0000000   0.0000000   0.0000001
   1.5213013   0.0000000   0.0000000   0.0000000   0.0000000   0.0000000   0.0000000   0.0000000   0.0000000   0.0000000   0.0000001
   1.5433491   0.0000000   0.0000000   0.0000000   0.0000000   0.0000000   0.0000000   0.0000000   0.0000000   0.0000000   0.0000002
   1.5653970   0.0000000   0.0000000   0.0000000   0.0000000   0.0000000   0.0000000   0.0000000   0.0000000   0.0000000   0.0000003
   1.5874448   0.0000000   0.0000000   0.0000000   0.0000000   0.0000000   0.0000000   0.0000000   0.0000000   0.0000001   0.0000003
   1.6094927   0.0000000   0.0000000   0.0000000   0.0000000   0.0000000   0.0000000   0.0000000   0.0000000   0.0000001   0.0000004
   1.6315405   0.0000000   0.0000000   0.0000000   0.0000000   0.0000000   0.0000000   0.0000000   0.0000000   0.0000001   0.0000006
   1.6535884   0.0000000   0.0000000   0.0000000   0.0000000   0.0000000   0.0000000   0.0000000   0.0000000   0.0000001   0.0000007
   1.6756362   0.0000000   0.0000000   0.0000000   0.0000000   0.0000000   0.0000000   0.0000000   0.0000000   0.0000002   0.0000009
   1.6976840   0.0000000   0.0000000   0.0000000   0.0000000   0.0000000   0.0000000   0.0000000   0.0000000   0.0000002   0.0000012
   1.7197319   0.0000000   0.0000000   0.0000000   0.0000000   0.0000000   0.0000000   0.0000000   0.0000000   0.0000003   0.0000016
   1.7417797   0.0000000   0.0000000   0.0000000   0.0000000   0.0000000   0.0000000   0.0000000   0.0000001   0.0000004   0.0000020
   1.7638276   0.0000000   0.0000000   0.0000000   0.0000000   0.0000000   0.0000000   0.0000000   0.0000001   0.0000005   0.0000026
   1.7858754   0.0000000   0.0000000   0.0000000   0.0000000   0.0000000   0.0000000   0.0000000   0.0000001   0.0000007   0.0000033
   1.8079233   0.0000000   0.0000000   0.0000000   0.0000000   0.0000000   0.0000000   0.0000000   0.0000002   0.0000009   0.0000042
   1.8299711   0.0000000   0.0000000   0.0000000   0.0000000   0.0000000   0.0000000   0.0000000   0.0000002   0.0000012   0.0000053
   1.8520190   0.0000000   0.0000000   0.0000000   0.0000000   0.0000000   0.0000000   0.0000000   0.0000003   0.0000015   0.0000067
   1.8740668   0.0000000   0.0000000   0.0000000   0.0000000   0.0000000   0.0000000   0.0000000   0.0000004   0.0000020   0.0000085
   1.8961147   0.0000000   0.0000000   0.0000000   0.0000000   0.0000000   0.0000000   0.0000001   0.0000005   0.0000026   0.0000108
   1.9181625   0.0000000   0.0000000   0.0000000   0.0000000   0.0000000   0.0000000   0.0000001   0.0000007   0.0000034   0.0000136
   1.9402103   0.0000000   0.0000000   0.0000000   0.0000000   0.0000000   0.0000000   0.0000001   0.0000009   0.0000043   0.0000171
   1.9622582   0.0000000   0.0000000   0.0000000   0.0000000   0.0000000   0.0000000   0.0000002   0.0000013   0.0000056   0.0000214
   1.9843060   0.0000000   0.0000000   0.0000000   0.0000000   0.0000000   0.0000000   0.0000003   0.0000017   0.0000072   0.0000268
   2.0063539   0.0000000   0.0000000   0.0000000   0.0000000   0.0000000   0.0000000   0.0000004   0.0000022   0.0000092   0.0000335
   2.0284017   0.0000000   0.0000000   0.0000000   0.0000000   0.0000000   0.0000001   0.0000006   0.0000029   0.0000118   0.0000418
   2.0504496   0.0000000   0.0000000   0.0000000   0.0000000   0.0000000   0.0000001   0.0000008   0.0000038   0.0000150   0.0000521
   2.0724974   0.0000000   0.0000000   0.0000000   0.0000000   0.0000000   0.0000001   0.0000011   0.0000050   0.0000192   0.0000647
   2.0945453   0.0000000   0.0000000   0.0000000   0.0000000   0.0000000   0.0000002   0.0000015   0.0000065   0.0000243   0.0000801
   2.1165931   0.0000000   0.0000000   0.0000000   0.0000000   0.0000000   0.0000003   0.0000021   0.0000085   0.0000309   0.0000991
   2.1386409   0.0000000   0.0000000   0.0000000   0.0000000   0.0000000   0.0000005   0.0000028   0.0000110   0.0000390   0.0001222
   2.1606888   0.0000000   0.0000000   0.0000000   0.0000000   0.0000000   0.0000007   0.0000037   0.0000142   0.0000493   0.0001503
   2.1827366   0.0000000   0.0000000   0.0000000   0.0000000   0.0000001   0.0000010   0.0000050   0.0000183   0.0000620   0.0001845
   2.2047845   0.0000000   0.0000000   0.0000000   0.0000000   0.0000001   0.0000014   0.0000066   0.0000235   0.0000780   0.0002260
   2.2268323   0.0000000   0.0000000   0.0000000   0.0000000   0.0000002   0.0000021   0.0000087   0.0000302   0.0000977   0.0002760
   2.2488802   0.0000000   0.0000000   0.0000000   0.0000000   0.0000004   0.0000029   0.0000115   0.0000386   0.0001223   0.0003363
   2.2709280   0.0000000   0.0000000   0.0000000   0.0000000   0.0000006   0.0000040   0.0000151   0.0000493   0.0001526   0.0004088
   2.2929759   0.0000000   0.0000000   0.0000000   0.0000000   0.0000009   0.0000056   0.0000196   0.0000628   0.0001900   0.0004955
   2.3150237   0.0000000   0.0000000   0.0000000   0.0000001   0.0000014   0.0000076   0.0000255   0.0000799   0.0002359   0.0005991
   2.3370715   0.0000000   0.0000000   0.0000000   0.0000001   0.0000021   0.0000103   0.0000330   0.0001013   0.0002923   0.0007225
   2.3591194   0.0000000   0.0000000   0.0000000   0.0000002   0.0000032   0.0000139   0.0000425   0.0001283   0.0003611   0.0008689
   2.3811672   0.0000000   0.0000000   0.0000000   0.0000004   0.0000048   0.0000186   0.0000546   0.0001621   0.0004451   0.0010422
   2.4032151   0.0000000   0.0000000   0.0000000   0.0000007   0.0000070   0.0000246   0.0000701   0.0002044   0.0005470   0.0012467
   2.4252629   0.0000000   0.0000000   0.0000000   0.0000013   0.0000100   0.0000323   0.0000897   0.0002571   0.0006705   0.0014872
   2.4473108   0.0000000   0.0000000   0.0000000   0.0000022   0.0000142   0.0000422   0.0001145   0.0003227   0.0008195   0.0017691
   2.4693586   0.0000000   0.0000000   0.0000001   0.0000037   0.0000198   0.0000547   0.0001460   0.0004041   0.0009987   0.0020986
   2.4914065   0.0000000   0.0000000   0.0000002   0.0000061   0.0000273   0.0000706   0.0001858   0.0005049   0.0012135   0.0024825
   2.5134543   0.0000000   0.0000000   0.0000005   0.0000097   0.0000371   0.0000907   0.0002362   0.0006290   0.0014701   0.0029282
   2.5355022   0.0000000   0.0000000   0.0000011   0.0000151   0.0000498   0.0001160   0.0002998   0.0007817   0.0017755   0.0034440
   2.5575500   0.0000000   0.0000000   0.0000022   0.0000229   0.0000659   0.0001480   0.0003800   0.0009686   0.0021377   0.0040391
   2.5795978   0.0000000   0.0000000   0.0000045   0.0000340   0.0000863   0.0001883   0.0004808   0.0011967   0.0025656   0.0047233
   2.6016457   0.0000000   0.0000000   0.0000086   0.0000492   0.0001117   0.0002393   0.0006074   0.0014740   0.0030692   0.0055073
   2.6236935   0.0000000   0.0000002   0.0000159   0.0000696   0.0001431   0.0003039   0.0007660   0.0018098   0.0036598   0.0064027
   2.6457414   0.0000000   0.0000006   0.0000280   0.0000963   0.0001818   0.0003858   0.0009639   0.0022147   0.0043497   0.0074219
   2.6677892   0.0000000   0.0000019   0.0000472   0.0001301   0.0002293   0.0004899   0.0012103   0.0027009   0.0051524   0.0085780
   2.6898371   0.0000000   0.0000055   0.0000763   0.0001720   0.0002877   0.0006223   0.0015157   0.0032822   0.0060826   0.0098850
   2.7118849   0.0000000   0.0000147   0.0001182   0.0002228   0.0003597   0.0007907   0.0018927   0.0039741   0.0071565   0.0113574
   2.7339328   0.0000000   0.0000356   0.0001754   0.0002828   0.0004494   0.0010050   0.0023563   0.0047941   0.0083912   0.0130106
   2.7559806   0.0000000   0.0000782   0.0002494   0.0003525   0.0005618   0.0012772   0.0029236   0.0057613   0.0098050   0.0148602
   2.7780284   0.0000005   0.0001559   0.0003402   0.0004326   0.0007045   0.0016223   0.0036143   0.0068968   0.0114174   0.0169225
   2.8000763   0.0000058   0.0002820   0.0004451   0.0005240   0.0008872   0.0020583   0.0044510   0.0082236   0.0132487   0.0192138
   2.8221241   0.0000423   0.0004631   0.0005596   0.0006292   0.0011232   0.0026068   0.0054591   0.0097664   0.0153201   0.0217508
   2.8441720   0.0002085   0.0006900   0.0006771   0.0007528   0.0014299   0.0032936   0.0066670   0.0115516   0.0176533   0.0245499
   2.8662198   0.0006959   0.0009331   0.0007907   0.0009028   0.0018297   0.0041486   0.0081062   0.0136072   0.0202704   0.0276272
   2.8882677   0.0015746   0.0011459   0.0008952   0.0010923   0.0023510   0.0052066   0.0098108   0.0159623   0.0231936   0.0309985
   2.9103155   0.0024150   0.0012798   0.0009894   0.0013412   0.0030288   0.0065069   0.0118178   0.0186470   0.0264451   0.0346788
   2.9323634   0.0025106   0.0013049   0.0010789   0.0016782   0.0039054   0.0080938   0.0141667   0.0216920   0.0300461   0.0386821
   2.9544112   0.0017690   0.0012267   0.0011783   0.0021430   0.0050311   0.0100164   0.0168990   0.0251280   0.0340175   0.0430212
   2.9764590   0.0008449   0.0010899   0.0013139   0.0027883   0.0064643   0.0123280   0.0200574   0.0289852   0.0383785   0.0477076
   2.9985069   0.0002741   0.0009661   0.0015263   0.0036816   0.0082712   0.0150859   0.0236858   0.0332929   0.0431467   0.0527508
   3.0205547   0.0000661   0.0009303   0.0018749   0.0049055   0.0105256   0.0183506   0.0278278   0.0380786   0.0483376   0.0581586
   3.0426026   0.0000565   0.0010384   0.0024433   0.0065583   0.0133077   0.0221845   0.0325260   0.0433675   0.0539642   0.0639365
   3.0646504   0.0002533   0.0013142   0.0033462   0.0087523   0.0167030   0.0266512   0.0378210   0.0491815   0.0600366   0.0700875
   3.0866983   0.0009134   0.0017581   0.0047365   0.0116105   0.0208002   0.0318136   0.0437500   0.0555390   0.0665615   0.0766123
   3.1087461   0.0022579   0.0023876   0.0068088   0.0152624   0.0256898   0.0377322   0.0503457   0.0624534   0.0735417   0.0835084
   3.1307940   0.0038228   0.0033121   0.0097963   0.0198385   0.0314612   0.0444632   0.0576350   0.0699331   0.0809764   0.0907707
   3.1528418   0.0044461   0.0048271   0.0139569   0.0254638   0.0382007   0.0520565   0.0656374   0.0779805   0.0888601   0.0983910
   3.1748896   0.0035754   0.0074839   0.0195474   0.0322519   0.0459885   0.0605532   0.0743640   0.0865916   0.0971830   0.1063580
   3.1969375   0.0021224   0.0120738   0.0267872   0.0403012   0.0548961   0.0699831   0.0838159   0.0957555   0.1059308   0.1146573
   3.2189853   0.0018619   0.0194853   0.0358180   0.0496920   0.0649832   0.0803624   0.0939837   0.1054538   0.1150842   0.1232715
   3.2410332   0.0058190   0.0304482   0.0466714   0.0604877   0.0762942   0.0916913   0.1048461   0.1156610   0.1246196   0.1321802
   3.2630810   0.0198824   0.0452511   0.0592562   0.0727371   0.0888548   0.1039517   0.1163696   0.1263440   0.1345087   0.1413604
   3.2851289   0.0490963   0.0635441   0.0733789   0.0864784   0.1026678   0.1171056   0.1285082   0.1374625   0.1447190   0.1507860
   3.3071767   0.0863332   0.0842863   0.0888009   0.1017423   0.1177082   0.1310934   0.1412035   0.1489693   0.1552139   0.1604290
   3.3292246   0.1129732   0.1058349   0.1053255   0.1185514   0.1339195   0.1458332   0.1543850   0.1608112   0.1659535   0.1702590
   3.3512724   0.1266475   0.1261783   0.1228957   0.1369142   0.1512084   0.1612210   0.1679715   0.1729290   0.1768947   0.1802438
   3.3733203   0.1540364   0.1434190   0.1416677   0.1568114   0.1694414   0.1771316   0.1818721   0.1852592   0.1879919   0.1903498
   3.3953681   0.2045141   0.1566223   0.1620267   0.1781761   0.1884424   0.1934207   0.1959882   0.1977347   0.1991975   0.2005424
   3.4174159   0.2321878   0.1668798   0.1845179   0.2008687   0.2079920   0.2099279   0.2102155   0.2102861   0.2104631   0.2107862
   3.4394638   0.1942274   0.1779736   0.2096889   0.2246516   0.2278308   0.2264812   0.2244469   0.2228429   0.2217393   0.2210458
   3.4615116   0.1198625   0.1958007   0.2378711   0.2491693   0.2476645   0.2429021   0.2385744   0.2353347   0.2329773   0.2312857
   3.4835595   0.0754164   0.2261892   0.2689547   0.2739397   0.2671743   0.2590116   0.2524927   0.2476930   0.2441291   0.2414713
   3.5056073   0.1049356   0.2718318   0.3022266   0.2983632   0.2860305   0.2746371   0.2661016   0.2598519   0.2551483   0.2515688
   3.5276552   0.2317649   0.3300389   0.3363312   0.3217507   0.3039088   0.2896191   0.2793088   0.2717497   0.2659907   0.2615461
   3.5497030   0.4483453   0.3929501   0.3693810   0.3433726   0.3205099   0.3038176   0.2920320   0.2833299   0.2766153   0.2713729
   3.5717509   0.6557121   0.4504535   0.3992059   0.3625223   0.3355786   0.3171178   0.3042011   0.2945418   0.2869843   0.2810209
   3.5937987   0.7029243   0.4941908   0.4236862   0.3785893   0.3489228   0.3294354   0.3157595   0.3053417   0.2970639   0.2904646
   3.6158465   0.5773509   0.5201653   0.4410970   0.3911302   0.3604288   0.3407191   0.3266653   0.3156933   0.3068247   0.2996811
   3.6378944   0.4551427   0.5285204   0.4503904   0.3999289   0.3700715   0.3509522   0.3368911   0.3255676   0.3162417   0.3086507
   3.6599422   0.4844987   0.5212959   0.4513661   0.4050358   0.3779190   0.3601519   0.3464242   0.3349437   0.3252950   0.3173569
   3.6819901   0.6056309   0.5004569   0.4447063   0.4067787   0.3841284   0.3683661   0.3552653   0.3438082   0.3339695   0.3257865
   3.7040379   0.6390700   0.4678710   0.4318824   0.4057450   0.3889351   0.3756689   0.3634269   0.3521550   0.3422551   0.3339299
   3.7260858   0.5097756   0.4267896   0.4149598   0.4027324   0.3926343   0.3821541   0.3709322   0.3599851   0.3501468   0.3417810
   3.7481336   0.3152899   0.3828622   0.3963396   0.3986770   0.3955567   0.3879279   0.3778121   0.3673058   0.3576443   0.3493371
   3.7701815   0.1909804   0.3431879   0.3784813   0.3945637   0.3980408   0.3931003   0.3841038   0.3741303   0.3647521   0.3565991
   3.7922293   0.1852506   0.3138121   0.3636475   0.3913305   0.4004038   0.3977779   0.3898479   0.3804770   0.3714790   0.3635714
   3.8142771   0.2499845   0.2975134   0.3537002   0.3897757   0.4029147   0.4020562   0.3950870   0.3863685   0.3778383   0.3702615
   3.8363250   0.3038334   0.2934749   0.3499628   0.3904789   0.4057707   0.4060140   0.3998640   0.3918318   0.3838467   0.3766801
   3.8583728   0.3121941   0.2989521   0.3531404   0.3937430   0.4090822   0.4097096   0.4042204   0.3968966   0.3895248   0.3828406
   3.8804207   0.3046280   0.3117126   0.3632817   0.3995638   0.4128644   0.4131794   0.4081962   0.4015957   0.3948962   0.3887596
   3.9024685   0.3143193   0.3317128   0.3797636   0.4076304   0.4170398   0.4164384   0.4118296   0.4059641   0.3999874   0.3944555
   3.9245164   0.3279937   0.3610333   0.4013006   0.4173575   0.4214497   0.4194834   0.4151567   0.4100388   0.4048273   0.3999494
   3.9465642   0.3148081   0.4019609   0.4259954   0.4279453   0.4258738   0.4222983   0.4182129   0.4138583   0.4094470   0.4052639
   3.9686121   0.3053780   0.4540128   0.4514665   0.4384640   0.4300568   0.4248604   0.4210334   0.4174626   0.4138792   0.4104236
   3.9906599   0.3972510   0.5115282   0.4750741   0.4479522   0.4337392   0.4271480   0.4236544   0.4208928   0.4181578   0.4154541
   4.0127078   0.6363459   0.5637285   0.4942387   0.4555203   0.4366880   0.4291475   0.4261142   0.4241910   0.4223180   0.4203821
   4.0347556   0.8996342   0.5981427   0.5068020   0.4604479   0.4387264   0.4308606   0.4284543   0.4274000   0.4263954   0.4252349
   4.0568034   0.9618572   0.6060895   0.5113529   0.4622644   0.4397580   0.4323091   0.4307197   0.4305630   0.4304258   0.4300402
   4.0788513   0.7480767   0.5869894   0.5074334   0.4608039   0.4397826   0.4335389   0.4329595   0.4337236   0.4344452   0.4348258
   4.1008991   0.4434120   0.5485006   0.4955757   0.4562290   0.4389037   0.4346202   0.4352266   0.4369251   0.4384888   0.4396192
   4.1229470   0.2817304   0.5021794   0.4771702   0.4490216   0.4373254   0.4356465   0.4375770   0.4402102   0.4425912   0.4444474
   4.1449948   0.3250163   0.4575567   0.4542170   0.4399419   0.4353384   0.4367303   0.4400687   0.4436209   0.4467859   0.4493365
   4.1670427   0.4578126   0.4185463   0.4290408   0.4299608   0.4332985   0.4379971   0.4427604   0.4471974   0.4511048   0.4543115
   4.1890905   0.5113177   0.3840968   0.4040380   0.4201733   0.4315968   0.4395772   0.4457093   0.4509782   0.4555782   0.4593960
   4.2111384   0.4219793   0.3517814   0.3814967   0.4116999   0.4306267   0.4415980   0.4489698   0.4549990   0.4602343   0.4646122
   4.2331862   0.2817721   0.3212600   0.3634827   0.4055869   0.4307495   0.4441742   0.4525913   0.4592929   0.4650988   0.4699801
   4.2552340   0.2036618   0.2953674   0.3517615   0.4027117   0.4322617   0.4474009   0.4566168   0.4638891   0.4701951   0.4755179
   4.2772819   0.1973246   0.2787883   0.3477189   0.4037020   0.4353689   0.4513470   0.4610813   0.4688134   0.4755434   0.4812415
   4.2993297   0.2078087   0.2758605   0.3522592   0.4088755   0.4401666   0.4560507   0.4660113   0.4740874   0.4811612   0.4871645
   4.3213776   0.2150456   0.2890412   0.3656855   0.4182043   0.4466320   0.4615187   0.4714242   0.4797282   0.4870625   0.4932976
   4.3434254   0.2484871   0.3185567   0.3875894   0.4313095   0.4546264   0.4677270   0.4773289   0.4857487   0.4932582   0.4996492
   4.3654733   0.3182170   0.3628254   0.4167857   0.4474877   0.4639090   0.4746252   0.4837258   0.4921571   0.4997555   0.5062248
   4.3875211   0.3918417   0.4189880   0.4513253   0.4657685   0.4741609   0.4821426   0.4906084   0.4989575   0.5065583   0.5130271
   4.4095690   0.4553027   0.4831378   0.4886084   0.4850021   0.4850170   0.4901963   0.4979646   0.5061493   0.5136667   0.5200558
   4.4316168   0.5347911   0.5502536   0.5256019   0.5039678   0.4961028   0.4987000   0.5057781   0.5137278   0.5210772   0.5273079
   4.4536646   0.6401414   0.6141413   0.5591468   0.5214963   0.5070726   0.5075730   0.5140299   0.5216845   0.5287828   0.5347776
   4.4757125   0.7467624   0.6677748   0.5863255   0.5365932   0.5176460   0.5167481   0.5226996   0.5300067   0.5367729   0.5424561
   4.4977603   0.8302089   0.7042433   0.6048391   0.5485486   0.5276369   0.5261775   0.5317664   0.5386781   0.5450336   0.5503318
   4.5198082   0.8626139   0.7181752   0.6133390   0.5570233   0.5369742   0.5358368   0.5412094   0.5476787   0.5535472   0.5583908
   4.5418560   0.8303901   0.7072056   0.6116517   0.5620964   0.5457098   0.5457256   0.5510079   0.5569851   0.5622933   0.5666165
   4.5639039   0.7704089   0.6729736   0.6008514   0.5642708   0.5540141   0.5558653   0.5611409   0.5665702   0.5712481   0.5749899
   4.5859517   0.6942662   0.6212345   0.5831596   0.5644316   0.5621572   0.5662937   0.5715858   0.5764035   0.5803850   0.5834899
   4.6079996   0.5619810   0.5608931   0.5616844   0.5637612   0.5704802   0.5770579   0.5823178   0.5864513   0.5896747   0.5920935
   4.6300474   0.3989499   0.5020865   0.5400452   0.5636183   0.5793554   0.5882047   0.5933076   0.5966764   0.5990858   0.6007759
   4.6520952   0.3029425   0.4538778   0.5219486   0.5653941   0.5891433   0.5997711   0.6045209   0.6070384   0.6085845   0.6095109
   4.6741431   0.3150099   0.4224388   0.5107851   0.5703583   0.6001476   0.6117746   0.6159164   0.6174939   0.6181356   0.6182711
   4.6961909   0.3671881   0.4104547   0.5092964   0.5795126   0.6125756   0.6242054   0.6274451   0.6279970   0.6277021   0.6270281
   4.7182388   0.3786592   0.4178398   0.5193385   0.5934669   0.6265061   0.6370202   0.6390500   0.6384993   0.6372464   0.6357528
   4.7402866   0.3678820   0.4431739   0.5417309   0.6123506   0.6418709   0.6501396   0.6506663   0.6489508   0.6467303   0.6444161
   4.7623345   0.4085174   0.4850604   0.5761715   0.6357725   0.6584501   0.6634489   0.6622220   0.6593002   0.6561153   0.6529885
   4.7843823   0.5053927   0.5428712   0.6211968   0.6628334   0.6758845   0.6768024   0.6736398   0.6694961   0.6653634   0.6614409
   4.8064302   0.5915051   0.6166218   0.6741898   0.6921953   0.6937023   0.6900304   0.6848391   0.6794876   0.6744374   0.6697449
   4.8284780   0.6297360   0.7058220   0.7314683   0.7222029   0.7113585   0.7029491   0.6957383   0.6892249   0.6833013   0.6778729
   4.8505259   0.6723514   0.8074004   0.7885011   0.7510467   0.7282835   0.7153728   0.7062583   0.6986610   0.6919208   0.6857984
   4.8725737   0.8143086   0.9135171   0.8402961   0.7769531   0.7439344   0.7271252   0.7163246   0.7077517   0.7002637   0.6934962
   4.8946215   1.0822682   1.0108049   0.8819657   0.7983799   0.7578454   0.7380517   0.7258710   0.7164571   0.7083003   0.7009430
   4.9166694   1.3637736   1.0824042   0.9094140   0.8141935   0.7696694   0.7480292   0.7348414   0.7247420   0.7160036   0.7081172
   4.9387172   1.4897818   1.1127318   0.9200311   0.8238036   0.7792081   0.7569731   0.7431922   0.7325764   0.7233497   0.7149992
   4.9607651   1.4172614   1.0931081   0.9132390   0.8272367   0.7864267   0.7648423   0.7508929   0.7399362   0.7303178   0.7215717
   4.9828129   1.2316503   1.0255470   0.8907439   0.8251324   0.7914504   0.7716391   0.7579274   0.7468032   0.7368907   0.7278198
   5.0048608   0.9870672   0.9228407   0.8564009   0.8186632   0.7945457   0.7774068   0.7642932   0.7531650   0.7430546   0.7337309
   5.0269086   0.7115216   0.8049464   0.8156839   0.8093836   0.7960871   0.7822237   0.7700004   0.7590149   0.7487991   0.7392951
   5.0489565   0.4848899   0.6933885   0.7748506   0.7990297   0.7965137   0.7861950   0.7750700   0.7643518   0.7541173   0.7445047
   5.0710043   0.3719563   0.6060480   0.7399580   0.7892968   0.7962816   0.7894425   0.7795319   0.7691792   0.7590057   0.7493551
   5.0930521   0.3629641   0.5541490   0.7159169   0.7816272   0.7958182   0.7920942   0.7834222   0.7735048   0.7634640   0.7538439
   5.1151000   0.4102264   0.5419109   0.7057567   0.7770391   0.7954821   0.7942747   0.7867805   0.7773398   0.7674948   0.7579713
   5.1371478   0.4653480   0.5679365   0.7102209   0.7760222   0.7955346   0.7960959   0.7896474   0.7806983   0.7711038   0.7617400
   5.1591957   0.5084920   0.6267559   0.7277494   0.7785119   0.7961249   0.7976506   0.7920618   0.7835964   0.7742994   0.7651552
   5.1812435   0.5779581   0.7094438   0.7548344   0.7839459   0.7972894   0.7990074   0.7940595   0.7860517   0.7770922   0.7682243
   5.2032914   0.7372111   0.8035357   0.7866811   0.7913890   0.7989645   0.8002095   0.7956711   0.7880825   0.7794954   0.7709569
   5.2253392   0.9836620   0.8935426   0.8180557   0.7997056   0.8010087   0.8012745   0.7969212   0.7897081   0.7815242   0.7733647
   5.2473871   1.2111262   0.9632595   0.8441755   0.8077477   0.8032324   0.8021968   0.7978286   0.7909477   0.7831960   0.7754613
   5.2694349   1.3041874   0.9997501   0.8614866   0.8145309   0.8054275   0.8029518   0.7984057   0.7918211   0.7845298   0.7772621
   5.2914827   1.2455191   0.9973831   0.8681916   0.8193677   0.8073952   0.8035005   0.7986602   0.7923482   0.7855465   0.7787841
   5.3135306   1.0865820   0.9598052   0.8644359   0.8219419   0.8089670   0.8037947   0.7985957   0.7925499   0.7862687   0.7800454
   5.3355784   0.8879413   0.8986748   0.8521327   0.8223140   0.8100172   0.8037824   0.7982139   0.7924476   0.7867204   0.7810656
   5.3576263   0.7151761   0.8296783   0.8344786   0.8208627   0.8104658   0.8034125   0.7975158   0.7920644   0.7869272   0.7818650
   5.3796741   0.6147995   0.7676619   0.8152773   0.8181763   0.8102738   0.8026387   0.7965046   0.7914253   0.7869161   0.7824648
   5.4017220   0.5875465   0.7229264   0.7982152   0.8149159   0.8094323   0.8014233   0.7951868   0.7905574   0.7867152   0.7828863
   5.4237698   0.6056615   0.6998971   0.7862257   0.8116767   0.8079485   0.7997397   0.7935747   0.7894907   0.7863536   0.7831509
   5.4458177   0.6464301   0.6981157   0.7810427   0.8088707   0.8058328   0.7975751   0.7916881   0.7882582   0.7858611   0.7832801
   5.4678655   0.6960978   0.7144664   0.7829872   0.8066503   0.8030885   0.7949322   0.7895553   0.7868960   0.7852680   0.7832943
   5.4899134   0.7303347   0.7451643   0.7909910   0.8048848   0.7997083   0.7918309   0.7872144   0.7854434   0.7846047   0.7832133
   5.5119612   0.7380994   0.7864060   0.8028263   0.8031917   0.7956770   0.7883102   0.7847137   0.7839427   0.7839012   0.7830553
   5.5340090   0.7586469   0.8335534   0.8154961   0.8010139   0.7909800   0.7844296   0.7821117   0.7824381   0.7831862   0.7828369
   5.5560569   0.8453488   0.8798132   0.8257344   0.7977301   0.7856176   0.7802696   0.7794767   0.7809758   0.7824873   0.7825724
   5.5781047   0.9986855   0.9159211   0.8305530   0.7927774   0.7796215   0.7759327   0.7768853   0.7796023   0.7818295   0.7822737
   5.6001526   1.1445579   0.9318345   0.8277592   0.7857647   0.7730710   0.7715426   0.7744207   0.7783634   0.7812347   0.7819497
   5.6222004   1.1774205   0.9200680   0.8163586   0.7765602   0.7661054   0.7672425   0.7721704   0.7773028   0.7807215   0.7816058
   5.6442483   1.0559948   0.8790054   0.7967585   0.7653378   0.7589315   0.7631920   0.7702231   0.7764601   0.7803034   0.7812441
   5.6662961   0.8542988   0.8143049   0.7707158   0.7525787   0.7518231   0.7595624   0.7686653   0.7758695   0.7799890   0.7808625
   5.6883440   0.6749343   0.7375880   0.7410233   0.7390286   0.7451122   0.7565306   0.7675774   0.7755577   0.7797806   0.7804550
   5.7103918   0.5506921   0.6631173   0.7109943   0.7256215   0.7391733   0.7542710   0.7670298   0.7755424   0.7796742   0.7800111
   5.7324396   0.4701714   0.6039958   0.6838604   0.7133827   0.7344001   0.7529465   0.7670786   0.7758303   0.7796584   0.7795160
   5.7544875   0.4253286   0.5691432   0.6622304   0.7033273   0.7311791   0.7526994   0.7677616   0.7764159   0.7797143   0.7789507
   5.7765353   0.4102129   0.5615060   0.6477440   0.6963679   0.7298598   0.7536408   0.7690949   0.7772802   0.7798153   0.7782915
   5.7985832   0.4409672   0.5775102   0.6410011   0.6932409   0.7307275   0.7558421   0.7710692   0.7783899   0.7799273   0.7775112
   5.8206310   0.5581011   0.6079140   0.6417635   0.6944564   0.7339773   0.7593257   0.7736478   0.7796970   0.7800083   0.7765785
   5.8426789   0.7421300   0.6404080   0.6493394   0.7002723   0.7396947   0.7640594   0.7767648   0.7811386   0.7800094   0.7754590
   5.8647267   0.8754848   0.6638721   0.6629985   0.7106864   0.7478423   0.7699515   0.7803247   0.7826379   0.7798752   0.7741152
   5.8867746   0.8623288   0.6731278   0.6822560   0.7254439   0.7582535   0.7768495   0.7842031   0.7841048   0.7795448   0.7725079
   5.9088224   0.7357260   0.6720849   0.7069136   0.7440551   0.7706345   0.7845410   0.7882486   0.7854376   0.7789525   0.7705959
   5.9308702   0.5878121   0.6732531   0.7368418   0.7658205   0.7845733   0.7927584   0.7922859   0.7865254   0.7780298   0.7683376
   5.9529181   0.4618775   0.6929008   0.7715990   0.7898639   0.7995545   0.8011854   0.7961201   0.7872501   0.7767061   0.7656914
   5.9749659   0.3889232   0.7432538   0.8100651   0.8151735   0.8149803   0.8094672   0.7995419   0.7874898   0.7749108   0.7626167
   5.9970138   0.4762973   0.8250799   0.8502759   0.8406512   0.8301944   0.8172226   0.8023340   0.7871218   0.7725748   0.7590749
   6.0190616   0.8358538   0.9246843   0.8895771   0.8651676   0.8445091   0.8240570   0.8042778   0.7860258   0.7696320   0.7550298
   6.0411095   1.3537396   1.0178352   0.9250874   0.8876181   0.8572330   0.8295778   0.8051607   0.7840879   0.7660216   0.7504492
   6.0631573   1.6558786   1.0796514   0.9543204   0.9069742   0.8676988   0.8334093   0.8047833   0.7812037   0.7616889   0.7453051
   6.0852052   1.5281021   1.0958400   0.9757340   0.9223224   0.8752896   0.8352079   0.8029666   0.7772814   0.7565876   0.7395746
   6.1072530   1.1879479   1.0694126   0.9889836   0.9328884   0.8794639   0.8346759   0.7995586   0.7722453   0.7506808   0.7332407
   6.1293009   0.9011824   1.0192824   0.9947633   0.9380459   0.8797774   0.8315741   0.7944400   0.7660381   0.7439423   0.7262928
   6.1513487   0.6935478   0.9715208   0.9942813   0.9373148   0.8759016   0.8257321   0.7875288   0.7586228   0.7363574   0.7187269
   6.1733965   0.5791618   0.9477039   0.9885660   0.9303580   0.8676390   0.8170562   0.7787842   0.7499848   0.7279236   0.7105464
   6.1954444   0.6588389   0.9557729   0.9778733   0.9169844   0.8549341   0.8055337   0.7682082   0.7401321   0.7186511   0.7017615
   6.2174922   0.9304597   0.9871847   0.9614326   0.8971648   0.8378793   0.7912349   0.7558462   0.7290957   0.7085628   0.6923899
   6.2395401   1.2408456   1.0211002   0.9376407   0.8710616   0.8167150   0.7743106   0.7417859   0.7169293   0.6976937   0.6824561
   6.2615879   1.4175300   1.0333453   0.9046453   0.8390665   0.7918238   0.7549873   0.7261552   0.7037080   0.6860906   0.6719914
   6.2836358   1.3780570   1.0060254   0.8611196   0.8018347   0.7637181   0.7335583   0.7091177   0.6895262   0.6738115   0.6610334
   6.3056836   1.1620993   0.9337190   0.8069648   0.7603016   0.7330199   0.7103731   0.6908675   0.6744956   0.6609237   0.6496255
   6.3277315   0.8737601   0.8241173   0.7437113   0.7156691   0.7004350   0.6858237   0.6716237   0.6587420   0.6475031   0.6378158
   6.3497793   0.6027928   0.6937774   0.6744976   0.6693538   0.6667213   0.6603297   0.6516226   0.6424023   0.6336323   0.6256568
   6.3718271   0.4086786   0.5617624   0.6036371   0.6228967   0.6326534   0.6343226   0.6311109   0.6256210   0.6193991   0.6132042
   6.3938750   0.3026518   0.4442641   0.5359031   0.5778453   0.5989862   0.6082300   0.6103383   0.6085463   0.6048942   0.6005164
   6.4159228   0.2366107   0.3519795   0.4757170   0.5356220   0.5664189   0.5824605   0.5895494   0.5913267   0.5902102   0.5876528
   6.4379707   0.1718579   0.2901110   0.4264309   0.4974015   0.5355639   0.5573899   0.5689778   0.5741074   0.5754390   0.5746736
   6.4600185   0.1269949   0.2596136   0.3898464   0.4640153   0.5069224   0.5333500   0.5488391   0.5570270   0.5606704   0.5616385
   6.4820664   0.1309819   0.2582467   0.3660454   0.4359003   0.4808674   0.5106192   0.5293261   0.5402146   0.5459904   0.5486057
   6.5041142   0.1822198   0.2808202   0.3535381   0.4130973   0.4576373   0.4894170   0.5106045   0.5237870   0.5314797   0.5356314
   6.5261621   0.2643894   0.3190369   0.3496745   0.3952982   0.4373381   0.4699003   0.4928099   0.5078471   0.5172127   0.5227685
   6.5482099   0.3711186   0.3618949   0.3512244   0.3819322   0.4199541   0.4521635   0.4760461   0.4924818   0.5032557   0.5100665
   6.5702577   0.5055843   0.3974612   0.3550061   0.3722722   0.4053655   0.4362410   0.4603844   0.4777615   0.4896668   0.4975705
   6.5923056   0.6278545   0.4159903   0.3584385   0.3655453   0.3933696   0.4221116   0.4458645   0.4637393   0.4764950   0.4853210
   6.6143534   0.6318076   0.4132362   0.3599121   0.3610269   0.3837038   0.4097055   0.4324958   0.4504512   0.4637798   0.4733534
   6.6364013   0.4751454   0.3921385   0.3589150   0.3581064   0.3760678   0.3989119   0.4202603   0.4379166   0.4515514   0.4616979
   6.6584491   0.2683065   0.3615553   0.3559082   0.3563191   0.3701435   0.3895874   0.4091158   0.4261393   0.4398305   0.4503793
   6.6804970   0.1490670   0.3323670   0.3520050   0.3553426   0.3656104   0.3815653   0.3989994   0.4151091   0.4286289   0.4394172
   6.7025448   0.1646605   0.3130016   0.3485519   0.3549669   0.3621578   0.3746639   0.3898321   0.4048030   0.4179499   0.4288259
   6.7245927   0.2744292   0.3068478   0.3467213   0.3550491   0.3594922   0.3686951   0.3815228   0.3951873   0.4077894   0.4186149
   6.7466405   0.3738004   0.3126399   0.3472120   0.3554642   0.3573426   0.3634715   0.3739725   0.3862197   0.3981362   0.4087892
   6.7686883   0.3726831   0.3267972   0.3501064   0.3560646   0.3554626   0.3588129   0.3670786   0.3778509   0.3889733   0.3993495
   6.7907362   0.3020929   0.3456026   0.3548925   0.3566556   0.3536325   0.3545523   0.3607382   0.3700271   0.3802790   0.3902929
   6.8127840   0.2795120   0.3658647   0.3606118   0.3569914   0.3516616   0.3505393   0.3548515   0.3626920   0.3720276   0.3816135
   6.8348319   0.3689763   0.3844502   0.3660786   0.3567888   0.3493898   0.3466444   0.3493246   0.3557879   0.3641910   0.3733028
   6.8568797   0.5030243   0.3980759   0.3701083   0.3557573   0.3466910   0.3427600   0.3440714   0.3492581   0.3567391   0.3653503
   6.8789276   0.5454988   0.4041370   0.3717088   0.3536358   0.3434758   0.3388023   0.3390152   0.3430479   0.3496415   0.3577442
   6.9009754   0.4565300   0.4019101   0.3702070   0.3502301   0.3396948   0.3347104   0.3340896   0.3371062   0.3428680   0.3504720
   6.9230233   0.3394739   0.3928238   0.3653038   0.3454445   0.3353397   0.3304457   0.3292391   0.3313858   0.3363895   0.3435209
   6.9450711   0.3034795   0.3793068   0.3570696   0.3393022   0.3304426   0.3259896   0.3244186   0.3258450   0.3301790   0.3368787
   6.9671190   0.3557425   0.3631244   0.3458987   0.3319511   0.3250730   0.3213408   0.3195932   0.3204476   0.3242122   0.3305339
   6.9891668   0.4121858   0.3446184   0.3324444   0.3236551   0.3193317   0.3165113   0.3147376   0.3151636   0.3184679   0.3244762
   7.0112146   0.3926499   0.3234067   0.3175473   0.3147718   0.3133414   0.3115232   0.3098347   0.3099691   0.3129287   0.3186973
   7.0332625   0.3148557   0.2997859   0.3021651   0.3057183   0.3072354   0.3064040   0.3048747   0.3048468   0.3075815   0.3131908
   7.0553103   0.2474709   0.2755470   0.2873023   0.2969302   0.3011447   0.3011830   0.2998543   0.2997858   0.3024173   0.3079525
   7.0773582   0.2066181   0.2535332   0.2739378   0.2888164   0.2951848   0.2958874   0.2947756   0.2947816   0.2974318   0.3029809
   7.0994060   0.1772327   0.2363470   0.2629498   0.2817144   0.2894438   0.2905398   0.2896455   0.2898361   0.2926255   0.2982769
   7.1214539   0.1773508   0.2252361   0.2550383   0.2758510   0.2839724   0.2851564   0.2844752   0.2849572   0.2880034   0.2938442
   7.1435017   0.2187855   0.2199733   0.2506501   0.2713131   0.2787787   0.2797459   0.2792799   0.2801587   0.2835750   0.2896891
   7.1655496   0.2552061   0.2197523   0.2499071   0.2680302   0.2738260   0.2743107   0.2740791   0.2754605   0.2793542   0.2858205
   7.1875974   0.2385671   0.2243462   0.2525473   0.2657749   0.2690371   0.2688482   0.2688970   0.2708878   0.2753592   0.2822497
   7.2096452   0.1880490   0.2345465   0.2578876   0.2641797   0.2643021   0.2633540   0.2637631   0.2664714   0.2716117   0.2789900
   7.2316931   0.1643719   0.2513840   0.2648288   0.2627719   0.2594913   0.2578261   0.2587125   0.2622468   0.2681370   0.2760571
   7.2537409   0.2051844   0.2745248   0.2719224   0.2610234   0.2544712   0.2522689   0.2537873   0.2582544   0.2649630   0.2734678
   7.2757888   0.2904522   0.3008946   0.2775163   0.2584103   0.2491215   0.2466983   0.2490366   0.2545387   0.2621202   0.2712405
   7.2978366   0.3726949   0.3245687   0.2799732   0.2544755   0.2433533   0.2411458   0.2445171   0.2511475   0.2596407   0.2693945
   7.3198845   0.4390813   0.3382716   0.2779355   0.2488875   0.2371242   0.2356626   0.2402933   0.2481316   0.2575576   0.2679495
   7.3419323   0.4847048   0.3359320   0.2705796   0.2414857   0.2304514   0.2303220   0.2364372   0.2455438   0.2559046   0.2669252
   7.3639802   0.4585448   0.3151227   0.2577983   0.2323082   0.2234190   0.2252207   0.2330272   0.2434376   0.2547149   0.2663412
   7.3860280   0.3378918   0.2782040   0.2402560   0.2215965   0.2161815   0.2204784   0.2301470   0.2418666   0.2540206   0.2662162
   7.4080758   0.1929778   0.2315995   0.2192937   0.2097779   0.2089601   0.2162350   0.2278834   0.2408826   0.2538520   0.2665679
   7.4301237   0.0996030   0.1835657   0.1967008   0.1974286   0.2020344   0.2126473   0.2263242   0.2405349   0.2542370   0.2674122
   7.4521715   0.0622041   0.1415514   0.1744103   0.1852243   0.1957298   0.2098823   0.2255555   0.2408684   0.2552001   0.2687634
   7.4742194   0.0497893   0.1103125   0.1541893   0.1738854   0.1904000   0.2081106   0.2256579   0.2419225   0.2567622   0.2706336
   7.4962672   0.0459855   0.0913633   0.1374003   0.1641247   0.1864078   0.2074982   0.2267039   0.2437300   0.2589397   0.2730327
   7.5183151   0.0516308   0.0835673   0.1248808   0.1566043   0.1841046   0.2081974   0.2287543   0.2463155   0.2617443   0.2759679
   7.5403629   0.0666292   0.0842314   0.1169583   0.1519051   0.1838096   0.2103381   0.2318548   0.2496943   0.2651825   0.2794437
   7.5624108   0.0852466   0.0901410   0.1135802   0.1505081   0.1857904   0.2140199   0.2360340   0.2538723   0.2692558   0.2834623
   7.5844586   0.1047193   0.0983096   0.1145137   0.1527840   0.1902453   0.2193045   0.2413002   0.2588449   0.2739603   0.2880229
   7.6065065   0.1244468   0.1064887   0.1195594   0.1589890   0.1972892   0.2262104   0.2476408   0.2645969   0.2792867   0.2931224
   7.6285543   0.1364692   0.1135387   0.1287190   0.1692570   0.2069423   0.2347089   0.2550212   0.2711030   0.2852214   0.2987555
   7.6506021   0.1312724   0.1196819   0.1422728   0.1835897   0.2191240   0.2447230   0.2633850   0.2783280   0.2917458   0.3049146
   7.6726500   0.1147792   0.1266014   0.1607399   0.2018388   0.2336517   0.2561285   0.2726555   0.2862280   0.2988379   0.3115905
   7.6946978   0.1066115   0.1373515   0.1847183   0.2236874   0.2502439   0.2687574   0.2827377   0.2947518   0.3064725   0.3187725
   7.7167457   0.1171870   0.1560435   0.2146326   0.2486331   0.2685305   0.2824043   0.2935214   0.3038420   0.3146222   0.3264491
   7.7387935   0.1317989   0.1871875   0.2504398   0.2759817   0.2880678   0.2968340   0.3048853   0.3134376   0.3232583   0.3346079
   7.7608414   0.1358059   0.2345169   0.2913702   0.3048605   0.3083587   0.3117921   0.3167009   0.3234755   0.3323518   0.3432366
   7.7828892   0.1610053   0.2993016   0.3357835   0.3342535   0.3288779   0.3270157   0.3288383   0.3338932   0.3418744   0.3523230
   7.8049371   0.2677298   0.3786159   0.3812069   0.3630629   0.3490995   0.3422455   0.3411703   0.3446310   0.3517996   0.3618556
   7.8269849   0.4563310   0.4644710   0.4245867   0.3901907   0.3685260   0.3572374   0.3535784   0.3556339   0.3621036   0.3718239
   7.8490327   0.6492875   0.5446909   0.4627259   0.4146326   0.3867163   0.3717738   0.3659572   0.3668543   0.3727661   0.3822185
   7.8710806   0.7944690   0.6057538   0.4928263   0.4355700   0.4033106   0.3856735   0.3782188   0.3782534   0.3837711   0.3930318
   7.8931284   0.8820563   0.6368347   0.5130078   0.4524485   0.4180502   0.3987994   0.3902969   0.3898035   0.3951077   0.4042577
   7.9151763   0.8650338   0.6335518   0.5226698   0.4650271   0.4307905   0.4110651   0.4021492   0.4014883   0.4067701   0.4158919
   7.9372241   0.7263951   0.5998525   0.5225933   0.4733938   0.4415059   0.4224373   0.4137599   0.4133047   0.4187582   0.4279316
   7.9592720   0.5411147   0.5471127   0.5147503   0.4779418   0.4502868   0.4329373   0.4251401   0.4252625   0.4310773   0.4403758
   7.9813198   0.3770090   0.4905994   0.5018690   0.4793138   0.4573296   0.4426393   0.4363283   0.4373845   0.4437381   0.4532246
   8.0033677   0.2609899   0.4445234   0.4868762   0.4783222   0.4629196   0.4516660   0.4473888   0.4497060   0.4567559   0.4664790
   8.0254155   0.2228720   0.4175616   0.4723658   0.4758598   0.4674107   0.4601834   0.4584099   0.4622734   0.4701500   0.4801404
   8.0474633   0.2902484   0.4106526   0.4602266   0.4728136   0.4712020   0.4683931   0.4695008   0.4751429   0.4839429   0.4942104
   8.0695112   0.4424236   0.4179680   0.4515032   0.4699936   0.4747148   0.4765242   0.4807879   0.4883781   0.4981590   0.5086896
   8.0915590   0.5693058   0.4305175   0.4464847   0.4680840   0.4783721   0.4848249   0.4924103   0.5020480   0.5128233   0.5235773
   8.1136069   0.5616370   0.4405458   0.4449477   0.4676198   0.4825811   0.4935533   0.5045154   0.5162240   0.5279600   0.5388705
   8.1356547   0.4622772   0.4445623   0.4464472   0.4689857   0.4877205   0.5029694   0.5172533   0.5309772   0.5435908   0.5545636
   8.1577026   0.3974606   0.4437875   0.4505545   0.4724336   0.4941324   0.5133270   0.5307719   0.5463754   0.5597335   0.5706471
   8.1797504   0.3965041   0.4423679   0.4569848   0.4781115   0.5021188   0.5248667   0.5452111   0.5624794   0.5764004   0.5871073
   8.2017983   0.4070305   0.4447876   0.4656081   0.4860975   0.5119422   0.5378096   0.5606984   0.5793408   0.5935966   0.6039252
   8.2238461   0.4113773   0.4538723   0.4763836   0.4964339   0.5238275   0.5523515   0.5773429   0.5969984   0.6113186   0.6210763
   8.2458939   0.4308621   0.4699858   0.4892765   0.5091571   0.5379662   0.5686578   0.5952315   0.6154759   0.6295532   0.6385299
   8.2679418   0.4727203   0.4912918   0.5042107   0.5243216   0.5545199   0.5868593   0.6144243   0.6347791   0.6482761   0.6562486
   8.2899896   0.5260882   0.5147036   0.5210815   0.5420171   0.5736218   0.6070471   0.6349508   0.6548942   0.6674512   0.6741879
   8.3120375   0.5798806   0.5371816   0.5398241   0.5623765   0.5953762   0.6292695   0.6568074   0.6757864   0.6870300   0.6922967
   8.3340853   0.6162049   0.5569877   0.5605062   0.5855756   0.6198553   0.6535273   0.6799546   0.6973984   0.7069513   0.7105165
   8.3561332   0.6065050   0.5743761   0.5834066   0.6118223   0.6470917   0.6797710   0.7043154   0.7196501   0.7271410   0.7287821
   8.3781810   0.5524012   0.5913279   0.6090470   0.6413364   0.6770693   0.7078970   0.7297751   0.7424392   0.7475128   0.7470218
   8.4002289   0.5211634   0.6105057   0.6381578   0.6743196   0.7097112   0.7377460   0.7561814   0.7656412   0.7679686   0.7651580
   8.4222767   0.5833023   0.6342237   0.6715812   0.7109175   0.7448672   0.7691009   0.7833457   0.7891115   0.7883996   0.7831077
   8.4443246   0.7004343   0.6642343   0.7101273   0.7511771   0.7823012   0.8016876   0.8110455   0.8126868   0.8086877   0.8007836
   8.4663724   0.7477165   0.7023124   0.7544119   0.7950022   0.8216814   0.8351761   0.8390281   0.8361883   0.8287070   0.8180948
   8.4884202   0.6896334   0.7506890   0.8047076   0.8421143   0.8625735   0.8691850   0.8670146   0.8594242   0.8483256   0.8349481
   8.5104681   0.6483024   0.8113668   0.8608376   0.8920204   0.9044397   0.9032877   0.8947063   0.8821935   0.8674079   0.8512493
   8.5325159   0.7465725   0.8844596   0.9221294   0.9439949   0.9466437   0.9370205   0.9217901   0.9042900   0.8858165   0.8669039
   8.5545638   0.9566729   0.9669030   0.9874318   0.9970779   0.9884631   0.9698942   0.9479464   0.9255065   0.9034151   0.8818192
   8.5766116   1.1448123   1.0529426   1.0551762   1.0500934   1.0291098   1.0014067   0.9728566   0.9456387   0.9200700   0.8959047
   8.5986595   1.2389041   1.1365223   1.1234535   1.1016871   1.0677562   1.0310581   0.9962107   0.9644900   0.9356534   0.9090743
   8.6207073   1.2848103   1.2141451   1.1900791   1.1503855   1.1035685   1.0583664   1.0177159   0.9818754   0.9500448   0.9212470
   8.6427552   1.3161859   1.2862146   1.2526384   1.1946729   1.1357434   1.0828840   1.0371037   0.9976258   0.9631340   0.9323482
   8.6648030   1.3091617   1.3556759   1.3085319   1.2330824   1.1635467   1.1042129   1.0541376   1.0115914   0.9748225   0.9423107
   8.6868508   1.3029732   1.4244209   1.3550663   1.2642954   1.1863506   1.1220197   1.0686191   1.0236448   0.9850253   0.9510758
   8.7088987   1.3958645   1.4894644   1.3896361   1.2872403   1.2036677   1.1360479   1.0803930   1.0336838   0.9936723   0.9585942
   8.7309465   1.6073104   1.5414828   1.4100122   1.3011807   1.2151775   1.1461268   1.0893513   1.0416334   1.0007097   0.9648261
   8.7529944   1.8458520   1.5673466   1.4147034   1.3057827   1.2207447   1.1521778   1.0954356   1.0474467   1.0061005   0.9697424
   8.7750422   1.9650278   1.5559621   1.4033056   1.3011516   1.2204266   1.1542162   1.0986375   1.0511059   1.0098246   0.9733241
   8.7970901   1.8314287   1.5043323   1.3767259   1.2878311   1.2144689   1.1523491   1.0989983   1.0526215   1.0118796   0.9755634
   8.8191379   1.4688380   1.4200905   1.3371901   1.2667629   1.2032904   1.1467696   1.0966061   1.0520320   1.0122795   0.9764625
   8.8411858   1.1137973   1.3187285   1.2879969   1.2392104   1.1874579   1.1377469   1.0915923   1.0494016   1.0110547   0.9760341
   8.8632336   0.9807316   1.2171853   1.2330568   1.2066541   1.1676526   1.1256139   1.0841259   1.0448183   1.0082506   0.9743006
   8.8852814   1.0257674   1.1277816   1.1763218   1.1706731   1.1446311   1.1107518   1.0744079   1.0383912   1.0039265   0.9712932
   8.9073293   1.0639406   1.0558614   1.1212362   1.1328254   1.1191845   1.0935745   1.0626639   1.0302471   0.9981537   0.9670517
   8.9293771   1.0250927   1.0015106   1.0703328   1.0945426   1.0920975   1.0745113   1.0491372   1.0205270   0.9910142   0.9616231
   8.9514250   0.9437809   0.9628494   1.0250480   1.0570503   1.0641111   1.0539907   1.0340809   1.0093826   0.9825982   0.9550606
   8.9734728   0.8400360   0.9378628   0.9857759   1.0213172   1.0358915   1.0324257   1.0177512   0.9969722   0.9730025   0.9474229
   8.9955207   0.7676688   0.9236973   0.9521216   0.9880369   1.0080061   1.0102008   1.0004002   0.9834574   0.9623282   0.9387724
   9.0175685   0.8271951   0.9149894   0.9232716   0.9576338   0.9809078   0.9876618   0.9822699   0.9689989   0.9506787   0.9291747
   9.0396164   1.0107301   0.9038946   0.8983751   0.9302891   0.9549286   0.9651087   0.9635873   0.9537539   0.9381577   0.9186971
   9.0616642   1.1404712   0.8831318   0.8768303   0.9059749   0.9302807   0.9427915   0.9445600   0.9378725   0.9248671   0.9074075
   9.0837121   1.0613014   0.8506025   0.8583955   0.8844921   0.9070653   0.9209089   0.9253729   0.9214951   0.9109055   0.8953733
   9.1057599   0.8171953   0.8122187   0.8430982   0.8655066   0.8852875   0.8996098   0.9061866   0.9047507   0.8963666   0.8826605
   9.1278077   0.5678815   0.7801818   0.8309861   0.8485837   0.8648753   0.8789973   0.8871357   0.8877542   0.8813375   0.8693328
   9.1498556   0.4409669   0.7668654   0.8218230   0.8332223   0.8457017   0.8591339   0.8683289   0.8706061   0.8658978   0.8554507
   9.1719034   0.5080626   0.7776019   0.8148628   0.8188908   0.8276068   0.8400478   0.8498490   0.8533906   0.8501187   0.8410710
   9.1939513   0.7582574   0.8067322   0.8088111   0.8050682   0.8104209   0.8217401   0.8317547   0.8361761   0.8340624   0.8262460
   9.2159991   1.0377296   0.8394598   0.8020143   0.7912873   0.7939833   0.8041905   0.8140811   0.8190142   0.8177815   0.8110234
   9.2380470   1.1628514   0.8585869   0.7928235   0.7771789   0.7781585   0.7873639   0.7968419   0.8019407   0.8013191   0.7954461
   9.2600948   1.1066174   0.8524131   0.7800100   0.7625106   0.7628471   0.7712140   0.7800314   0.7849760   0.7847086   0.7795518
   9.2821427   0.9446503   0.8196233   0.7630844   0.7472130   0.7479907   0.7556868   0.7636256   0.7681259   0.7679744   0.7633732
   9.3041905   0.7359378   0.7689211   0.7424122   0.7313891   0.7335710   0.7407219   0.7475848   0.7513830   0.7511325   0.7469383
   9.3262383   0.5510022   0.7141054   0.7191007   0.7153022   0.7196030   0.7262525   0.7318553   0.7347279   0.7341906   0.7302705
   9.3482862   0.4675038   0.6675132   0.6947152   0.6993427   0.7061221   0.7122042   0.7163706   0.7181310   0.7171498   0.7133891
   9.3703340   0.5099085   0.6352088   0.6709396   0.6839773   0.6931684   0.6984931   0.7010540   0.7015542   0.7000052   0.6963098
   9.3923819   0.6286850   0.6159841   0.6492936   0.6696850   0.6807679   0.6850236   0.6858196   0.6849527   0.6827473   0.6790452
   9.4144297   0.7134628   0.6040155   0.6309745   0.6568883   0.6689133   0.6716861   0.6705750   0.6682769   0.6653629   0.6616054
   9.4364776   0.6819774   0.5931825   0.6168215   0.6458870   0.6575478   0.6583561   0.6552231   0.6514748   0.6478366   0.6439990
   9.4585254   0.5816553   0.5805893   0.6073471   0.6368006   0.6465519   0.6448942   0.6396647   0.6344937   0.6301524   0.6262332
   9.4805733   0.5245742   0.5677867   0.6027613   0.6295271   0.6357365   0.6311475   0.6238009   0.6172825   0.6122943   0.6083152
   9.5026211   0.5240120   0.5596721   0.6029370   0.6237220   0.6248437   0.6169531   0.6075361   0.5997935   0.5942482   0.5902521
   9.5246689   0.5012899   0.5620009   0.6073094   0.6188018   0.6135547   0.6021432   0.5907814   0.5819847   0.5760027   0.5720521
   9.5467168   0.4492487   0.5785861   0.6147565   0.6139724   0.6015058   0.5865522   0.5734576   0.5638214   0.5575503   0.5537251
   9.5687646   0.4644544   0.6090956   0.6235316   0.6082844   0.5883114   0.5700244   0.5554985   0.5452777   0.5388881   0.5352827
   9.5908125   0.6059410   0.6482479   0.6313128   0.6007095   0.5735911   0.5524231   0.5368539   0.5263382   0.5200190   0.5167392
   9.6128603   0.8005797   0.6869197   0.6354039   0.5902343   0.5570001   0.5336393   0.5174927   0.5069991   0.5009519   0.4981115
   9.6349082   0.9080770   0.7148570   0.6330679   0.5759601   0.5382588   0.5136001   0.4974048   0.4872688   0.4817025   0.4794199
   9.6569560   0.8723310   0.7236974   0.6219326   0.5571996   0.5171795   0.4922760   0.4766036   0.4671686   0.4622931   0.4606877
   9.6790039   0.7710277   0.7088029   0.6003828   0.5335572   0.4936872   0.4696854   0.4551260   0.4467329   0.4427531   0.4419414
   9.7010517   0.7068078   0.6693510   0.5678521   0.5049827   0.4678323   0.4458980   0.4330336   0.4260085   0.4231183   0.4232109
   9.7230996   0.6957682   0.6074398   0.5249536   0.4717898   0.4397938   0.4210345   0.4104109   0.4050546   0.4034310   0.4045290
   9.7451474   0.6545582   0.5273778   0.4734203   0.4346366   0.4098736   0.3952638   0.3873646   0.3839412   0.3837394   0.3859315
   9.7671952   0.5051135   0.4355470   0.4158707   0.3944704   0.3784801   0.3687977   0.3640201   0.3627480   0.3640964   0.3674563
   9.7892431   0.2916301   0.3401794   0.3554430   0.3524425   0.3461051   0.3418827   0.3405190   0.3415627   0.3445595   0.3491438
   9.8112909   0.1223960   0.2502226   0.2953703   0.3098056   0.3132941   0.3147909   0.3170146   0.3204790   0.3251892   0.3310354
   9.8333388   0.0394043   0.1733234   0.2385728   0.2678062   0.2806145   0.2878081   0.2936674   0.2995946   0.3060483   0.3131740
   9.8553866   0.0151662   0.1139027   0.1873365   0.2275851   0.2486229   0.2612230   0.2706409   0.2790090   0.2872005   0.2956026
   9.8774345   0.0159114   0.0723997   0.1431278   0.1900971   0.2178353   0.2353152   0.2480963   0.2588211   0.2687093   0.2783641
   9.8994823   0.0230224   0.0460151   0.1065586   0.1560582   0.1887018   0.2103452   0.2261880   0.2391272   0.2506373   0.2615006
   9.9215302   0.0264562   0.0303845   0.0774863   0.1259218   0.1615881   0.1865445   0.2050596   0.2200186   0.2330444   0.2450528
   9.9435780   0.0229935   0.0212529   0.0552062   0.0998840   0.1367641   0.1641093   0.1848399   0.2015799   0.2159872   0.2290596
   9.9656258   0.0155896   0.0154903   0.0386814   0.0779111   0.1143996   0.1431946   0.1656399   0.1838871   0.1995177   0.2135572
   9.9876737   0.0083853   0.0113133   0.0267602   0.0597849   0.0945681   0.1239119   0.1475507   0.1670067   0.1836830   0.1985787
  10.0097215   0.0035003   0.0079769   0.0183435   0.0451541   0.0772547   0.1063288   0.1306419   0.1509937   0.1685239   0.1841541
  10.0317694   0.0010849   0.0052973   0.0124878   0.0335879   0.0623695   0.0904701   0.1149611   0.1358919   0.1540751   0.1703093
  10.0538172   0.0002400   0.0032682   0.0084473   0.0246232   0.0497632   0.0763217   0.1005337   0.1217328   0.1403641   0.1570663
  10.0758651   0.0000369   0.0018602   0.0056688   0.0178030   0.0392432   0.0638349   0.0873646   0.1085356   0.1274114   0.1444425
  10.0979129   0.0000039   0.0009734   0.0037615   0.0127040   0.0305904   0.0529320   0.0754387   0.0963078   0.1152302   0.1324513
  10.1199608   0.0000003   0.0004673   0.0024570   0.0089530   0.0235737   0.0435130   0.0647239   0.0850455   0.1038268   0.1211010
  10.1420086   0.0000000   0.0002056   0.0015724   0.0062346   0.0179618   0.0354612   0.0551730   0.0747342   0.0932003   0.1103960
  10.1640564   0.0000000   0.0000828   0.0009814   0.0042917   0.0135340   0.0286497   0.0467264   0.0653501   0.0833435   0.1003360
  10.1861043   0.0000000   0.0000305   0.0005951   0.0029208   0.0100863   0.0229469   0.0393147   0.0568608   0.0742429   0.0909164
  10.2081521   0.0000000   0.0000103   0.0003494   0.0019651   0.0074360   0.0182209   0.0328620   0.0492270   0.0658795   0.0821288
  10.2302000   0.0000000   0.0000032   0.0001982   0.0013066   0.0054241   0.0143440   0.0272877   0.0424034   0.0582296   0.0739610
  10.2522478   0.0000000   0.0000009   0.0001084   0.0008582   0.0039154   0.0111953   0.0225096   0.0363407   0.0512650   0.0663975
  10.2742957   0.0000000   0.0000002   0.0000571   0.0005563   0.0027973   0.0086633   0.0184454   0.0309861   0.0449539   0.0594195
  10.2963435   0.0000000   0.0000001   0.0000289   0.0003557   0.0019783   0.0066471   0.0150149   0.0262853   0.0392620   0.0530059
  10.3183914   0.0000000   0.0000000   0.0000141   0.0002241   0.0013851   0.0050571   0.0121415   0.0221829   0.0341527   0.0471330
  10.3404392   0.0000000   0.0000000   0.0000066   0.0001389   0.0009601   0.0038152   0.0097529   0.0186241   0.0295878   0.0417756
  10.3624870   0.0000000   0.0000000   0.0000030   0.0000847   0.0006590   0.0028543   0.0077822   0.0155553   0.0255286   0.0369068
  10.3845349   0.0000000   0.0000000   0.0000013   0.0000507   0.0004478   0.0021177   0.0061687   0.0129247   0.0219361   0.0324989
  10.4065827   0.0000000   0.0000000   0.0000005   0.0000298   0.0003013   0.0015583   0.0048573   0.0106830   0.0187716   0.0285232
  10.4286306   0.0000000   0.0000000   0.0000002   0.0000172   0.0002007   0.0011373   0.0037994   0.0087840   0.0159973   0.0249511
  10.4506784   0.0000000   0.0000000   0.0000001   0.0000097   0.0001323   0.0008233   0.0029523   0.0071849   0.0135764   0.0217538
  10.4727263   0.0000000   0.0000000   0.0000000   0.0000054   0.0000863   0.0005912   0.0022790   0.0058461   0.0114740   0.0189028
  10.4947741   0.0000000   0.0000000   0.0000000   0.0000029   0.0000557   0.0004211   0.0017477   0.0047318   0.0096566   0.0163703
  10.5168220   0.0000000   0.0000000   0.0000000   0.0000016   0.0000356   0.0002975   0.0013314   0.0038098   0.0080931   0.0141293
  10.5388698   0.0000000   0.0000000   0.0000000   0.0000008   0.0000225   0.0002085   0.0010077   0.0030514   0.0067542   0.0121538
  10.5609177   0.0000000   0.0000000   0.0000000   0.0000004   0.0000140   0.0001450   0.0007577   0.0024311   0.0056132   0.0104190
  10.5829655   0.0000000   0.0000000   0.0000000   0.0000002   0.0000087   0.0001000   0.0005660   0.0019268   0.0046452   0.0089014
  10.6050133   0.0000000   0.0000000   0.0000000   0.0000001   0.0000053   0.0000685   0.0004201   0.0015190   0.0038279   0.0075788
  10.6270612   0.0000000   0.0000000   0.0000000   0.0000000   0.0000032   0.0000465   0.0003098   0.0011913   0.0031411   0.0064306
  10.6491090   0.0000000   0.0000000   0.0000000   0.0000000   0.0000019   0.0000313   0.0002270   0.0009294   0.0025666   0.0054376
  10.6711569   0.0000000   0.0000000   0.0000000   0.0000000   0.0000011   0.0000209   0.0001652   0.0007212   0.0020883   0.0045821
  10.6932047   0.0000000   0.0000000   0.0000000   0.0000000   0.0000006   0.0000139   0.0001195   0.0005568   0.0016919   0.0038479
  10.7152526   0.0000000   0.0000000   0.0000000   0.0000000   0.0000004   0.0000091   0.0000859   0.0004276   0.0013649   0.0032201
  10.7373004   0.0000000   0.0000000   0.0000000   0.0000000   0.0000002   0.0000059   0.0000613   0.0003267   0.0010964   0.0026854
  10.7593483   0.0000000   0.0000000   0.0000000   0.0000000   0.0000001   0.0000038   0.0000435   0.0002482   0.0008770   0.0022317
  10.7813961   0.0000000   0.0000000   0.0000000   0.0000000   0.0000001   0.0000025   0.0000307   0.0001877   0.0006985   0.0018482
  10.8034439   0.0000000   0.0000000   0.0000000   0.0000000   0.0000000   0.0000016   0.0000215   0.0001411   0.0005540   0.0015253
  10.8254918   0.0000000   0.0000000   0.0000000   0.0000000   0.0000000   0.0000010   0.0000150   0.0001056   0.0004375   0.0012544
  10.8475396   0.0000000   0.0000000   0.0000000   0.0000000   0.0000000   0.0000006   0.0000103   0.0000786   0.0003440   0.0010280
  10.8695875   0.0000000   0.0000000   0.0000000   0.0000000   0.0000000   0.0000004   0.0000071   0.0000582   0.0002694   0.0008395
  10.8916353   0.0000000   0.0000000   0.0000000   0.0000000   0.0000000   0.0000002   0.0000049   0.0000429   0.0002100   0.0006832
  10.9136832   0.0000000   0.0000000   0.0000000   0.0000000   0.0000000   0.0000001   0.0000033   0.0000314   0.0001631   0.0005540
  10.9357310   0.0000000   0.0000000   0.0000000   0.0000000   0.0000000   0.0000001   0.0000022   0.0000229   0.0001261   0.0004477
  10.9577789   0.0000000   0.0000000   0.0000000   0.0000000   0.0000000   0.0000001   0.0000015   0.0000166   0.0000970   0.0003605
  10.9798267   0.0000000   0.0000000   0.0000000   0.0000000   0.0000000   0.0000000   0.0000010   0.0000120   0.0000744   0.0002893
  11.0018745   0.0000000   0.0000000   0.0000000   0.0000000   0.0000000   0.0000000   0.0000007   0.0000086   0.0000568   0.0002313
  11.0239224   0.0000000   0.0000000   0.0000000   0.0000000   0.0000000   0.0000000   0.0000004   0.0000061   0.0000431   0.0001843
 Integrated el-ph coupling
  #            1.2364260   1.2365805   1.2368382   1.2371998   1.2376660   1.2382376   1.2389161   1.2397026   1.2405987   1.2416050
 Phonon smearing (meV)
  #            0.0500000   0.1000000   0.1500000   0.2000000   0.2500000   0.3000000   0.3500000   0.4000000   0.4500000   0.5000000
 Electron smearing (eV)   0.0500000
 Fermi window (eV)   6.0000000
 Summed el-ph coupling    1.3150160
